Date,Open,High,Low,Close,Volume,Adj Close
2015-08-07,22.799999,22.870001,22.77,22.77,1071700,22.77
2015-08-06,22.85,22.85,22.73,22.790001,42800,22.790001
2015-08-05,22.98,22.98,22.860001,22.860001,29900,22.860001
2015-08-04,22.92,22.98,22.91,22.940001,298500,22.940001
2015-08-03,22.74,22.879999,22.74,22.790001,199500,22.790001
2015-07-31,23.17,23.17,22.93,22.950001,24600,22.950001
2015-07-30,23.219999,23.26,23.09,23.129999,22000,23.129999
2015-07-29,23.18,23.27,23.16,23.219999,158900,23.219999
2015-07-28,23.040001,23.15,22.98,23.110001,35200,23.110001
2015-07-27,22.98,23.044001,22.85,22.85,235900,22.85
2015-07-24,23.209999,23.209999,23.08,23.110001,94400,23.110001
2015-07-23,23.50,23.540001,23.299999,23.33,41200,23.33
2015-07-22,23.469999,23.66,23.469999,23.540001,18800,23.540001
2015-07-21,23.608,23.74,23.549999,23.59,141300,23.59
2015-07-20,23.629999,23.737,23.58,23.59,39500,23.59
2015-07-17,23.84,23.879999,23.75,23.82,262700,23.82
2015-07-16,24.01,24.10,23.93,23.950001,547100,23.950001
2015-07-15,24.07,24.139999,24.01,24.049999,211400,24.049999
2015-07-14,24.209999,24.280001,24.139999,24.17,121400,24.17
2015-07-13,23.620001,24.16,23.620001,24.120001,63100,24.120001
2015-07-10,24.040001,24.07,23.950001,23.959999,209100,23.959999
2015-07-09,24.01,24.08,23.923,23.950001,47600,23.950001
2015-07-08,23.790001,23.90,23.690001,23.76,121000,23.76
2015-07-07,24.030001,24.030001,23.580999,23.85,104000,23.85
2015-07-06,24.24,24.313,24.105,24.146999,28300,24.146999
2015-07-02,24.629999,24.77,24.57,24.57,1395300,24.57
2015-07-01,24.74,24.74,24.513,24.59,257400,24.59
2015-06-30,24.43,24.799999,24.40,24.790001,54500,24.790001
2015-06-29,24.709999,24.709999,24.41,24.459999,40700,24.459999
2015-06-26,24.507,24.607,24.507,24.530001,14600,24.530001
2015-06-25,24.370001,24.485001,24.32,24.440001,17700,24.440001
2015-06-24,24.40,24.50,24.40,24.440001,102100,24.440001
2015-06-23,24.290001,24.43,24.290001,24.389999,21100,24.389999
2015-06-22,24.24,24.360001,24.176001,24.33,16700,24.33
2015-06-19,24.290001,24.290001,24.148001,24.17,12600,24.17
2015-06-18,24.485001,24.52,24.382999,24.41,49400,24.41
2015-06-17,24.51,24.58,24.327,24.450001,85900,24.450001
2015-06-16,24.299999,24.42,24.299999,24.379999,45100,24.379999
2015-06-15,24.459999,24.459999,24.35,24.370001,44300,24.370001
2015-06-12,23.73,24.780001,23.73,24.549999,20400,24.549999
2015-06-11,24.870001,24.870001,24.66,24.66,23600,24.66
2015-06-10,25.190001,25.219999,24.969999,25.02,75300,25.02
2015-06-09,24.90,25.01,24.90,24.98,49300,24.98
2015-06-08,24.68,24.77,24.68,24.75,817900,24.75
2015-06-05,24.74,24.74,24.40,24.60,2010600,24.60
2015-06-04,24.709999,24.709999,24.60,24.65,28900,24.65
2015-06-03,25.120001,25.120001,24.74,24.77,57400,24.77
2015-06-02,24.809999,25.00,24.75,25.00,190300,25.00
2015-06-01,24.709999,24.74,24.620001,24.709999,50400,24.709999
2015-05-29,24.540001,24.60,24.502001,24.57,69200,24.57
2015-05-28,24.52,24.57,24.431999,24.57,27500,24.57
2015-05-27,24.559999,24.709999,24.518,24.542999,40000,24.542999
2015-05-26,25.10,25.10,24.620001,24.65,26100,24.65
2015-05-22,25.18,25.209999,25.02,25.09,290900,25.09
2015-05-21,25.299999,25.43,25.299999,25.370001,67600,25.370001
2015-05-20,25.27,25.280001,25.16,25.200001,58500,25.200001
2015-05-19,25.889999,25.889999,25.209999,25.27,70000,25.27
2015-05-18,25.780001,25.809999,25.66,25.76,73100,25.76
2015-05-15,25.59,25.719999,25.530001,25.719999,105500,25.719999
2015-05-14,25.629999,25.629999,25.440001,25.60,95500,25.60
2015-05-13,25.48,25.959999,25.200001,25.370001,40300,25.370001
2015-05-12,25.309999,25.469999,25.280001,25.440001,206100,25.440001
2015-05-11,25.25,25.25,25.129999,25.209999,2085400,25.209999
2015-05-08,25.280001,25.280001,25.00,25.26,50600,25.26
2015-05-07,25.02,25.059999,24.700001,24.969999,31900,24.969999
2015-05-06,25.07,25.339001,25.049999,25.10,190000,25.10
2015-05-05,25.040001,25.17,25.040001,25.09,34000,25.09
2015-05-04,25.129999,25.129999,24.799999,24.91,24800,24.91
2015-05-01,24.959999,24.969999,24.77,24.879999,63200,24.879999
2015-04-30,24.93,25.01,24.867001,24.99,94100,24.99
2015-04-29,24.530001,24.889999,24.530001,24.843,144500,24.843
2015-04-28,24.59,24.669001,24.563999,24.610001,43300,24.610001
2015-04-27,24.709999,24.709999,24.50,24.540001,21900,24.540001
2015-04-24,24.48,24.59,24.451,24.51,48100,24.51
2015-04-23,24.209999,24.440001,24.15,24.360001,32400,24.360001
2015-04-22,24.25,24.25,24.08,24.09,162500,24.09
2015-04-21,24.16,24.25,24.07,24.17,50500,24.17
2015-04-20,24.610001,24.610001,24.120001,24.15,18100,24.15
2015-04-17,24.48,24.530001,24.290001,24.370001,48000,24.370001
2015-04-16,24.398001,24.540001,24.309999,24.52,33600,24.52
2015-04-15,24.370001,24.370001,24.23,24.290001,14600,24.290001
2015-04-14,24.15,24.23,24.15,24.200001,34000,24.200001
2015-04-13,24.219999,24.219999,24.049999,24.10,52300,24.10
2015-04-10,24.280001,24.308001,24.16,24.23,16400,24.23
2015-04-09,24.26,24.26,24.110001,24.110001,20300,24.110001
2015-04-08,24.48,24.530001,24.190001,24.219999,41200,24.219999
2015-04-07,24.57,24.629999,24.51,24.51,39300,24.51
2015-04-06,24.559999,24.749001,24.530001,24.60,78800,24.60
2015-04-02,24.34,24.506001,24.34,24.42,23500,24.42
2015-04-01,24.469999,24.469999,24.030001,24.32,180800,24.32
2015-03-31,24.16,24.280001,24.00,24.079,115500,24.079
2015-03-30,24.309999,24.370001,24.110001,24.17,32500,24.17
2015-03-27,24.440001,24.450001,24.299999,24.34,33400,24.34
2015-03-26,24.459999,24.679001,24.459999,24.58,27800,24.58
2015-03-25,24.610001,24.610001,24.440001,24.459999,27900,24.459999
2015-03-24,24.959999,24.959999,24.48,24.559999,47500,24.559999
2015-03-23,24.58,24.870001,24.58,24.83,26900,24.83
2015-03-20,24.389999,24.59,24.389999,24.530001,20100,24.530001
2015-03-19,24.26,24.26,24.098,24.129999,40200,24.129999
2015-03-18,23.98,24.370001,23.886999,24.33,535500,24.33
2015-03-17,24.059999,24.15,23.926001,24.08,67200,24.08
2015-03-16,24.200001,24.24,24.00,24.23,195900,24.23
2015-03-13,24.48,24.48,24.10,24.120001,72100,24.120001
2015-03-12,24.469999,24.48,24.309999,24.389999,38000,24.389999
2015-03-11,24.610001,24.617001,24.360001,24.459999,45000,24.459999
2015-03-10,24.58,24.60,24.506001,24.521,27200,24.521
2015-03-09,24.799999,24.889999,24.690001,24.690001,33800,24.690001
2015-03-06,24.74,24.84,24.639999,24.82,38500,24.82
2015-03-05,24.969999,24.969999,24.809999,24.85,906600,24.85
2015-03-04,24.65,24.93,24.59,24.83,44300,24.83
2015-03-03,24.879999,24.879999,24.68,24.700001,54400,24.700001
2015-03-02,25.26,25.26,24.870001,24.92,44200,24.92
2015-02-27,25.08,25.209,25.047001,25.09,47300,25.09
2015-02-26,25.040001,25.101,24.99,25.08,35800,25.08
2015-02-25,25.17,25.17,25.016001,25.110001,39600,25.110001
2015-02-24,25.16,25.280001,25.10,25.120001,30200,25.120001
2015-02-23,25.09,25.18,24.99,25.040001,27400,25.040001
2015-02-20,25.299999,25.32,25.07,25.10,46300,25.10
2015-02-19,25.10,25.266001,25.087,25.200001,23700,25.200001
2015-02-18,25.25,25.33,25.120001,25.23,66800,25.23
2015-02-17,25.23,25.379999,25.139999,25.379999,29000,25.379999
2015-02-13,25.799999,25.799999,25.34,25.57,31500,25.57
2015-02-12,25.16,25.309999,25.031,25.309999,19300,25.309999
2015-02-11,25.700001,25.700001,24.870001,25.030001,28700,25.030001
2015-02-10,25.33,25.33,24.99,25.059999,26900,25.059999
2015-02-09,25.23,25.466,25.23,25.360001,20500,25.360001
2015-02-06,25.139999,25.299999,25.139,25.25,97500,25.25
2015-02-05,24.93,25.132999,24.93,25.104,64700,25.104
2015-02-04,25.27,25.27,24.910999,24.98,116200,24.98
2015-02-03,24.85,25.472,24.85,25.429001,90600,25.429001
2015-02-02,25.110001,25.110001,24.841,24.950001,654900,24.950001
2015-01-30,25.07,25.07,24.50,24.861,38100,24.861
2015-01-29,24.870001,24.870001,24.579,24.65,81900,24.65
2015-01-28,24.99,25.08,24.82,24.879999,244900,24.879999
2015-01-27,25.10,25.10,24.860001,24.99,81700,24.99
2015-01-26,25.32,25.32,24.77,24.90,250100,24.90
2015-01-23,24.889999,24.99,24.85,24.85,133600,24.85
2015-01-22,25.280001,25.280001,25.030001,25.16,80500,25.16
2015-01-21,25.879999,25.879999,25.18,25.32,100100,25.32
2015-01-20,25.870001,25.870001,25.157,25.277,216000,25.277
2015-01-16,25.389999,25.65,25.299999,25.639999,143900,25.639999
2015-01-15,25.85,27.139999,25.129999,25.51,48000,25.51
2015-01-14,25.629999,25.709,25.43,25.639999,31400,25.639999
2015-01-13,26.24,26.24,25.424,25.587999,122400,25.587999
2015-01-12,26.110001,26.110001,25.83,25.889999,49400,25.889999
2015-01-09,26.450001,26.450001,26.146,26.26,27900,26.26
2015-01-08,26.49,26.49,26.091,26.261,238700,26.261
2015-01-07,26.323999,26.360001,26.17,26.219999,32700,26.219999
2015-01-06,26.66,26.66,26.16,26.239,55200,26.239
2015-01-05,26.870001,26.870001,26.181999,26.27,59800,26.27
2015-01-02,26.15,26.23,26.09,26.15,45600,26.15
2014-12-31,26.379999,26.43,26.209999,26.290001,168300,26.290001
2014-12-30,26.57,26.73,26.549999,26.58,79900,26.58
2014-12-29,26.75,26.809999,26.524,26.629999,61300,26.629999
2014-12-26,26.52,26.790001,26.52,26.67,68800,26.67
2014-12-24,26.75,26.799999,26.629999,26.65,23100,26.65
2014-12-23,26.799999,26.99,26.799999,26.90,100900,26.90
2014-12-22,27.49,27.49,26.860001,26.860001,164600,26.860001
2014-12-19,27.059999,27.27,27.059999,27.243,33300,27.243
2014-12-18,27.209999,27.306,27.00,27.082001,95700,27.082001
2014-12-17,27.309999,27.309999,26.790001,26.99,233700,26.99
2014-12-16,27.059999,27.43,27.00,27.049999,197200,27.049999
2014-12-15,27.41,27.68,27.26,27.26,43900,27.26
2014-12-12,27.49,27.549999,27.43,27.469999,54200,27.469999
2014-12-11,27.59,27.719999,27.486,27.52,44800,27.52
2014-12-10,27.889999,27.889999,27.549999,27.65,46700,27.65
2014-12-09,27.700001,27.98,27.700001,27.940001,46900,27.940001
2014-12-08,27.799999,27.819,27.57,27.60,183100,27.60
2014-12-05,27.954,28.030001,27.868,27.950001,31700,27.950001
2014-12-04,28.02,28.059999,27.91,27.93,143200,27.93
2014-12-03,27.85,28.049999,27.83,27.940001,166000,27.940001
2014-12-02,28.540001,28.75,27.92,27.98,44600,27.98
2014-12-01,27.620001,28.440001,27.610001,28.40,47000,28.40
2014-11-28,28.52,28.57,28.030001,28.030001,20500,28.030001
2014-11-26,29.18,29.27,29.120001,29.16,153700,29.16
2014-11-25,29.280001,29.309999,29.10,29.27,29500,29.27
2014-11-24,29.25,29.370001,29.110001,29.17,124600,29.17
2014-11-21,29.290001,29.42,29.15,29.24,117600,29.24
2014-11-20,29.129999,29.190001,28.98,29.09,205200,29.09
2014-11-19,29.129999,29.26,29.030001,29.08,100400,29.08
2014-11-18,29.02,29.02,28.82,28.85,66200,28.85
2014-11-17,28.91,29.15,28.889999,29.059999,30600,29.059999
2014-11-14,28.66,29.200001,28.66,29.044001,637200,29.044001
2014-11-13,29.059999,29.16,28.68,28.77,32400,28.77
2014-11-12,29.08,29.290001,28.99,29.040001,62600,29.040001
2014-11-11,28.73,29.129999,28.68,29.02,38600,29.02
2014-11-10,29.01,29.120001,28.709999,28.709999,20300,28.709999
2014-11-07,28.790001,29.10,28.27,29.01,29500,29.01
2014-11-06,28.629999,28.93,28.60,28.93,150500,28.93
2014-11-05,28.82,28.82,28.48,28.67,74700,28.67
2014-11-04,28.82,28.84,28.690001,28.76,53600,28.76
2014-11-03,29.110001,29.23,28.98,29.049999,45800,29.049999
2014-10-31,28.91,29.18,28.879999,29.129999,102700,29.129999
2014-10-30,29.34,29.34,29.10,29.18,663500,29.18
2014-10-29,29.370001,29.639999,29.370001,29.559999,36800,29.559999
2014-10-28,29.16,29.290001,29.120001,29.27,60800,29.27
2014-10-27,28.950001,28.959999,28.620001,28.950001,33400,28.950001
2014-10-24,29.15,29.15,28.73,28.82,60000,28.82
2014-10-23,28.82,29.00,28.780001,28.99,16200,28.99
2014-10-22,28.92,29.059999,28.67,28.709999,38400,28.709999
2014-10-21,28.879999,29.00,28.82,28.99,61100,28.99
2014-10-20,28.790001,28.790001,28.629999,28.76,185100,28.76
2014-10-17,29.139999,29.139999,29.00,29.00,30300,29.00
2014-10-16,28.91,29.25,28.74,29.08,62400,29.08
2014-10-15,29.110001,29.280001,28.950001,28.98,49000,28.98
2014-10-14,29.48,29.51,29.299999,29.35,31700,29.35
2014-10-13,29.41,29.59,29.33,29.52,29600,29.52
2014-10-10,29.41,29.620001,29.290001,29.469999,39400,29.469999
2014-10-09,29.67,29.77,29.459999,29.459999,45400,29.459999
2014-10-08,29.73,29.75,29.530001,29.610001,91900,29.610001
2014-10-07,29.809999,29.92,29.709999,29.77,33800,29.77
2014-10-06,29.49,29.809999,29.43,29.809999,37300,29.809999
2014-10-03,29.370001,29.370001,29.190001,29.209999,73300,29.209999
2014-10-02,29.40,29.40,29.190001,29.379999,97600,29.379999
2014-10-01,29.25,29.530001,29.25,29.280001,79600,29.280001
2014-09-30,29.639999,29.67,29.219999,29.290001,37400,29.290001
2014-09-29,29.540001,29.76,29.530001,29.629999,43000,29.629999
2014-09-26,29.540001,29.60,29.440001,29.60,42900,29.60
2014-09-25,29.52,29.559999,29.309999,29.549999,244000,29.549999
2014-09-24,29.450001,29.76,29.42,29.75,40400,29.75
2014-09-23,29.559999,29.559999,29.43,29.49,163800,29.49
2014-09-22,29.59,29.59,29.34,29.450001,2777700,29.450001
2014-09-19,29.99,29.99,29.676001,29.74,368800,29.74
2014-09-18,30.299999,30.299999,30.09,30.16,38600,30.16
2014-09-17,30.459999,30.540001,30.440001,30.450001,22300,30.450001
2014-09-16,30.379999,30.639999,30.309999,30.59,63900,30.59
2014-09-15,30.299999,30.42,30.299999,30.35,30300,30.35
2014-09-12,30.450001,30.469999,30.32,30.389999,34000,30.389999
2014-09-11,30.58,30.610001,30.389999,30.60,46000,30.60
2014-09-10,31.059999,31.059999,30.799999,30.85,22900,30.85
2014-09-09,31.309999,31.309999,31.120001,31.190001,49700,31.190001
2014-09-08,31.35,31.469999,31.25,31.469999,33200,31.469999
2014-09-05,31.51,31.57,31.445,31.57,139400,31.57
2014-09-04,31.66,31.68,31.48,31.52,80800,31.52
2014-09-03,31.83,31.83,31.559999,31.666,118400,31.666
2014-09-02,31.940001,31.940001,31.700001,31.75,2163200,31.75
2014-08-29,32.169998,32.169998,32.00,32.09,87900,32.09
2014-08-28,32.169998,32.18,32.029999,32.110001,51800,32.110001
2014-08-27,32.00,32.00,31.85,31.99,123100,31.99
2014-08-26,31.950001,31.950001,31.75,31.889999,101900,31.889999
2014-08-25,31.799999,31.799999,31.700001,31.719999,59800,31.719999
2014-08-22,31.870001,31.90,31.790001,31.83,113800,31.83
2014-08-21,31.68,31.809999,31.65,31.780001,66500,31.780001
2014-08-20,31.76,31.76,31.530001,31.66,76400,31.66
2014-08-19,31.719999,31.719999,31.540001,31.690001,82900,31.690001
2014-08-18,31.719999,31.76,31.66,31.690001,59000,31.690001
2014-08-15,31.76,31.98,31.690001,31.93,57700,31.93
2014-08-14,32.299999,32.299999,31.67,31.77,126300,31.77
2014-08-13,32.009998,32.009998,31.76,31.84,56800,31.84
2014-08-12,32.060001,32.060001,31.889999,31.93,41400,31.93
2014-08-11,31.99,32.200001,31.99,32.200001,33000,32.200001
2014-08-08,32.84,32.84,31.92,31.93,80300,31.93
2014-08-07,32.34,32.34,32.16,32.279999,26400,32.279999
2014-08-06,32.099998,32.41,32.099998,32.41,50000,32.41
2014-08-05,32.07,32.080002,31.940001,32.00,24100,32.00
2014-08-04,32.09,32.310001,32.060001,32.220001,26400,32.220001
2014-08-01,32.25,32.389999,31.889999,31.90,48600,31.90
2014-07-31,32.23,32.310001,32.139999,32.220001,52000,32.220001
2014-07-30,32.259998,32.279999,32.16,32.189999,28300,32.189999
2014-07-29,32.25,32.25,32.060001,32.189999,36600,32.189999
2014-07-28,32.919998,32.919998,32.259998,32.389999,22000,32.389999
2014-07-25,32.200001,32.459999,32.169998,32.459999,70700,32.459999
2014-07-24,32.509998,32.509998,32.209999,32.259998,51800,32.259998
2014-07-23,32.09,32.66,32.09,32.349998,49100,32.349998
2014-07-22,32.380001,32.380001,32.09,32.119999,37500,32.119999
2014-07-21,32.169998,32.310001,32.150002,32.299999,30200,32.299999
2014-07-18,32.43,32.509998,32.259998,32.259998,39500,32.259998
2014-07-17,32.459999,32.73,32.32,32.639999,59000,32.639999
2014-07-16,32.52,32.529999,32.369999,32.419998,50800,32.419998
2014-07-15,32.43,32.439999,32.259998,32.330002,25500,32.330002
2014-07-14,32.43,32.639999,32.34,32.639999,82700,32.639999
2014-07-11,33.91,33.91,32.509998,32.509998,47500,32.509998
2014-07-10,32.98,33.00,32.799999,32.93,34600,32.93
2014-07-09,33.150002,33.150002,32.91,33.029999,143300,33.029999
2014-07-08,33.290001,33.32,33.119999,33.23,36500,33.23
2014-07-07,33.459999,33.470001,33.080002,33.23,70900,33.23
2014-07-03,33.619999,33.740002,33.580002,33.73,39400,33.73
2014-07-02,33.700001,33.77,33.599998,33.73,55300,33.73
2014-07-01,33.77,33.77,33.599998,33.669998,72700,33.669998
2014-06-30,33.860001,33.939999,33.700001,33.779999,108200,33.779999
2014-06-27,34.18,34.18,33.91,33.990002,54400,33.990002
2014-06-26,34.029999,34.150002,33.950001,34.049999,135000,34.049999
2014-06-25,33.869999,34.139999,33.869999,34.130001,66300,34.130001
2014-06-24,33.959999,33.959999,33.849998,33.900002,61100,33.900002
2014-06-23,34.16,34.16,33.919998,33.98,615000,33.98
2014-06-20,34.049999,34.169998,34.040001,34.139999,50900,34.139999
2014-06-19,33.849998,34.080002,33.830002,34.049999,54300,34.049999
2014-06-18,33.68,33.84,33.669998,33.75,42900,33.75
2014-06-17,36.00,36.00,33.490002,33.700001,132200,33.700001
2014-06-16,33.77,33.77,33.59,33.639999,110700,33.639999
2014-06-13,34.970001,36.00,33.509998,33.610001,117700,33.610001
2014-06-12,33.18,33.470001,33.150002,33.470001,96400,33.470001
2014-06-11,33.279999,33.349998,33.029999,33.099998,43700,33.099998
2014-06-10,33.32,33.369999,33.139999,33.25,54300,33.25
2014-06-09,33.43,33.43,33.310001,33.389999,41400,33.389999
2014-06-06,33.259998,33.450001,33.23,33.450001,75200,33.450001
2014-06-05,33.189999,33.279999,33.119999,33.209999,59300,33.209999
2014-06-04,33.240002,33.279999,33.130001,33.189999,45000,33.189999
2014-06-03,34.689999,34.689999,33.150002,33.18,85500,33.18
2014-06-02,33.150002,33.459999,33.07,33.419998,73900,33.419998
2014-05-30,33.599998,33.610001,33.389999,33.50,64400,33.50
2014-05-29,33.709999,33.82,33.709999,33.759998,67500,33.759998
2014-05-28,33.759998,33.82,33.630001,33.790001,67200,33.790001
2014-05-27,33.93,33.93,33.75,33.82,74900,33.82
2014-05-23,34.07,34.07,33.93,33.98,67300,33.98
2014-05-22,34.119999,34.16,33.93,34.00,93000,34.00
2014-05-21,34.110001,34.200001,34.049999,34.080002,309500,34.080002
2014-05-20,34.099998,34.259998,34.029999,34.119999,17200,34.119999
2014-05-19,34.209999,34.220001,34.110001,34.150002,64200,34.150002
2014-05-16,34.189999,34.200001,34.009998,34.029999,15100,34.029999
2014-05-15,34.389999,34.419998,34.23,34.310001,30700,34.310001
2014-05-14,34.419998,34.43,34.330002,34.419998,77900,34.419998
2014-05-13,34.360001,34.50,34.23,34.32,61100,34.32
2014-05-12,34.23,34.330002,34.189999,34.330002,72100,34.330002
2014-05-09,34.349998,34.369999,34.029999,34.110001,49300,34.110001
2014-05-08,34.490002,34.490002,34.349998,34.380001,25400,34.380001
2014-05-07,34.700001,34.700001,34.59,34.639999,132500,34.639999
2014-05-06,34.880001,34.919998,34.715,34.720001,101200,34.720001
2014-05-05,35.00,35.00,34.619999,34.709999,33600,34.709999
2014-05-02,34.529999,34.709999,34.459999,34.619999,37800,34.619999
2014-05-01,34.52,34.529999,34.419998,34.48,55600,34.48
2014-04-30,34.919998,34.919998,34.560001,34.68,48900,34.68
2014-04-29,34.59,34.959999,34.48,34.48,13300,34.48
2014-04-28,34.82,34.889999,34.650002,34.740002,24400,34.740002
2014-04-25,35.25,35.25,34.73,34.77,24200,34.77
2014-04-24,37.330002,37.330002,34.799999,34.900002,110700,34.900002
2014-04-23,34.959999,34.959999,34.650002,34.68,73700,34.68
2014-04-22,34.549999,34.689999,34.470001,34.669998,23400,34.669998
2014-04-21,34.509998,34.509998,34.310001,34.310001,54000,34.310001
2014-04-17,34.240002,34.68,34.189999,34.68,43300,34.68
2014-04-16,34.450001,34.470001,34.240002,34.259998,69100,34.259998
2014-04-15,34.18,34.299999,34.130001,34.220001,37500,34.220001
2014-04-14,34.349998,34.470001,34.32,34.43,22700,34.43
2014-04-11,34.290001,34.34,34.189999,34.189999,113300,34.189999
2014-04-10,34.349998,34.43,34.32,34.34,80900,34.34
2014-04-09,34.139999,34.310001,34.00,34.25,22100,34.25
2014-04-08,34.139999,34.650002,34.099998,34.240002,86200,34.240002
2014-04-07,33.919998,34.040001,33.869999,34.02,29600,34.02
2014-04-04,33.849998,33.889999,33.82,33.889999,47700,33.889999
2014-04-03,33.639999,33.799999,33.639999,33.799999,20300,33.799999
2014-04-02,33.950001,33.950001,33.639999,33.700001,27600,33.700001
2014-04-01,34.060001,34.080002,33.779999,33.860001,41300,33.860001
2014-03-31,34.200001,34.23,33.990002,34.119999,12300,34.119999
2014-03-28,34.459999,34.509998,34.360001,34.389999,37200,34.389999
2014-03-27,34.080002,34.380001,34.080002,34.360001,60600,34.360001
2014-03-26,33.990002,34.009998,33.810001,33.91,19400,33.91
2014-03-25,34.02,34.029999,33.900002,33.950001,26300,33.950001
2014-03-24,33.860001,33.950001,33.790001,33.790001,15400,33.790001
2014-03-21,33.970001,33.970001,33.799999,33.830002,17500,33.830002
2014-03-20,34.110001,34.259998,33.880001,33.919998,36300,33.919998
2014-03-19,34.080002,34.439999,34.040001,34.349998,15000,34.349998
2014-03-18,34.110001,34.290001,34.07,34.259998,14400,34.259998
2014-03-17,34.169998,34.259998,34.099998,34.110001,16900,34.110001
2014-03-14,34.290001,34.330002,34.23,34.27,14200,34.27
2014-03-13,34.32,34.32,34.110001,34.150002,5500,34.150002
2014-03-12,34.130001,34.34,34.130001,34.259998,7300,34.259998
2014-03-11,34.580002,34.599998,34.34,34.400002,15300,34.400002
2014-03-10,34.490002,34.650002,34.330002,34.349998,31100,34.349998
2014-03-07,34.369999,34.43,34.349998,34.43,15300,34.43
2014-03-06,34.279999,34.43,34.279999,34.349998,55500,34.349998
2014-03-05,34.150002,34.389999,34.07,34.310001,10400,34.310001
2014-03-04,34.220001,34.240002,34.07,34.119999,45100,34.119999
2014-03-03,34.130001,34.459999,34.130001,34.439999,29700,34.439999
2014-02-28,33.790001,33.869999,33.790001,33.799999,6800,33.799999
2014-02-27,33.860001,33.900002,33.720001,33.720001,4600,33.720001
2014-02-26,33.689999,33.740002,33.57,33.73,7700,33.73
2014-02-25,33.810001,33.98,33.66,33.810001,13200,33.810001
2014-02-24,33.82,33.959999,33.82,33.959999,10200,33.959999
2014-02-21,33.689999,33.84,33.580002,33.68,7500,33.68
2014-02-20,36.240002,36.240002,33.119999,33.669998,17800,33.669998
2014-02-19,33.450001,33.740002,33.400002,33.57,30200,33.57
2014-02-18,33.02,33.419998,33.02,33.419998,9900,33.419998
2014-02-14,32.630001,32.810001,32.52,32.709999,13600,32.709999
2014-02-13,32.200001,32.419998,32.200001,32.41,17600,32.41
2014-02-12,32.32,32.389999,32.189999,32.299999,11100,32.299999
2014-02-11,31.959999,32.189999,31.959999,32.110001,13100,32.110001
2014-02-10,32.150002,32.290001,31.84,31.90,36400,31.90
2014-02-07,31.959999,32.130001,31.889999,32.040001,1998700,32.040001
2014-02-06,32.029999,32.029999,31.709999,31.75,3900,31.75
2014-02-05,31.66,31.85,31.66,31.85,2000,31.85
2014-02-04,31.50,31.66,31.450001,31.639999,9200,31.639999
2014-02-03,31.43,31.440001,31.43,31.440001,7700,31.440001
2014-01-31,31.01,31.059999,30.92,30.99,17500,30.99
2014-01-30,31.139999,31.139999,31.139999,31.139999,400,31.139999
2014-01-29,30.82,30.85,30.82,30.85,1000,30.85
2014-01-28,30.629999,30.68,30.58,30.68,1200,30.68
2014-01-27,30.690001,30.690001,30.42,30.42,5000,30.42
2014-01-24,30.700001,30.700001,30.700001,30.700001,700,30.700001
2014-01-23,30.35,30.35,30.34,30.34,800,30.34
2014-01-22,30.08,30.139999,30.08,30.139999,1300,30.139999
2014-01-21,30.059999,30.059999,29.74,29.83,55700,29.83
2014-01-17,29.93,29.99,29.90,29.93,5800,29.93
2014-01-16,30.25,30.25,30.110001,30.120001,1300,30.120001
2014-01-15,30.02,30.02,30.02,30.02,100,30.02
2014-01-14,29.91,29.959999,29.91,29.950001,5600,29.950001
2014-01-13,29.639999,29.84,29.639999,29.799999,12300,29.799999
2014-01-10,29.809999,29.809999,29.549999,29.549999,43600,29.549999
2014-01-09,29.52,29.52,29.360001,29.360001,1000,29.360001
2014-01-08,29.76,29.76,29.76,29.76,000,29.76
2014-01-07,29.90,29.90,29.76,29.76,3800,29.76
2014-01-06,29.90,29.91,29.90,29.91,1800,29.91
2014-01-03,29.67,29.780001,29.530001,29.780001,52300,29.780001
2014-01-02,29.799999,29.799999,29.65,29.65,5100,29.65
2013-12-31,30.049999,30.049999,30.049999,30.049999,1000,30.049999
2013-12-30,30.35,30.360001,30.309999,30.309999,900,30.309999
2013-12-27,30.40,30.40,30.40,30.40,100,30.40
2013-12-26,30.59,30.59,30.59,30.59,000,30.59
2013-12-24,30.52,30.59,30.52,30.59,200,30.59
2013-12-23,30.59,30.59,30.35,30.40,2200,30.40
2013-12-20,30.129999,30.129999,30.129999,30.129999,000,30.129999
2013-12-19,30.190001,30.190001,30.129999,30.129999,15000,30.129999
2013-12-18,30.25,30.25,30.190001,30.190001,3800,30.190001
2013-12-17,30.129999,30.129999,30.129999,30.129999,900,30.129999
2013-12-16,29.98,29.98,29.98,29.98,000,29.98
2013-12-13,29.98,29.98,29.98,29.98,000,29.98
2013-12-12,29.98,29.98,29.98,29.98,600,29.98
2013-12-11,30.00,30.00,29.92,30.00,2300,30.00
2013-12-10,29.75,29.75,29.75,29.75,000,29.75
2013-12-09,29.68,29.75,29.68,29.75,1100,29.75
2013-12-06,29.559999,29.559999,29.549999,29.549999,200,29.549999
2013-12-05,29.40,29.469999,29.370001,29.469999,2200,29.469999
2013-12-04,29.389999,29.58,29.389999,29.52,500,29.52
2013-12-03,29.33,29.33,29.33,29.33,100,29.33
2013-12-02,29.51,29.51,29.51,29.51,300,29.51
2013-11-29,29.379999,29.459999,29.379999,29.459999,2500,29.459999
2013-11-27,29.26,29.299999,29.26,29.299999,2800,29.299999
2013-11-26,29.370001,29.379999,29.370001,29.379999,2400,29.379999
2013-11-25,29.24,29.33,29.24,29.33,4200,29.33
2013-11-22,29.280001,29.280001,29.280001,29.280001,700,29.280001
2013-11-21,29.139999,29.139999,29.139999,29.139999,200,29.139999
2013-11-20,29.139999,29.139999,29.139999,29.139999,000,29.139999
2013-11-19,29.139999,29.139999,29.139999,29.139999,000,29.139999
2013-11-18,29.139999,29.139999,29.139999,29.139999,200,29.139999
2013-11-15,29.10,29.10,29.040001,29.040001,800,29.040001
2013-11-14,28.879999,29.01,28.85,29.01,700,29.01
2013-11-13,29.059999,29.059999,29.059999,29.059999,1100,29.059999
2013-11-12,29.120001,29.120001,29.120001,29.120001,000,29.120001
2013-11-11,29.09,29.120001,29.09,29.120001,700,29.120001
2013-11-08,28.959999,28.959999,28.959999,28.959999,000,28.959999
2013-11-07,29.040001,29.040001,28.959999,28.959999,1600,28.959999
2013-11-06,29.040001,29.040001,29.00,29.00,3600,29.00
2013-11-05,28.889999,28.940001,28.889999,28.940001,1200,28.940001
2013-11-04,28.93,28.940001,28.90,28.90,15400,28.90
2013-11-01,29.129999,29.129999,29.07,29.08,700,29.08
2013-10-31,29.610001,29.610001,29.610001,29.610001,000,29.610001
2013-10-30,29.73,29.73,29.610001,29.610001,4900,29.610001
2013-10-29,29.68,29.68,29.66,29.66,700,29.66
2013-10-28,29.76,29.76,29.73,29.73,300,29.73
2013-10-25,29.870001,29.940001,29.870001,29.92,5200,29.92
2013-10-24,29.719999,29.77,29.719999,29.77,1800,29.77
2013-10-23,29.91,29.91,29.889999,29.889999,600,29.889999
