Date,Open,High,Low,Close,Volume,Adj Close
2015-08-07,9.82,9.87,9.80,9.86,5000,9.86
2015-08-06,9.55,9.86,9.55,9.75,2000,9.75
2015-08-05,9.87,9.87,9.45,9.45,500,9.45
2015-08-04,9.69,9.69,9.47,9.47,4200,9.47
2015-08-03,9.60,9.72,9.60,9.72,600,9.72
2015-07-31,10.04,10.04,9.47,9.47,400,9.47
2015-07-30,9.53,9.55,9.47,9.55,1000,9.55
2015-07-29,9.62,10.10,9.62,9.79,1300,9.79
2015-07-28,9.68,9.71,9.48,9.71,2600,9.71
2015-07-27,9.77,9.77,9.49,9.52,1200,9.52
2015-07-24,9.73,9.80,9.69,9.69,1000,9.69
2015-07-23,9.86,9.86,9.86,9.86,600,9.86
2015-07-22,9.50,9.92,9.50,9.84,13100,9.84
2015-07-21,9.14,9.69,9.14,9.57,5800,9.57
2015-07-20,9.16,9.16,9.10,9.15,900,9.15
2015-07-17,9.08,9.15,9.06,9.06,4400,9.06
2015-07-16,8.90,8.96,8.90,8.96,1000,8.96
2015-07-15,8.36,8.63,8.36,8.63,600,8.63
2015-07-14,8.87,8.87,8.30,8.37,900,8.37
2015-07-13,9.11,9.11,8.70,8.89,1200,8.89
2015-07-10,9.02,9.02,8.77,8.77,3100,8.77
2015-07-09,8.47,8.73,8.47,8.73,1100,8.73
2015-07-08,8.52,8.52,8.51,8.52,1200,8.52
2015-07-07,8.70,8.70,8.70,8.70,000,8.70
2015-07-06,8.70,8.70,8.70,8.70,200,8.70
2015-07-02,8.89,8.89,8.78,8.78,800,8.78
2015-07-01,8.80,9.00,8.80,8.94,2400,8.94
2015-06-30,8.62,8.75,8.59,8.72,9100,8.72
2015-06-29,8.96,8.96,8.91,8.91,500,8.91
2015-06-26,8.37,8.37,8.37,8.37,000,8.37
2015-06-25,8.45,8.57,8.37,8.37,2200,8.37
2015-06-24,8.24,8.43,8.24,8.43,4400,8.43
2015-06-23,7.89,8.24,7.89,8.22,2200,8.22
2015-06-22,7.85,7.90,7.85,7.90,700,7.90
2015-06-19,7.95,8.03,7.95,8.03,1200,8.03
2015-06-18,8.20,8.20,8.20,8.20,000,8.20
2015-06-17,7.99,8.20,7.78,8.20,1500,8.20
2015-06-16,7.98,7.98,7.80,7.83,15600,7.83
2015-06-15,8.28,8.28,8.28,8.28,000,8.28
2015-06-12,8.28,8.28,8.28,8.28,000,8.28
2015-06-11,8.20,8.28,8.19,8.28,4700,8.28
2015-06-10,8.20,8.29,8.19,8.19,2300,8.19
2015-06-09,7.89,8.03,7.89,8.03,900,8.03
2015-06-08,7.94,8.10,7.94,8.10,1900,8.10
2015-06-05,7.94,7.94,7.94,7.94,200,7.94
2015-06-04,8.11,8.11,8.09,8.10,2200,8.10
2015-06-03,8.21,8.21,8.11,8.11,3200,8.11
2015-06-02,8.24,8.26,8.21,8.21,2400,8.21
2015-06-01,7.80,8.36,7.80,8.36,5200,8.36
2015-05-29,8.22,8.27,8.15,8.27,800,8.27
2015-05-28,8.25,8.25,8.25,8.25,100,8.25
2015-05-27,8.50,8.50,8.48,8.48,1300,8.48
2015-05-26,8.62,8.62,8.62,8.62,000,8.62
2015-05-22,8.58,8.62,8.54,8.62,500,8.62
2015-05-21,8.64,8.64,8.56,8.62,1700,8.62
2015-05-20,8.52,8.55,8.52,8.55,600,8.55
2015-05-19,8.72,8.72,8.61,8.62,1000,8.62
2015-05-18,8.74,8.78,8.74,8.76,1000,8.76
2015-05-15,8.54,8.54,8.54,8.54,000,8.54
2015-05-14,8.55,8.55,8.54,8.54,300,8.54
2015-05-13,8.51,8.52,8.50,8.52,1200,8.52
2015-05-12,8.45,8.51,8.42,8.46,1600,8.46
2015-05-11,8.53,8.59,8.53,8.59,500,8.59
2015-05-08,8.59,8.69,8.59,8.66,3300,8.66
2015-05-07,8.44,8.44,8.44,8.44,1100,8.44
2015-05-06,8.42,8.42,8.29,8.32,2700,8.32
2015-05-05,9.42,10.01,7.92,8.40,3900,8.40
2015-05-04,8.77,8.77,8.77,8.77,300,8.77
2015-05-01,8.36,8.45,8.36,8.45,200,8.45
2015-04-30,8.48,8.48,8.39,8.39,4700,8.39
2015-04-29,8.52,8.56,8.48,8.51,3000,8.51
2015-04-28,8.65,9.48,8.56,8.56,2400,8.56
2015-04-27,8.79,8.80,8.79,8.80,2400,8.80
2015-04-24,8.56,8.84,8.39,8.39,3800,8.39
2015-04-23,7.81,8.54,7.81,8.54,4500,8.54
2015-04-22,8.67,8.67,8.62,8.62,2700,8.62
2015-04-21,8.62,8.70,8.62,8.66,3000,8.66
2015-04-20,8.56,8.56,8.56,8.56,000,8.56
2015-04-17,8.57,8.57,8.56,8.56,200,8.56
2015-04-16,8.60,8.64,8.55,8.55,1000,8.55
2015-04-15,8.65,8.65,8.59,8.60,1700,8.60
2015-04-14,8.57,8.76,8.57,8.67,2900,8.67
2015-04-13,8.44,8.44,8.44,8.44,000,8.44
2015-04-10,8.35,8.44,8.32,8.44,4000,8.44
2015-04-09,8.31,8.31,8.11,8.20,5800,8.20
2015-04-08,8.46,8.46,8.41,8.41,500,8.41
2015-04-07,8.15,8.49,8.14,8.14,5900,8.14
2015-04-06,8.00,8.25,8.00,8.25,5500,8.25
2015-04-02,8.15,8.15,8.00,8.01,1800,8.01
2015-04-01,8.37,8.37,8.10,8.15,7400,8.15
2015-03-31,8.21,8.25,8.20,8.23,900,8.23
2015-03-30,8.25,8.25,8.07,8.19,6200,8.19
2015-03-27,8.15,8.37,8.10,8.27,2500,8.27
2015-03-26,8.49,8.53,8.33,8.47,17600,8.47
2015-03-25,8.97,8.97,8.66,8.76,25900,8.76
2015-03-24,10.60,10.60,10.46,10.47,18400,10.47
2015-03-23,10.84,10.93,10.83,10.85,3800,10.85
2015-03-20,10.77,10.85,10.77,10.82,4800,10.82
2015-03-19,10.64,10.77,10.64,10.77,300,10.77
2015-03-18,10.50,10.69,10.48,10.69,5500,10.69
2015-03-17,9.99,10.05,9.99,10.01,8200,10.01
2015-03-16,10.12,10.12,10.12,10.12,200,10.12
2015-03-13,10.15,10.15,10.15,10.15,300,10.15
2015-03-12,10.23,10.40,10.23,10.40,400,10.40
2015-03-11,10.10,10.10,10.10,10.10,000,10.10
2015-03-10,10.05,10.14,10.05,10.10,1600,10.10
2015-03-09,9.94,10.10,9.94,10.10,600,10.10
2015-03-06,9.47,9.99,9.47,9.99,400,9.99
2015-03-05,10.19,10.19,10.19,10.19,300,10.19
2015-03-04,10.20,10.29,10.17,10.27,1700,10.27
2015-03-03,10.26,10.42,10.26,10.32,3800,10.32
2015-03-02,9.84,9.88,9.84,9.88,1600,9.88
2015-02-27,9.90,9.90,9.78,9.78,900,9.78
2015-02-26,9.95,9.95,9.92,9.92,600,9.92
2015-02-25,9.75,9.81,9.75,9.81,2200,9.81
2015-02-24,9.57,9.57,9.57,9.57,100,9.57
2015-02-23,9.70,9.72,9.64,9.64,500,9.64
2015-02-20,9.54,9.76,9.54,9.75,1600,9.75
2015-02-19,9.63,9.66,9.56,9.56,6500,9.56
2015-02-18,9.70,9.74,9.70,9.74,1400,9.74
2015-02-17,10.19,10.19,9.25,9.63,5100,9.63
2015-02-13,10.19,10.30,10.19,10.30,1000,10.30
2015-02-12,10.01,10.42,10.01,10.40,2200,10.40
2015-02-11,10.30,10.32,10.13,10.24,500,10.24
2015-02-10,10.17,10.28,10.17,10.19,1100,10.19
2015-02-09,10.40,10.54,10.40,10.44,700,10.44
2015-02-06,10.49,10.50,10.46,10.50,800,10.50
2015-02-05,10.60,10.69,10.60,10.69,1400,10.69
2015-02-04,10.68,10.72,10.62,10.62,2500,10.62
2015-02-03,10.51,10.54,10.49,10.49,1300,10.49
2015-02-02,10.38,10.51,10.38,10.51,2200,10.51
2015-01-30,10.40,10.40,10.39,10.39,600,10.39
2015-01-29,10.69,10.70,10.69,10.70,1400,10.70
2015-01-28,10.73,10.85,10.70,10.70,2700,10.70
2015-01-27,10.48,10.48,10.48,10.48,400,10.48
2015-01-26,10.35,10.49,10.35,10.49,1300,10.49
2015-01-23,10.42,10.48,10.42,10.43,8000,10.43
2015-01-22,10.40,10.49,10.33,10.39,4300,10.39
2015-01-21,10.27,10.27,10.20,10.24,13600,10.24
2015-01-20,10.05,10.35,10.05,10.33,5000,10.33
2015-01-16,10.15,10.15,9.13,10.08,4600,10.08
2015-01-15,9.98,10.03,9.93,10.00,4800,10.00
2015-01-14,10.33,10.33,9.80,9.85,1700,9.85
2015-01-13,9.95,9.95,9.87,9.93,1600,9.93
2015-01-12,9.84,9.88,9.80,9.88,7700,9.88
2015-01-09,9.99,10.38,9.85,9.90,4200,9.90
2015-01-08,9.75,10.18,9.74,10.18,4300,10.18
2015-01-07,10.37,10.37,10.33,10.33,700,10.33
2015-01-06,9.80,9.82,9.71,9.71,1000,9.71
2015-01-05,10.08,10.08,9.29,9.90,5800,9.90
2015-01-02,10.13,10.24,9.25,10.24,5400,10.24
2014-12-31,10.00,10.00,9.99,10.00,4000,10.00
2014-12-30,10.15,10.20,10.15,10.15,6300,10.15
2014-12-29,9.90,10.04,9.90,10.00,900,10.00
2014-12-26,9.97,9.97,8.78,9.67,3400,9.67
2014-12-24,9.89,9.97,9.89,9.97,800,9.97
2014-12-23,10.10,10.15,9.99,10.08,3800,10.08
2014-12-22,9.85,10.13,9.85,10.11,4800,10.11
2014-12-19,9.59,9.81,9.59,9.81,2000,9.81
2014-12-18,9.33,9.38,9.33,9.35,3200,9.35
2014-12-17,9.31,9.33,9.25,9.33,1700,9.33
2014-12-16,9.53,9.73,9.53,9.60,5700,9.60
2014-12-15,8.56,10.24,8.56,9.65,3100,9.65
2014-12-12,10.08,10.08,9.83,9.83,1100,9.83
2014-12-11,10.29,10.29,9.59,10.18,800,10.18
2014-12-10,10.16,10.29,9.95,10.29,2200,10.29
2014-12-09,10.22,10.25,9.09,10.25,3600,10.25
2014-12-08,10.48,10.48,10.19,10.25,3800,10.25
2014-12-05,10.75,10.75,10.53,10.53,2800,10.53
2014-12-04,10.61,10.61,10.21,10.25,1000,10.25
2014-12-03,10.83,10.84,10.77,10.82,4400,10.82
2014-12-02,10.89,10.92,10.85,10.86,3400,10.86
2014-12-01,10.55,10.89,10.55,10.85,6600,10.85
2014-11-28,10.40,10.51,10.40,10.51,1200,10.51
2014-11-26,9.96,10.22,9.96,10.22,1200,10.22
2014-11-25,10.05,10.13,10.05,10.13,500,10.13
2014-11-24,9.94,9.95,9.72,9.73,1400,9.73
2014-11-21,9.73,9.78,9.73,9.78,600,9.78
2014-11-20,9.67,9.75,9.67,9.72,2300,9.72
2014-11-19,9.66,9.66,9.54,9.60,3200,9.60
2014-11-18,9.59,9.59,9.38,9.39,7100,9.39
2014-11-17,10.15,10.42,9.26,9.32,3700,9.32
2014-11-14,9.24,9.24,9.18,9.18,2100,9.18
2014-11-13,9.31,9.38,9.31,9.38,1500,9.38
2014-11-12,9.21,9.21,9.09,9.16,2800,9.16
2014-11-11,9.47,9.47,9.31,9.43,12600,9.43
2014-11-10,9.02,9.67,9.02,9.60,11200,9.60
2014-11-07,8.69,8.80,8.69,8.73,1600,8.73
2014-11-06,8.22,8.48,7.56,8.43,4400,8.43
2014-11-05,8.38,8.41,8.38,8.39,3400,8.39
2014-11-04,8.28,8.40,8.26,8.40,17900,8.40
2014-11-03,8.75,8.84,8.73,8.84,19200,8.84
2014-10-31,8.89,8.89,8.65,8.75,5700,8.75
2014-10-30,8.72,8.72,8.63,8.72,2300,8.72
2014-10-29,8.77,8.86,8.73,8.79,3900,8.79
2014-10-28,8.87,8.94,8.87,8.93,500,8.93
2014-10-27,8.79,8.81,8.72,8.75,1100,8.75
2014-10-24,8.77,8.87,8.76,8.82,2200,8.82
2014-10-23,8.90,8.90,8.86,8.88,4900,8.88
2014-10-22,8.94,9.01,8.94,8.95,1400,8.95
2014-10-21,8.90,8.90,8.82,8.88,4200,8.88
2014-10-20,9.07,9.15,8.99,9.15,1300,9.15
2014-10-17,8.63,8.64,8.57,8.63,3800,8.63
2014-10-16,8.39,8.55,8.39,8.54,3000,8.54
2014-10-15,8.48,8.57,8.48,8.57,2000,8.57
2014-10-14,8.45,8.45,8.40,8.44,4800,8.44
2014-10-13,8.44,8.47,8.40,8.40,3000,8.40
2014-10-10,8.47,8.50,8.47,8.48,3000,8.48
2014-10-09,8.74,8.74,8.61,8.63,1400,8.63
2014-10-08,8.99,9.01,8.97,9.00,3500,9.00
2014-10-07,8.99,9.05,8.96,9.05,2900,9.05
2014-10-06,9.04,9.10,8.93,9.01,10400,9.01
2014-10-03,9.32,9.37,9.32,9.37,1000,9.37
2014-10-02,9.33,9.33,9.13,9.19,8400,9.19
2014-10-01,9.65,9.65,9.53,9.56,8100,9.56
2014-09-30,9.94,9.99,9.94,9.95,5600,9.95
2014-09-29,9.66,9.75,9.61,9.74,1400,9.74
2014-09-26,9.94,9.94,9.93,9.93,1100,9.93
2014-09-25,10.19,10.19,9.97,9.98,3100,9.98
2014-09-24,10.18,10.20,10.15,10.20,2400,10.20
2014-09-23,10.34,10.34,10.34,10.34,300,10.34
2014-09-22,10.42,10.43,10.40,10.43,500,10.43
2014-09-19,10.34,10.46,10.34,10.45,1600,10.45
2014-09-18,10.17,10.30,10.17,10.30,3200,10.30
2014-09-17,9.91,9.91,9.86,9.86,1200,9.86
2014-09-16,9.85,10.01,9.85,9.96,800,9.96
2014-09-15,9.89,9.90,9.89,9.90,2000,9.90
2014-09-12,9.99,10.17,9.90,9.91,9500,9.91
2014-09-11,10.05,10.05,10.03,10.03,900,10.03
2014-09-10,10.15,10.15,10.14,10.15,2000,10.15
2014-09-09,10.25,10.25,10.22,10.22,700,10.22
2014-09-08,10.25,10.25,10.16,10.19,3700,10.19
2014-09-05,10.28,10.34,10.28,10.34,500,10.34
2014-09-04,10.30,10.30,10.21,10.21,400,10.21
2014-09-03,10.39,10.39,10.29,10.30,6200,10.30
2014-09-02,10.32,10.38,10.31,10.31,3800,10.31
2014-08-29,10.36,10.46,10.35,10.46,6900,10.46
2014-08-28,10.32,10.36,10.31,10.36,3400,10.36
2014-08-27,10.50,10.52,10.49,10.49,1800,10.49
2014-08-26,10.71,10.71,10.62,10.67,2800,10.67
2014-08-25,10.95,10.98,10.89,10.96,600,10.96
2014-08-22,10.96,10.96,10.86,10.88,5000,10.88
2014-08-21,11.08,11.15,11.08,11.08,2700,11.08
2014-08-20,11.05,11.13,11.05,11.06,700,11.06
2014-08-19,11.08,11.16,11.08,11.14,1000,11.14
2014-08-18,11.08,11.12,11.01,11.09,3500,11.09
2014-08-15,11.18,11.24,11.14,11.19,7600,11.19
2014-08-14,11.10,11.12,10.89,11.12,4800,11.12
2014-08-13,11.00,11.00,10.55,10.93,4900,10.93
2014-08-12,10.89,10.89,10.84,10.84,2000,10.84
2014-08-11,11.03,11.04,10.93,11.02,7000,11.02
2014-08-08,10.50,10.69,10.49,10.52,4100,10.52
2014-08-07,10.40,10.40,10.15,10.20,16700,10.20
2014-08-06,10.39,10.48,10.39,10.41,9200,10.41
2014-08-05,10.60,10.61,10.57,10.57,4800,10.57
2014-08-04,10.66,10.66,10.19,10.53,7300,10.53
2014-08-01,10.74,10.74,10.11,10.69,6900,10.69
2014-07-31,11.00,11.06,11.00,11.03,5800,11.03
2014-07-30,11.28,11.32,11.23,11.24,7700,11.24
2014-07-29,11.31,11.32,11.13,11.24,3700,11.24
2014-07-28,11.29,11.32,11.18,11.19,3100,11.19
2014-07-25,11.65,11.65,10.91,11.28,6800,11.28
2014-07-24,11.35,11.41,11.26,11.30,4600,11.30
2014-07-23,11.37,11.43,10.10,11.33,2900,11.33
2014-07-22,11.31,11.45,11.31,11.45,4400,11.45
2014-07-21,11.39,11.43,11.21,11.37,16400,11.37
2014-07-18,11.52,11.52,11.43,11.48,2400,11.48
2014-07-17,11.74,11.74,11.53,11.56,8400,11.56
2014-07-16,12.01,12.01,11.90,11.93,3600,11.93
2014-07-15,12.03,12.09,12.02,12.06,8500,12.06
2014-07-14,12.08,12.08,12.02,12.05,1800,12.05
2014-07-11,12.04,12.04,11.97,11.97,700,11.97
2014-07-10,11.86,11.90,11.83,11.87,7600,11.87
2014-07-09,12.13,12.15,12.08,12.15,2600,12.15
2014-07-08,12.49,12.49,12.37,12.37,2100,12.37
2014-07-07,12.24,12.39,12.24,12.26,2700,12.26
2014-07-03,12.18,12.18,12.05,12.06,1500,12.06
2014-07-02,12.38,12.38,12.29,12.29,700,12.29
2014-07-01,12.62,12.62,12.47,12.49,3000,12.49
2014-06-30,12.24,12.26,12.19,12.21,3800,12.21
2014-06-27,11.60,11.60,11.57,11.57,400,11.57
2014-06-26,11.80,11.80,11.57,11.57,4300,11.57
2014-06-25,11.67,11.67,10.11,11.64,5700,11.64
2014-06-24,11.75,11.89,11.73,11.75,7100,11.75
2014-06-23,11.41,11.69,11.41,11.64,2800,11.64
2014-06-20,11.94,11.94,11.78,11.80,7300,11.80
2014-06-19,11.96,12.34,11.93,12.16,10900,12.16
2014-06-18,11.99,11.99,11.68,11.90,5400,11.90
2014-06-17,12.17,12.25,12.17,12.20,2200,12.20
2014-06-16,12.25,12.42,12.25,12.35,5100,12.35
2014-06-13,12.07,12.11,11.75,12.04,4800,12.04
2014-06-12,12.15,12.15,11.99,12.02,5000,12.02
2014-06-11,12.15,12.15,12.01,12.01,4700,12.01
2014-06-10,12.27,12.27,12.10,12.13,3600,12.13
2014-06-09,12.48,12.49,12.44,12.44,3000,12.44
2014-06-06,12.57,12.57,12.57,12.57,000,12.57
2014-06-05,12.58,12.58,12.56,12.57,600,12.57
2014-06-04,12.62,12.62,12.50,12.53,3200,12.53
2014-06-03,12.80,12.80,12.80,12.80,100,12.80
2014-06-02,12.93,12.93,12.80,12.81,1400,12.81
2014-05-30,12.91,12.94,12.91,12.92,600,12.92
2014-05-29,12.87,12.95,12.86,12.92,5700,12.92
2014-05-28,12.68,12.76,12.64,12.65,2900,12.65
2014-05-27,12.62,12.75,12.55,12.58,4100,12.58
2014-05-23,12.58,12.70,12.58,12.64,10100,12.64
2014-05-22,12.36,12.36,12.24,12.24,6600,12.24
2014-05-21,12.17,12.32,11.69,12.20,9700,12.20
2014-05-20,11.86,11.87,11.78,11.82,2800,11.82
2014-05-19,12.20,12.26,12.09,12.24,4200,12.24
2014-05-16,11.59,11.86,11.59,11.81,6200,11.81
2014-05-15,11.39,11.51,11.29,11.39,12900,11.39
2014-05-14,11.35,11.38,11.29,11.31,2100,11.31
2014-05-13,11.22,11.35,11.22,11.35,2100,11.35
2014-05-12,11.12,11.12,11.00,11.01,700,11.01
2014-05-09,11.57,11.57,11.15,11.18,7600,11.18
2014-05-08,11.63,11.72,11.63,11.67,1200,11.67
2014-05-07,11.75,11.76,11.71,11.73,1900,11.73
2014-05-06,11.83,11.83,11.83,11.83,500,11.83
2014-05-05,11.76,11.76,11.76,11.76,100,11.76
2014-05-02,11.79,11.87,11.76,11.84,3300,11.84
2014-05-01,11.81,11.88,11.77,11.77,8500,11.77
2014-04-30,11.47,11.48,11.47,11.47,2500,11.47
2014-04-29,11.58,11.60,11.52,11.52,8300,11.52
2014-04-28,11.66,11.66,11.58,11.61,2300,11.61
2014-04-25,11.74,11.80,11.55,11.80,1500,11.80
2014-04-24,11.80,11.91,11.80,11.91,2200,11.91
2014-04-23,11.95,11.95,11.85,11.87,1600,11.87
2014-04-22,12.00,12.15,11.94,12.01,3600,12.01
2014-04-21,12.16,12.25,11.60,12.21,15500,12.21
2014-04-17,11.24,11.68,11.24,11.56,14500,11.56
2014-04-16,11.17,11.27,11.13,11.20,7300,11.20
2014-04-15,10.35,10.88,10.35,10.78,26200,10.78
2014-04-14,10.18,10.37,10.18,10.35,3600,10.35
2014-04-11,10.23,10.29,10.17,10.21,3100,10.21
2014-04-10,10.58,10.58,10.26,10.26,15100,10.26
2014-04-09,10.79,10.88,10.75,10.81,8400,10.81
2014-04-08,10.86,10.98,10.86,10.90,4500,10.90
2014-04-07,10.69,10.69,10.45,10.60,3400,10.60
2014-04-04,11.13,11.13,10.82,10.85,11000,10.85
2014-04-03,11.66,11.66,11.19,11.26,6200,11.26
2014-04-02,11.96,11.98,11.73,11.81,10100,11.81
2014-04-01,11.79,11.79,11.71,11.72,14300,11.72
2014-03-31,11.60,12.05,11.60,11.78,22300,11.78
2014-03-28,11.37,11.63,11.37,11.56,6200,11.56
2014-03-27,11.13,11.53,11.13,11.40,33200,11.40
2014-03-26,10.35,10.66,10.35,10.35,11000,10.35
2014-03-25,10.41,10.53,10.41,10.49,9200,10.49
2014-03-24,10.35,10.44,10.35,10.41,7200,10.41
2014-03-21,10.13,10.22,10.10,10.11,2900,10.11
2014-03-20,10.09,10.17,10.09,10.12,11300,10.12
2014-03-19,10.57,10.76,10.57,10.67,14900,10.67
2014-03-18,10.71,10.86,10.69,10.76,9900,10.76
2014-03-17,10.46,10.51,10.41,10.49,8300,10.49
2014-03-14,10.40,10.47,10.38,10.42,5900,10.42
2014-03-13,11.00,11.03,10.76,10.81,21900,10.81
2014-03-12,10.96,11.07,10.86,10.86,9500,10.86
2014-03-11,10.68,10.86,10.68,10.77,22800,10.77
2014-03-10,10.43,10.45,10.38,10.41,4600,10.41
2014-03-07,10.20,10.34,10.20,10.30,10700,10.30
2014-03-06,9.61,9.78,9.61,9.75,15100,9.75
2014-03-05,9.72,9.72,9.63,9.68,5700,9.68
2014-03-04,9.56,9.69,9.56,9.69,3900,9.69
2014-03-03,9.54,9.54,9.43,9.44,3600,9.44
2014-02-28,9.52,9.62,9.46,9.46,9700,9.46
2014-02-27,9.52,9.60,9.50,9.55,7400,9.55
2014-02-26,9.63,9.75,9.63,9.66,2200,9.66
2014-02-25,9.73,9.80,9.72,9.77,4100,9.77
2014-02-24,9.91,9.97,9.76,9.89,9200,9.89
2014-02-21,9.93,10.03,9.93,9.97,5600,9.97
2014-02-20,9.84,9.93,9.84,9.93,9500,9.93
2014-02-19,9.87,9.97,9.85,9.87,22500,9.87
2014-02-18,9.21,9.25,9.18,9.20,40800,9.20
2014-02-14,9.40,9.42,9.29,9.35,19600,9.35
2014-02-13,8.89,9.43,8.71,8.99,48500,8.99
2014-02-12,9.49,9.75,9.33,9.48,31500,9.48
2014-02-11,9.78,9.91,9.74,9.90,17300,9.90
2014-02-10,9.81,9.84,9.76,9.76,19300,9.76
2014-02-07,9.70,10.36,9.46,9.99,96600,9.99
2014-02-06,11.23,11.54,11.23,11.45,11200,11.45
2014-02-05,11.18,11.23,11.06,11.20,24900,11.20
2014-02-04,11.19,11.79,11.10,11.48,39500,11.48
2014-02-03,11.77,12.44,11.52,12.44,36000,12.44
2014-01-31,12.26,12.29,12.13,12.18,17800,12.18
2014-01-30,12.64,12.81,12.64,12.79,12800,12.79
2014-01-29,13.01,13.01,12.88,12.88,5100,12.88
2014-01-28,12.97,12.99,12.26,12.87,43800,12.87
2014-01-27,13.25,13.33,13.16,13.24,7300,13.24
2014-01-24,13.49,13.72,13.27,13.51,9200,13.51
2014-01-23,13.63,13.69,13.58,13.58,4600,13.58
2014-01-22,13.44,14.00,13.44,13.53,10700,13.53
2014-01-21,13.43,13.54,13.20,13.20,4100,13.20
2014-01-17,13.43,13.48,13.35,13.40,3600,13.40
2014-01-16,13.36,13.50,13.35,13.44,13200,13.44
2014-01-15,13.59,13.61,13.49,13.52,7700,13.52
2014-01-14,13.49,13.60,13.44,13.59,6700,13.59
2014-01-13,13.69,13.69,13.53,13.55,5400,13.55
2014-01-10,13.52,13.66,13.52,13.66,3900,13.66
2014-01-09,13.66,13.66,13.53,13.61,4800,13.61
2014-01-08,13.72,13.77,13.62,13.68,6400,13.68
2014-01-07,13.78,13.84,13.70,13.79,7900,13.79
2014-01-06,14.11,14.11,14.00,14.05,17600,14.05
2014-01-03,13.43,13.43,13.28,13.32,5700,13.32
2014-01-02,13.39,13.39,13.25,13.26,2400,13.26
2013-12-31,13.41,13.45,13.32,13.37,2700,13.37
2013-12-30,13.31,13.45,13.31,13.41,3200,13.41
2013-12-27,13.24,13.31,13.17,13.18,6500,13.18
2013-12-26,13.06,13.47,13.04,13.34,26800,13.34
2013-12-24,13.70,13.77,13.70,13.73,4000,13.73
2013-12-23,14.01,14.01,13.88,13.99,8200,13.99
2013-12-20,13.70,13.93,13.70,13.85,12000,13.85
2013-12-19,13.71,13.82,13.71,13.71,9000,13.71
2013-12-18,14.07,14.20,13.95,14.20,12600,14.20
2013-12-17,13.97,14.06,13.93,14.05,18900,14.05
2013-12-16,14.34,14.34,13.80,13.81,24800,13.81
2013-12-13,14.68,14.68,14.39,14.53,20800,14.53
2013-12-12,14.77,14.87,14.51,14.87,4600,14.87
2013-12-11,14.79,15.33,14.77,14.82,17900,14.82
2013-12-10,14.89,15.05,14.89,15.05,11500,15.05
2013-12-09,14.75,14.88,14.68,14.75,8500,14.75
2013-12-06,14.50,14.87,14.39,14.60,7200,14.60
2013-12-05,14.47,14.70,14.28,14.53,27900,14.53
2013-12-04,14.68,14.75,14.54,14.70,12700,14.70
2013-12-03,14.84,14.91,14.82,14.90,6800,14.90
2013-12-02,14.82,14.97,14.82,14.91,6100,14.91
2013-11-29,14.67,14.86,14.65,14.68,6400,14.68
2013-11-27,14.04,14.23,14.02,14.22,10500,14.22
2013-11-26,14.30,14.30,13.89,14.20,32500,14.20
2013-11-25,14.03,14.32,13.78,13.97,28500,13.97
2013-11-22,14.08,14.35,14.02,14.12,20600,14.12
2013-11-21,14.07,14.30,13.94,14.18,22100,14.18
2013-11-20,14.00,14.15,13.85,14.09,18800,14.09
2013-11-19,13.52,13.66,13.50,13.66,10600,13.66
2013-11-18,13.28,13.96,13.28,13.60,12700,13.60
2013-11-15,13.07,13.23,13.07,13.22,8300,13.22
2013-11-14,12.90,12.98,12.90,12.98,2300,12.98
2013-11-13,12.89,12.95,12.85,12.94,9600,12.94
2013-11-12,13.07,13.17,12.98,13.14,25500,13.14
2013-11-11,13.19,13.19,12.90,13.03,16900,13.03
2013-11-08,13.30,13.88,13.20,13.35,14700,13.35
2013-11-07,13.96,14.10,13.94,13.94,7200,13.94
2013-11-06,13.90,14.00,13.90,13.90,7500,13.90
2013-11-05,13.98,14.01,13.85,13.87,6900,13.87
2013-11-04,14.16,14.16,14.02,14.08,9800,14.08
2013-11-01,14.05,14.12,14.02,14.03,1500,14.03
2013-10-31,14.06,14.06,13.89,13.99,6900,13.99
2013-10-30,14.37,14.37,14.26,14.37,1600,14.37
2013-10-29,14.57,14.67,14.50,14.54,8600,14.54
2013-10-28,14.55,14.62,14.46,14.53,1600,14.53
2013-10-25,14.53,14.82,14.53,14.61,2300,14.61
2013-10-24,14.82,14.85,14.67,14.71,3200,14.71
2013-10-23,14.71,14.79,14.64,14.73,4100,14.73
2013-10-22,14.95,15.05,14.92,14.97,12300,14.97
2013-10-21,14.57,14.70,14.57,14.64,11600,14.64
2013-10-18,14.23,14.25,14.12,14.16,38500,14.16
2013-10-17,14.02,14.12,14.02,14.05,5500,14.05
2013-10-16,13.79,13.89,13.79,13.82,10300,13.82
2013-10-15,13.72,13.92,13.72,13.84,9400,13.84
2013-10-14,13.64,13.73,13.54,13.54,14000,13.54
2013-10-11,13.51,13.71,13.51,13.58,7200,13.58
2013-10-10,13.58,13.72,13.58,13.63,4800,13.63
2013-10-09,13.10,13.22,12.74,13.10,13500,13.10
2013-10-08,13.16,13.31,13.10,13.19,13300,13.19
2013-10-07,13.43,13.58,13.43,13.50,9400,13.50
2013-10-04,13.70,13.86,13.70,13.84,13700,13.84
2013-10-03,13.82,13.89,13.72,13.80,12300,13.80
2013-10-02,13.94,13.97,13.85,13.97,5000,13.97
2013-10-01,14.06,14.16,13.93,14.07,16300,14.07
2013-09-30,14.34,14.54,14.31,14.39,3500,14.39
2013-09-27,14.47,14.61,14.47,14.57,7400,14.57
2013-09-26,14.41,14.49,14.32,14.45,14200,14.45
2013-09-25,14.80,14.91,13.80,14.11,31400,14.11
2013-09-24,14.97,15.10,14.86,14.86,17900,14.86
2013-09-23,15.20,15.27,15.18,15.26,7500,15.26
2013-09-20,15.26,15.28,15.06,15.17,5600,15.17
2013-09-19,15.26,15.30,15.21,15.23,7600,15.23
2013-09-18,14.58,14.94,14.58,14.86,3800,14.86
2013-09-17,14.66,14.94,14.63,14.71,9200,14.71
2013-09-16,15.01,15.12,14.86,14.97,4100,14.97
2013-09-13,14.76,14.93,14.75,14.85,1500,14.85
2013-09-12,14.79,14.83,14.75,14.75,3800,14.75
2013-09-11,14.77,14.92,14.77,14.92,2700,14.92
2013-09-10,15.00,15.01,14.86,14.95,43900,14.95
2013-09-09,15.36,15.38,15.27,15.38,1800,15.38
2013-09-06,15.04,15.16,15.02,15.02,3500,15.02
2013-09-05,15.04,15.07,14.94,15.05,4200,15.05
2013-09-04,14.94,15.09,14.94,15.07,10100,15.07
2013-09-03,14.68,14.82,14.60,14.62,11500,14.62
2013-08-30,14.64,14.64,14.29,14.30,26200,14.30
2013-08-29,14.93,14.98,14.82,14.85,3800,14.85
2013-08-28,14.94,14.96,14.88,14.90,8800,14.90
2013-08-27,15.37,15.41,15.21,15.32,13200,15.32
2013-08-26,15.62,15.62,15.48,15.55,3400,15.55
2013-08-23,15.85,15.85,15.67,15.76,5600,15.76
2013-08-22,16.370001,16.57,16.370001,16.52,41500,16.52
2013-08-21,16.209999,16.25,16.139999,16.23,4400,16.23
2013-08-20,16.00,16.129999,15.99,16.120001,1600,16.120001
2013-08-19,15.45,15.59,15.41,15.41,7900,15.41
2013-08-16,15.46,15.46,15.32,15.32,900,15.32
2013-08-15,15.27,15.42,15.23,15.32,6200,15.32
2013-08-14,15.29,15.35,15.25,15.25,4200,15.25
2013-08-13,15.42,15.42,15.20,15.35,4200,15.35
2013-08-12,15.63,15.74,15.60,15.74,3800,15.74
2013-08-09,15.45,15.57,15.45,15.56,8400,15.56
2013-08-08,15.58,15.65,15.53,15.63,3300,15.63
2013-08-07,15.71,15.71,15.15,15.28,18900,15.28
2013-08-06,16.129999,16.15,16.00,16.129999,28200,16.129999
2013-08-05,17.110001,17.290001,17.110001,17.18,12700,17.18
2013-08-02,16.959999,17.110001,16.93,17.110001,6100,17.110001
2013-08-01,17.030001,17.030001,16.90,16.959999,5200,16.959999
2013-07-31,17.15,17.25,17.059999,17.110001,6300,17.110001
2013-07-30,16.73,16.809999,16.709999,16.74,6600,16.74
2013-07-29,16.549999,16.559999,16.379999,16.49,4100,16.49
2013-07-26,16.799999,16.799999,16.690001,16.75,10100,16.75
2013-07-25,16.76,16.969999,16.76,16.950001,4500,16.950001
2013-07-24,16.799999,16.90,16.75,16.799999,7600,16.799999
2013-07-23,16.99,17.01,16.85,16.92,32300,16.92
2013-07-22,17.139999,17.27,17.120001,17.27,2200,17.27
2013-07-19,17.370001,17.50,17.24,17.469999,26600,17.469999
2013-07-18,17.40,17.40,17.24,17.32,11800,17.32
2013-07-17,17.74,17.780001,17.66,17.77,1900,17.77
2013-07-16,17.780001,17.860001,17.690001,17.77,11000,17.77
2013-07-15,17.91,18.08,17.91,18.00,5900,18.00
2013-07-12,17.90,17.99,17.860001,17.879999,11900,17.879999
2013-07-11,17.700001,17.780001,17.66,17.719999,11600,17.719999
2013-07-10,17.16,17.379999,16.92,17.32,12200,17.32
2013-07-09,17.219999,17.26,17.129999,17.23,7200,17.23
2013-07-08,16.99,17.030001,16.91,17.01,36400,17.01
2013-07-05,17.450001,17.610001,17.33,17.58,27700,17.58
2013-07-03,17.92,18.07,17.26,17.879999,14600,17.879999
2013-07-02,19.00,19.00,18.25,18.32,30500,18.32
2013-07-01,19.110001,19.290001,19.110001,19.16,7500,19.16
2013-06-28,19.200001,19.309999,19.120001,19.27,11300,19.27
2013-06-27,18.75,18.83,18.75,18.809999,1900,18.809999
2013-06-26,18.370001,18.379999,18.23,18.34,13500,18.34
2013-06-25,19.48,19.48,19.389999,19.450001,8400,19.450001
2013-06-24,19.34,19.459999,19.280001,19.290001,13300,19.290001
2013-06-21,19.08,19.08,18.950001,19.01,2700,19.01
2013-06-20,19.290001,19.290001,19.15,19.190001,7800,19.190001
2013-06-19,19.98,20.059999,19.620001,19.639999,7100,19.639999
2013-06-18,19.75,19.790001,19.67,19.73,11600,19.73
2013-06-17,20.01,20.15,19.92,19.99,33100,19.99
2013-06-14,18.950001,19.16,18.950001,19.00,11500,19.00
2013-06-13,19.290001,19.370001,19.200001,19.35,16000,19.35
2013-06-12,19.540001,19.68,19.40,19.49,22500,19.49
2013-06-11,18.690001,18.950001,18.690001,18.799999,18000,18.799999
2013-06-10,18.51,18.690001,18.50,18.610001,44600,18.610001
2013-06-07,16.870001,16.959999,16.66,16.93,43800,16.93
2013-06-06,16.809999,17.83,16.610001,17.83,31500,17.83
2013-06-05,17.200001,17.379999,17.200001,17.23,9500,17.23
2013-06-04,16.98,17.17,16.93,17.17,10300,17.17
2013-06-03,16.75,16.889999,16.700001,16.790001,20100,16.790001
2013-05-31,16.700001,16.700001,16.540001,16.540001,7000,16.540001
2013-05-30,16.290001,16.360001,16.15,16.360001,11400,16.360001
2013-05-29,16.77,16.940001,16.77,16.799999,17100,16.799999
2013-05-28,16.719999,16.889999,16.719999,16.799999,27700,16.799999
2013-05-24,16.290001,16.51,16.27,16.51,8300,16.51
2013-05-23,16.00,16.299999,15.83,16.209999,34200,16.209999
2013-05-22,17.17,17.209999,16.27,16.99,42300,16.99
2013-05-21,17.77,17.790001,17.110001,17.41,99000,17.41
2013-05-20,18.280001,18.43,18.08,18.17,33700,18.17
2013-05-17,18.41,18.50,18.200001,18.370001,43000,18.370001
2013-05-16,17.030001,17.24,16.969999,17.08,61600,17.08
2013-05-15,19.00,19.25,13.80,18.709999,193000,18.709999
2013-05-14,20.370001,20.48,20.200001,20.27,23300,20.27
2013-05-13,20.24,20.51,20.24,20.51,12600,20.51
2013-05-10,20.200001,20.379999,20.17,20.33,11600,20.33
2013-05-09,20.42,20.639999,20.299999,20.370001,12300,20.370001
2013-05-08,21.09,21.209999,21.08,21.15,9100,21.15
2013-05-07,21.030001,21.190001,20.99,21.190001,16800,21.190001
2013-05-06,20.48,20.559999,20.370001,20.559999,23900,20.559999
2013-05-03,20.43,21.00,20.309999,20.540001,24400,20.540001
2013-05-02,20.33,20.610001,20.33,20.469999,47300,20.469999
2013-05-01,20.059999,20.379999,20.059999,20.16,12900,20.16
2013-04-30,19.73,20.139999,19.49,19.93,40400,19.93
2013-04-29,19.290001,19.33,19.120001,19.27,15700,19.27
2013-04-26,19.200001,19.290001,19.120001,19.209999,10100,19.209999
2013-04-25,19.799999,19.799999,19.120001,19.530001,16200,19.530001
2013-04-24,20.01,20.23,19.92,20.00,17300,20.00
2013-04-23,19.719999,20.00,19.52,19.889999,12900,19.889999
2013-04-22,19.450001,19.719999,19.40,19.719999,23200,19.719999
2013-04-19,19.110001,19.16,18.950001,19.129999,21900,19.129999
2013-04-18,19.629999,19.629999,19.48,19.60,15400,19.60
2013-04-17,19.389999,19.50,19.299999,19.370001,23600,19.370001
2013-04-16,18.58,18.860001,18.58,18.860001,11100,18.860001
2013-04-15,18.719999,18.790001,18.559999,18.73,21400,18.73
2013-04-12,18.40,18.540001,18.23,18.450001,39000,18.450001
2013-04-11,18.74,18.90,18.58,18.709999,31400,18.709999
2013-04-10,19.32,19.65,19.32,19.629999,40700,19.629999
2013-04-09,19.00,19.219999,18.860001,18.950001,77300,18.950001
2013-04-08,17.530001,18.129999,17.530001,17.969999,68000,17.969999
2013-04-05,17.34,17.40,17.200001,17.280001,52600,17.280001
2013-04-04,16.940001,16.950001,16.790001,16.90,32200,16.90
2013-04-03,16.99,16.99,16.879999,16.93,15400,16.93
2013-04-02,16.75,16.860001,16.60,16.76,23500,16.76
2013-04-01,16.959999,17.059999,16.40,16.620001,40300,16.620001
2013-03-28,16.889999,16.889999,16.790001,16.870001,10200,16.870001
2013-03-27,17.120001,17.120001,16.85,16.93,17000,16.93
2013-03-26,16.459999,17.299999,16.389999,17.139999,59100,17.139999
2013-03-25,15.67,16.25,15.67,16.24,100300,16.24
2013-03-22,15.65,15.67,15.53,15.57,10700,15.57
2013-03-21,15.56,15.56,15.45,15.54,8100,15.54
2013-03-20,15.45,15.45,15.20,15.22,8800,15.22
2013-03-19,15.39,15.39,15.26,15.39,6700,15.39
2013-03-18,15.40,15.40,15.24,15.35,3100,15.35
2013-03-15,15.42,15.47,15.35,15.41,6400,15.41
2013-03-14,15.22,15.34,15.22,15.27,1800,15.27
2013-03-13,15.15,15.20,15.15,15.20,8800,15.20
2013-03-12,15.22,15.34,15.20,15.30,18600,15.30
2013-03-11,15.04,15.04,14.88,14.92,15100,14.92
2013-03-08,15.26,15.42,15.15,15.33,14600,15.33
2013-03-07,15.81,16.299999,15.81,15.96,47400,15.96
2013-03-06,14.33,14.35,14.31,14.32,3200,14.32
2013-03-05,14.51,14.52,13.06,14.30,54400,14.30
2013-03-04,14.43,14.50,14.42,14.43,14200,14.43
2013-03-01,13.46,13.51,13.43,13.45,4800,13.45
2013-02-28,13.18,13.30,13.18,13.24,4600,13.24
2013-02-27,13.40,13.45,13.14,13.15,52200,13.15
2013-02-26,13.61,13.67,13.40,13.47,37100,13.47
2013-02-25,13.57,13.70,13.55,13.70,2000,13.70
2013-02-22,13.68,13.75,13.61,13.75,5600,13.75
2013-02-21,13.39,13.46,13.39,13.46,3200,13.46
2013-02-20,13.54,13.54,13.35,13.35,5400,13.35
2013-02-19,13.62,13.76,13.61,13.72,3600,13.72
2013-02-15,13.25,13.25,13.17,13.22,3800,13.22
2013-02-14,13.22,13.37,13.22,13.37,3200,13.37
2013-02-13,13.07,13.21,13.03,13.18,10500,13.18
2013-02-12,13.05,13.23,13.05,13.13,4200,13.13
2013-02-11,13.50,13.52,13.39,13.39,9000,13.39
2013-02-08,13.44,13.51,13.29,13.29,14900,13.29
2013-02-07,13.80,13.80,13.73,13.73,3200,13.73
2013-02-06,13.95,14.05,13.95,13.98,13500,13.98
2013-02-05,14.03,14.12,13.99,14.04,30400,14.04
2013-02-04,14.79,14.93,14.79,14.90,30600,14.90
2013-02-01,14.28,14.36,14.26,14.27,24900,14.27
2013-01-31,13.90,13.98,13.88,13.94,11700,13.94
2013-01-30,13.58,13.59,13.50,13.58,4100,13.58
2013-01-29,13.81,13.81,13.71,13.71,16300,13.71
2013-01-28,13.66,13.75,13.56,13.70,32900,13.70
2013-01-25,12.68,12.79,12.68,12.73,5500,12.73
2013-01-24,12.33,12.41,12.33,12.35,3800,12.35
2013-01-23,12.30,12.44,12.00,12.34,13800,12.34
2013-01-22,12.04,12.05,12.00,12.05,4900,12.05
2013-01-18,11.88,11.94,11.86,11.86,8700,11.86
2013-01-17,12.06,12.12,12.01,12.01,18200,12.01
2013-01-16,11.80,11.86,11.76,11.76,13500,11.76
2013-01-15,11.85,11.96,11.82,11.82,20700,11.82
2013-01-14,11.68,11.78,11.66,11.69,14400,11.69
2013-01-11,11.72,11.75,11.66,11.70,4700,11.70
2013-01-10,11.43,11.61,11.43,11.57,2000,11.57
2013-01-09,11.83,11.83,11.73,11.75,1800,11.75
2013-01-08,11.72,12.70,11.70,12.70,5200,12.70
2013-01-07,11.31,11.45,11.31,11.45,3800,11.45
2013-01-04,11.39,11.39,11.22,11.22,4900,11.22
2013-01-03,11.59,11.63,11.55,11.55,1600,11.55
2013-01-02,11.52,11.59,11.52,11.59,2300,11.59
2012-12-31,11.36,11.49,11.36,11.49,1200,11.49
2012-12-28,11.51,11.51,11.51,11.51,800,11.51
2012-12-27,11.65,11.65,11.56,11.61,2100,11.61
2012-12-26,11.80,11.83,11.72,11.74,2500,11.74
2012-12-24,12.03,12.04,11.94,11.94,1800,11.94
2012-12-21,11.94,12.03,11.93,12.01,9200,12.01
2012-12-20,11.78,11.89,11.78,11.84,4800,11.84
2012-12-19,11.77,11.77,11.68,11.74,11300,11.74
2012-12-18,11.09,11.20,10.95,11.20,59400,11.20
2012-12-17,11.16,11.29,11.16,11.29,5400,11.29
2012-12-14,11.11,11.11,11.04,11.04,18600,11.04
2012-12-13,11.11,11.20,11.11,11.20,10700,11.20
2012-12-12,11.62,11.64,11.35,11.39,7500,11.39
2012-12-11,11.60,11.61,11.51,11.55,9600,11.55
2012-12-10,11.85,11.90,11.80,11.90,3500,11.90
2012-12-07,12.03,12.06,11.96,12.06,3700,12.06
2012-12-06,12.06,12.08,11.99,12.08,2900,12.08
2012-12-05,12.17,12.25,12.17,12.19,5500,12.19
2012-12-04,12.27,12.28,12.25,12.28,2300,12.28
2012-12-03,12.26,12.26,12.12,12.15,7600,12.15
2012-11-30,12.30,12.43,12.30,12.42,2000,12.42
2012-11-29,12.56,12.56,12.44,12.48,13100,12.48
2012-11-28,12.58,12.61,12.48,12.61,9500,12.61
2012-11-27,12.45,12.45,12.38,12.40,4400,12.40
2012-11-26,12.31,12.37,12.30,12.36,13500,12.36
2012-11-23,12.72,12.72,12.72,12.72,000,12.72
2012-11-21,12.69,12.73,12.64,12.72,5500,12.72
2012-11-20,12.84,12.92,12.84,12.92,3500,12.92
2012-11-19,12.93,12.93,12.82,12.87,7000,12.87
2012-11-16,12.76,12.80,12.67,12.78,20700,12.78
2012-11-15,13.04,13.04,12.93,13.04,9300,13.04
2012-11-14,13.24,13.24,13.09,13.21,17500,13.21
2012-11-13,13.12,13.27,13.12,13.27,16100,13.27
2012-11-12,13.65,13.75,13.65,13.66,11800,13.66
2012-11-09,14.06,14.18,13.99,14.06,15000,14.06
2012-11-08,13.15,13.24,13.10,13.22,1700,13.22
2012-11-07,13.10,13.10,12.92,12.94,3900,12.94
2012-11-06,13.06,13.10,13.05,13.09,11300,13.09
2012-11-05,12.94,13.01,12.80,12.94,21400,12.94
2012-11-02,13.21,13.21,13.04,13.04,14300,13.04
2012-11-01,13.22,13.56,13.18,13.27,9200,13.27
2012-10-31,13.48,13.65,13.23,13.23,6800,13.23
2012-10-26,13.40,13.48,13.39,13.48,3400,13.48
2012-10-25,13.44,13.56,13.44,13.52,21300,13.52
2012-10-24,13.47,13.58,13.18,13.45,38800,13.45
2012-10-23,13.13,13.18,13.12,13.14,5700,13.14
2012-10-22,12.94,13.01,12.93,13.01,1500,13.01
2012-10-19,12.87,12.94,12.87,12.90,3100,12.90
2012-10-18,13.07,13.07,13.00,13.04,2900,13.04
2012-10-17,13.29,13.41,13.28,13.28,7500,13.28
2012-10-16,12.81,12.84,12.76,12.84,3400,12.84
2012-10-15,12.29,12.32,12.20,12.32,5500,12.32
2012-10-12,12.50,12.50,12.35,12.50,15600,12.50
2012-10-11,13.17,13.21,13.16,13.21,1300,13.21
2012-10-10,13.43,13.43,13.43,13.43,000,13.43
2012-10-09,13.41,13.45,13.32,13.43,6700,13.43
2012-10-08,13.97,14.06,13.97,14.00,5300,14.00
2012-10-05,14.03,14.15,13.98,13.99,45400,13.99
2012-10-04,12.99,12.99,12.94,12.94,4300,12.94
2012-10-03,12.45,12.57,12.42,12.53,10000,12.53
2012-10-02,12.89,12.91,12.81,12.86,7900,12.86
2012-10-01,13.48,13.56,13.44,13.49,10000,13.49
2012-09-28,13.53,13.63,13.53,13.55,12500,13.55
2012-09-27,13.09,13.23,13.07,13.23,26300,13.23
2012-09-26,12.55,12.60,12.54,12.57,7600,12.57
2012-09-25,12.60,12.63,12.48,12.56,4200,12.56
2012-09-24,12.49,12.54,12.46,12.51,8500,12.51
2012-09-21,12.06,12.15,11.59,11.59,12000,11.59
2012-09-20,11.56,11.65,11.54,11.59,17500,11.59
2012-09-19,11.47,11.62,11.47,11.60,6500,11.60
2012-09-18,11.25,11.33,11.22,11.22,7900,11.22
2012-09-17,11.64,11.64,11.57,11.59,18100,11.59
2012-09-14,11.79,11.79,11.61,11.65,10900,11.65
2012-09-13,12.33,12.40,12.25,12.40,8900,12.40
2012-09-12,12.40,12.41,12.25,12.41,29400,12.41
2012-09-11,12.58,12.69,12.58,12.68,21000,12.68
2012-09-10,12.59,12.66,12.56,12.62,12200,12.62
2012-09-07,12.02,12.26,12.02,12.21,40500,12.21
2012-09-06,12.05,12.19,12.05,12.18,24600,12.18
2012-09-05,11.65,11.74,11.65,11.74,42500,11.74
2012-09-04,11.11,11.31,11.05,11.18,21300,11.18
2012-08-31,11.00,11.00,10.91,10.95,2000,10.95
2012-08-30,10.76,10.83,10.74,10.77,3600,10.77
2012-08-29,10.97,11.04,10.94,11.02,2900,11.02
2012-08-28,11.01,11.09,11.00,11.00,11000,11.00
2012-08-27,11.06,11.12,11.03,11.03,2600,11.03
2012-08-24,11.13,11.15,11.00,11.07,33700,11.07
2012-08-23,10.95,11.02,10.94,10.94,3600,10.94
2012-08-22,10.87,10.87,10.83,10.83,1100,10.83
2012-08-21,10.69,10.69,10.56,10.61,1200,10.61
2012-08-20,10.51,10.59,10.50,10.52,2400,10.52
2012-08-17,10.67,10.76,10.64,10.64,700,10.64
2012-08-16,10.87,10.87,10.80,10.80,1100,10.80
2012-08-15,10.84,10.87,10.78,10.80,1000,10.80
2012-08-14,10.87,10.88,10.86,10.88,1900,10.88
2012-08-13,10.99,11.06,10.98,10.98,5000,10.98
2012-08-10,10.82,10.95,10.82,10.91,3200,10.91
2012-08-09,10.64,10.75,10.64,10.75,1300,10.75
2012-08-08,11.03,11.18,11.03,11.18,6500,11.18
2012-08-07,11.37,11.45,11.27,11.40,19500,11.40
2012-08-06,10.45,10.61,10.45,10.60,6100,10.60
2012-08-03,10.13,10.18,10.05,10.15,11500,10.15
2012-08-02,10.15,10.24,10.15,10.17,5600,10.17
2012-08-01,10.56,10.56,10.56,10.56,400,10.56
2012-07-31,10.68,10.76,10.66,10.75,1000,10.75
2012-07-30,10.52,10.61,10.47,10.59,6300,10.59
2012-07-27,10.41,10.42,10.35,10.40,5900,10.40
2012-07-26,10.85,10.86,10.81,10.82,1000,10.82
2012-07-25,10.69,10.72,10.60,10.70,8800,10.70
2012-07-24,10.70,10.70,10.63,10.64,5700,10.64
2012-07-23,10.49,10.54,10.43,10.50,4400,10.50
2012-07-20,10.80,10.85,10.72,10.81,2000,10.81
2012-07-19,10.87,10.89,10.87,10.89,3500,10.89
2012-07-18,10.80,10.83,10.80,10.80,2300,10.80
2012-07-17,10.75,10.90,10.75,10.80,11900,10.80
2012-07-16,11.48,11.48,11.40,11.42,6500,11.42
2012-07-13,11.25,11.44,11.25,11.38,73600,11.38
2012-07-12,10.98,11.05,10.98,11.00,31100,11.00
2012-07-11,10.38,10.40,10.36,10.39,5000,10.39
2012-07-10,10.15,10.17,10.10,10.10,3400,10.10
2012-07-09,10.12,10.15,10.09,10.15,2200,10.15
2012-07-06,10.03,10.03,9.93,10.02,8100,10.02
2012-07-05,10.03,10.10,10.03,10.08,20200,10.08
2012-07-03,10.72,10.80,10.72,10.75,9300,10.75
2012-07-02,10.27,10.54,10.27,10.53,14800,10.53
2012-06-29,10.41,10.47,10.41,10.45,25300,10.45
2012-06-28,10.09,10.13,10.05,10.12,13500,10.12
2012-06-27,10.05,10.11,10.04,10.07,14100,10.07
2012-06-26,9.74,9.77,9.70,9.71,11300,9.71
2012-06-25,9.64,9.64,9.64,9.64,800,9.64
2012-06-22,9.86,9.87,9.78,9.84,14000,9.84
2012-06-21,9.60,9.95,9.51,9.80,30100,9.80
2012-06-20,9.51,9.51,9.45,9.46,3700,9.46
2012-06-19,9.48,9.48,9.43,9.46,4600,9.46
2012-06-18,9.47,9.51,9.41,9.41,5300,9.41
2012-06-15,9.54,9.55,9.50,9.51,7200,9.51
2012-06-14,9.31,9.37,9.31,9.37,1000,9.37
2012-06-13,9.41,9.41,9.33,9.35,2500,9.35
2012-06-12,9.51,9.51,9.48,9.48,5900,9.48
2012-06-11,9.61,9.61,9.47,9.47,1000,9.47
2012-06-08,9.60,9.67,9.57,9.65,1200,9.65
2012-06-07,9.72,9.75,9.67,9.67,19100,9.67
2012-06-06,9.46,9.52,9.46,9.47,2300,9.47
2012-06-05,9.36,9.39,9.36,9.37,7900,9.37
2012-06-04,9.41,9.42,9.37,9.37,4500,9.37
2012-06-01,9.39,9.39,9.36,9.36,3700,9.36
2012-05-31,9.50,9.59,9.49,9.55,13900,9.55
2012-05-30,9.25,9.25,9.25,9.25,300,9.25
2012-05-29,9.51,9.53,9.48,9.53,1000,9.53
2012-05-25,9.51,9.55,9.51,9.55,1500,9.55
2012-05-24,9.49,9.55,9.43,9.45,2900,9.45
2012-05-23,9.28,9.28,9.23,9.27,3100,9.27
2012-05-22,9.46,9.49,9.33,9.33,2300,9.33
2012-05-21,9.28,9.34,9.27,9.34,6000,9.34
2012-05-18,9.35,9.35,9.10,9.26,9200,9.26
2012-05-17,8.90,9.04,8.90,9.04,21900,9.04
2012-05-16,8.85,8.87,8.79,8.86,5300,8.86
2012-05-15,8.78,9.14,8.78,9.06,22000,9.06
2012-05-14,8.78,8.79,8.24,8.34,14200,8.34
2012-05-11,9.03,9.06,8.94,9.04,10800,9.04
2012-05-10,9.36,9.47,9.34,9.45,20000,9.45
2012-05-09,9.17,9.17,9.10,9.17,6000,9.17
2012-05-08,9.30,9.33,9.24,9.33,16700,9.33
2012-05-07,9.16,9.23,9.13,9.23,19000,9.23
2012-05-04,9.40,9.41,9.36,9.36,2700,9.36
2012-05-03,9.42,9.44,9.34,9.44,17000,9.44
2012-05-02,9.42,9.47,9.42,9.46,7200,9.46
2012-05-01,9.42,9.44,9.38,9.42,4500,9.42
2012-04-30,9.77,9.80,9.72,9.74,7000,9.74
2012-04-27,9.58,9.79,9.58,9.79,26000,9.79
2012-04-26,9.38,9.39,9.37,9.38,1100,9.38
2012-04-25,9.44,9.44,9.26,9.32,3700,9.32
2012-04-24,9.61,9.66,9.54,9.54,6900,9.54
2012-04-23,9.47,9.54,9.46,9.54,6200,9.54
2012-04-20,9.33,9.54,9.33,9.49,5500,9.49
2012-04-19,9.44,9.44,9.33,9.33,10800,9.33
2012-04-18,9.48,9.53,9.44,9.48,3400,9.48
2012-04-17,9.61,9.64,9.58,9.59,6800,9.59
2012-04-16,9.61,9.65,9.52,9.59,21400,9.59
2012-04-13,9.52,9.58,9.41,9.54,12000,9.54
2012-04-12,9.30,9.34,9.30,9.32,5400,9.32
2012-04-11,9.25,9.28,9.23,9.26,7800,9.26
2012-04-10,9.30,9.30,9.12,9.12,12200,9.12
2012-04-09,9.00,9.32,9.00,9.19,21300,9.19
2012-04-05,8.77,8.77,8.70,8.71,2500,8.71
2012-04-04,8.81,8.84,8.73,8.73,2500,8.73
2012-04-03,8.72,8.72,8.54,8.57,6200,8.57
2012-04-02,8.74,8.80,8.67,8.67,2700,8.67
2012-03-30,8.76,8.89,8.76,8.85,25200,8.85
2012-03-29,8.27,8.28,8.22,8.23,8600,8.23
2012-03-28,8.07,8.09,8.04,8.05,6300,8.05
2012-03-27,7.91,8.18,7.91,8.00,50400,8.00
2012-03-26,7.75,7.94,7.75,7.86,21400,7.86
2012-03-23,7.61,7.61,7.57,7.57,7200,7.57
2012-03-22,7.45,7.46,7.38,7.44,4500,7.44
2012-03-21,7.30,7.37,7.25,7.37,8600,7.37
2012-03-20,7.38,7.40,7.30,7.30,16200,7.30
2012-03-19,7.37,7.42,7.37,7.40,19300,7.40
2012-03-16,7.31,7.31,7.27,7.28,7000,7.28
2012-03-15,7.38,7.40,7.36,7.40,8000,7.40
2012-03-14,7.46,7.46,7.38,7.43,26500,7.43
2012-03-13,7.56,7.67,7.47,7.64,55400,7.64
2012-03-12,7.67,7.70,7.66,7.66,18500,7.66
2012-03-09,7.57,7.60,7.46,7.46,24300,7.46
2012-03-08,7.81,7.81,7.73,7.77,5600,7.77
2012-03-07,7.81,7.86,7.75,7.81,6200,7.81
2012-03-06,7.84,7.99,7.84,7.85,18700,7.85
2012-03-05,7.78,7.87,7.78,7.84,10500,7.84
2012-03-02,7.85,7.85,7.76,7.76,4100,7.76
2012-03-01,7.89,7.96,7.84,7.96,16900,7.96
2012-02-29,7.94,7.94,7.92,7.92,800,7.92
2012-02-28,7.68,7.86,7.68,7.86,7500,7.86
2012-02-27,7.59,7.65,7.53,7.57,12800,7.57
2012-02-24,7.75,7.75,7.65,7.67,6300,7.67
2012-02-23,7.66,7.83,7.66,7.83,17400,7.83
2012-02-22,7.56,7.62,7.55,7.55,10700,7.55
2012-02-21,7.34,7.37,7.33,7.37,10100,7.37
2012-02-17,7.40,7.40,7.33,7.34,8200,7.34
2012-02-16,7.65,7.69,7.59,7.66,9500,7.66
2012-02-15,7.83,7.83,7.73,7.74,5200,7.74
2012-02-14,7.97,7.97,7.93,7.97,2000,7.97
2012-02-13,7.99,8.05,7.99,8.05,1100,8.05
2012-02-10,7.96,8.01,7.91,8.01,7000,8.01
2012-02-09,8.01,8.01,7.93,7.95,15900,7.95
2012-02-08,8.36,8.41,8.31,8.41,4800,8.41
2012-02-07,8.56,8.58,8.53,8.58,4800,8.58
2012-02-06,8.57,8.70,8.57,8.59,6700,8.59
2012-02-03,8.60,8.65,8.60,8.61,17100,8.61
2012-02-02,8.41,8.50,8.41,8.44,4800,8.44
2012-02-01,8.40,8.62,8.40,8.62,12300,8.62
2012-01-31,8.26,8.55,8.26,8.50,11100,8.50
2012-01-30,8.11,8.21,8.11,8.18,3600,8.18
2012-01-27,8.00,8.02,7.99,8.02,2100,8.02
2012-01-26,8.09,8.09,7.97,7.98,1500,7.98
2012-01-25,8.08,8.29,8.08,8.27,12800,8.27
2012-01-24,7.91,7.91,7.80,7.86,5200,7.86
2012-01-23,8.10,8.13,7.88,8.12,27600,8.12
2012-01-20,7.65,7.72,7.62,7.71,5100,7.71
2012-01-19,7.75,7.80,7.71,7.72,20200,7.72
2012-01-18,7.72,7.83,7.63,7.82,62000,7.82
2012-01-17,7.89,7.89,7.72,7.72,8000,7.72
2012-01-13,8.11,8.11,8.04,8.05,16200,8.05
2012-01-12,7.74,7.74,7.64,7.68,27200,7.68
2012-01-11,8.34,8.34,8.25,8.27,8400,8.27
2012-01-10,8.63,8.71,8.58,8.59,18100,8.59
2012-01-09,8.78,8.85,8.75,8.77,10800,8.77
2012-01-06,8.81,8.84,8.77,8.79,4700,8.79
2012-01-05,9.00,9.00,8.95,8.96,1900,8.96
2012-01-04,9.04,9.06,8.99,9.06,3600,9.06
2012-01-03,8.98,9.09,8.98,9.08,11300,9.08
2011-12-30,8.85,8.86,8.85,8.85,2500,8.85
2011-12-29,8.77,8.85,8.77,8.85,3000,8.85
2011-12-28,8.78,8.81,8.66,8.72,24800,8.72
2011-12-27,8.92,8.92,8.83,8.86,7400,8.86
2011-12-23,8.93,9.01,8.91,9.01,13000,9.01
2011-12-22,8.78,8.92,8.78,8.86,13400,8.86
2011-12-21,8.80,8.80,8.71,8.76,4600,8.76
2011-12-20,8.97,9.11,8.97,9.08,40800,9.08
2011-12-19,8.72,8.74,8.62,8.62,9900,8.62
2011-12-16,8.53,8.59,8.48,8.48,6200,8.48
2011-12-15,8.49,8.49,8.40,8.40,1900,8.40
2011-12-14,8.60,8.66,8.53,8.54,6200,8.54
2011-12-13,8.87,8.97,8.70,8.70,8300,8.70
2011-12-12,8.95,8.95,8.74,8.82,5200,8.82
2011-12-09,9.05,9.20,9.05,9.20,4400,9.20
2011-12-08,8.94,8.99,8.80,8.94,10800,8.94
2011-12-07,8.90,9.05,8.86,8.99,37700,8.99
2011-12-06,9.21,9.22,9.18,9.18,2000,9.18
2011-12-05,9.24,9.24,9.09,9.12,2900,9.12
2011-12-02,9.24,9.29,9.14,9.22,2600,9.22
2011-12-01,9.26,9.35,9.23,9.35,7700,9.35
2011-11-30,9.63,9.75,9.58,9.69,20400,9.69
2011-11-29,9.08,9.08,8.85,8.98,3800,8.98
2011-11-28,9.16,9.29,9.16,9.18,5900,9.18
2011-11-25,9.09,9.11,9.02,9.05,8300,9.05
2011-11-23,9.42,9.43,9.31,9.31,4300,9.31
2011-11-22,9.62,9.71,9.59,9.71,2900,9.71
2011-11-21,9.63,9.63,9.39,9.61,7300,9.61
2011-11-18,9.78,9.92,9.75,9.80,5900,9.80
2011-11-17,9.55,9.75,9.55,9.67,3100,9.67
2011-11-16,9.68,9.93,9.61,9.66,10600,9.66
2011-11-15,9.83,9.86,9.66,9.80,4900,9.80
2011-11-14,9.88,9.98,9.84,9.98,3300,9.98
2011-11-11,9.55,10.00,9.55,9.78,29000,9.78
2011-11-10,9.39,9.44,9.29,9.33,5400,9.33
2011-11-09,9.11,9.29,9.11,9.15,44600,9.15
2011-11-08,9.07,9.09,8.88,8.89,11000,8.89
2011-11-07,9.11,9.30,9.03,9.30,21700,9.30
2011-11-04,9.08,9.09,8.91,8.94,7900,8.94
2011-11-03,9.13,9.13,8.99,9.11,12300,9.11
2011-11-02,9.03,9.05,8.86,9.05,2600,9.05
2011-11-01,9.00,9.00,8.80,8.86,17200,8.86
2011-10-31,9.26,9.26,9.01,9.06,32800,9.06
2011-10-28,9.68,9.68,9.40,9.53,20300,9.53
2011-10-27,9.52,9.64,9.38,9.46,14800,9.46
2011-10-26,9.57,9.57,9.36,9.52,2400,9.52
2011-10-25,9.47,9.48,9.23,9.29,24500,9.29
2011-10-24,9.50,9.65,9.46,9.63,10100,9.63
2011-10-21,9.50,9.50,9.31,9.41,30500,9.41
2011-10-20,9.69,9.73,9.59,9.70,4900,9.70
2011-10-19,9.61,9.61,9.35,9.35,24000,9.35
2011-10-18,9.84,9.97,9.59,9.95,20600,9.95
2011-10-17,10.09,10.09,9.89,9.93,31800,9.93
2011-10-14,10.35,10.40,10.25,10.40,25100,10.40
2011-10-13,10.60,10.60,10.21,10.38,25700,10.38
2011-10-12,10.82,10.86,10.71,10.81,17700,10.81
2011-10-11,10.90,10.90,10.68,10.75,78200,10.75
2011-10-10,10.72,10.87,10.72,10.85,10000,10.85
2011-10-07,10.79,10.79,10.49,10.55,11400,10.55
2011-10-06,10.75,10.90,10.75,10.87,6100,10.87
2011-10-05,10.98,11.02,10.86,10.97,5500,10.97
2011-10-04,10.84,11.11,10.73,11.11,20600,11.11
2011-10-03,10.98,11.13,10.86,10.92,38200,10.92
2011-09-30,11.48,11.58,11.40,11.41,22800,11.41
2011-09-29,11.30,11.35,11.03,11.03,23800,11.03
2011-09-28,11.24,11.26,10.87,11.09,43200,11.09
2011-09-27,11.00,11.07,10.80,10.80,16000,10.80
2011-09-26,10.82,10.98,10.63,10.89,17000,10.89
2011-09-23,10.85,10.95,10.67,10.82,11300,10.82
2011-09-22,10.87,10.90,10.62,10.79,16100,10.79
2011-09-21,10.87,10.87,10.41,10.44,9600,10.44
2011-09-20,11.15,11.15,11.00,11.00,13800,11.00
2011-09-19,11.01,11.20,11.01,11.05,13900,11.05
2011-09-16,11.34,11.34,11.15,11.28,23700,11.28
2011-09-15,10.87,10.95,10.71,10.80,25700,10.80
2011-09-14,10.98,11.19,10.90,11.06,80800,11.06
2011-09-13,11.09,11.20,11.09,11.20,7000,11.20
2011-09-12,10.62,10.84,10.58,10.78,18400,10.78
2011-09-09,10.84,10.84,10.59,10.70,16200,10.70
2011-09-08,10.75,10.76,10.53,10.67,15900,10.67
2011-09-07,11.03,11.13,10.94,11.02,10800,11.02
2011-09-06,10.90,11.02,10.86,11.02,20200,11.02
2011-09-02,10.98,10.99,10.90,10.96,8500,10.96
2011-09-01,11.39,11.40,11.26,11.30,21100,11.30
2011-08-31,11.60,11.78,11.52,11.73,64700,11.73
2011-08-30,11.20,11.36,11.12,11.31,64700,11.31
2011-08-29,10.84,11.04,10.80,11.03,29200,11.03
2011-08-26,10.88,10.96,10.68,10.94,71900,10.94
2011-08-25,10.52,10.55,10.30,10.33,18700,10.33
2011-08-24,10.70,10.91,10.69,10.90,30800,10.90
2011-08-23,10.45,10.60,10.45,10.54,17100,10.54
2011-08-22,10.44,10.68,10.44,10.52,25900,10.52
2011-08-19,10.09,10.35,10.09,10.13,44500,10.13
2011-08-18,10.15,10.15,9.96,10.00,12000,10.00
2011-08-17,10.51,10.53,10.40,10.41,12000,10.41
2011-08-16,9.97,10.16,9.97,10.13,9900,10.13
2011-08-15,10.20,10.31,10.19,10.31,8800,10.31
2011-08-12,10.02,10.09,9.91,10.07,23800,10.07
2011-08-11,10.00,10.37,10.00,10.13,28100,10.13
2011-08-10,9.67,9.74,9.49,9.50,36000,9.50
2011-08-09,9.44,9.59,9.32,9.56,17700,9.56
2011-08-08,9.57,9.70,9.29,9.33,20500,9.33
2011-08-05,9.95,9.97,9.69,9.82,21300,9.82
2011-08-04,9.90,9.91,9.65,9.65,28700,9.65
2011-08-03,10.30,10.30,10.12,10.27,29800,10.27
2011-08-02,10.51,10.55,10.37,10.37,29400,10.37
2011-08-01,10.35,10.51,10.29,10.34,54500,10.34
2011-07-29,9.79,9.96,9.73,9.94,57800,9.94
2011-07-28,9.68,9.81,9.68,9.74,30900,9.74
2011-07-27,9.39,9.39,9.25,9.26,10500,9.26
2011-07-26,9.39,9.45,9.39,9.45,5000,9.45
2011-07-25,9.40,9.47,9.40,9.45,16300,9.45
2011-07-22,9.28,9.35,9.23,9.23,24800,9.23
2011-07-21,9.28,9.31,9.23,9.24,20400,9.24
2011-07-20,9.20,9.20,9.10,9.13,11900,9.13
2011-07-19,9.28,9.37,9.28,9.31,11200,9.31
2011-07-18,9.20,9.23,9.14,9.21,17600,9.21
2011-07-15,9.25,9.29,9.25,9.25,9100,9.25
2011-07-14,9.32,9.36,9.25,9.25,20500,9.25
2011-07-13,9.32,9.43,9.32,9.34,18600,9.34
2011-07-12,9.35,9.43,9.35,9.36,19200,9.36
2011-07-11,9.50,9.54,9.39,9.41,20700,9.41
2011-07-08,9.50,9.62,9.39,9.50,53800,9.50
2011-07-07,9.57,9.70,9.57,9.69,47000,9.69
2011-07-06,9.50,9.58,9.48,9.55,23900,9.55
2011-07-05,9.26,9.43,9.26,9.37,30200,9.37
2011-07-01,9.42,9.50,9.42,9.45,63600,9.45
2011-06-30,9.43,9.55,9.43,9.53,66000,9.53
2011-06-29,9.32,9.38,9.27,9.38,12700,9.38
2011-06-28,9.39,9.47,9.39,9.47,15300,9.47
2011-06-27,9.06,9.09,8.92,9.07,26000,9.07
2011-06-24,9.31,9.37,9.13,9.16,50000,9.16
2011-06-23,9.29,9.33,9.21,9.32,107700,9.32
2011-06-22,9.40,9.51,9.23,9.29,81800,9.29
2011-06-21,9.33,9.44,9.24,9.39,25900,9.39
2011-06-20,9.01,9.01,8.84,8.90,48300,8.90
2011-06-17,9.45,9.56,9.43,9.44,23000,9.44
2011-06-16,9.61,9.74,9.58,9.60,33500,9.60
2011-06-15,9.95,9.95,9.71,9.75,46300,9.75
2011-06-14,9.85,9.95,9.77,9.83,58500,9.83
2011-06-13,9.51,9.89,9.51,9.72,52000,9.72
2011-06-10,9.48,9.50,9.32,9.33,46700,9.33
2011-06-09,9.34,9.40,9.31,9.35,24700,9.35
2011-06-08,9.40,9.40,9.20,9.20,46500,9.20
2011-06-07,9.33,9.33,9.19,9.19,18700,9.19
2011-06-06,9.08,9.34,9.05,9.15,30600,9.15
2011-06-03,8.85,8.88,8.81,8.83,1800,8.83
2011-06-02,8.96,9.04,8.84,8.86,40800,8.86
2011-06-01,8.85,8.85,8.66,8.71,58000,8.71
2011-05-31,8.92,8.92,8.71,8.79,54000,8.79
2011-05-27,9.01,9.02,8.89,8.90,67400,8.90
2011-05-26,8.85,9.04,8.85,8.98,43400,8.98
2011-05-25,8.68,8.72,8.60,8.68,1800,8.68
2011-05-24,8.85,8.87,8.79,8.79,6200,8.79
2011-05-23,8.71,8.88,8.69,8.85,98200,8.85
2011-05-20,8.49,8.58,8.44,8.44,25600,8.44
2011-05-19,8.40,8.48,8.37,8.40,3100,8.40
2011-05-18,8.36,8.53,8.36,8.45,29200,8.45
2011-05-17,8.01,8.04,7.97,8.02,4600,8.02
2011-05-16,8.11,8.13,7.98,8.01,44100,8.01
2011-05-13,8.65,8.65,8.16,8.17,31000,8.17
2011-05-12,8.48,8.63,8.48,8.52,14900,8.52
2011-05-11,8.41,8.54,8.41,8.49,44900,8.49
2011-05-10,8.35,8.42,8.35,8.41,19700,8.41
2011-05-09,7.94,8.08,7.94,8.06,5100,8.06
2011-05-06,8.20,8.26,7.94,7.95,57000,7.95
2011-05-05,7.97,8.15,7.89,8.00,87700,8.00
2011-05-04,8.22,8.22,7.99,8.00,55300,8.00
2011-05-03,8.31,8.32,8.17,8.20,23000,8.20
2011-05-02,8.35,8.35,8.28,8.30,11000,8.30
2011-04-29,8.37,8.38,8.30,8.35,9500,8.35
2011-04-28,8.10,8.37,8.10,8.30,72000,8.30
2011-04-27,7.94,7.94,7.85,7.90,3900,7.90
2011-04-26,7.74,7.88,7.74,7.87,6700,7.87
2011-04-25,7.75,7.75,7.66,7.72,5300,7.72
2011-04-21,7.90,7.96,7.90,7.94,7200,7.94
2011-04-20,7.91,7.91,7.80,7.87,8600,7.87
2011-04-19,7.78,7.96,7.78,7.95,41900,7.95
2011-04-18,7.31,7.33,7.28,7.31,9800,7.31
2011-04-15,7.40,7.46,7.40,7.44,8800,7.44
2011-04-14,7.03,7.12,7.03,7.11,2000,7.11
2011-04-13,6.92,6.92,6.86,6.91,2500,6.91
2011-04-12,6.84,6.84,6.74,6.77,9800,6.77
2011-04-11,6.98,6.99,6.91,6.92,7600,6.92
2011-04-08,6.83,6.83,6.80,6.81,8100,6.81
2011-04-07,6.80,6.81,6.67,6.76,8800,6.76
2011-04-06,6.86,6.99,6.80,6.86,32300,6.86
2011-04-05,7.16,7.16,7.05,7.05,12200,7.05
2011-04-04,7.34,7.35,7.25,7.29,2400,7.29
2011-04-01,7.45,7.47,7.34,7.38,5100,7.38
2011-03-31,7.41,7.47,7.37,7.38,10700,7.38
2011-03-30,7.50,7.51,7.31,7.45,10200,7.45
2011-03-29,7.26,7.35,7.26,7.34,3600,7.34
2011-03-28,7.23,7.38,7.16,7.20,21500,7.20
2011-03-25,7.32,7.32,7.15,7.15,36800,7.15
2011-03-24,7.15,7.27,7.14,7.27,22700,7.27
2011-03-23,7.40,7.41,7.32,7.33,49300,7.33
2011-03-22,7.56,7.56,7.42,7.49,7000,7.49
2011-03-21,7.36,7.55,7.36,7.55,12400,7.55
2011-03-18,7.12,7.40,7.12,7.30,34200,7.30
2011-03-17,7.02,7.45,7.02,7.35,156200,7.35
2011-03-16,6.57,6.82,6.40,6.59,107300,6.59
2011-03-15,5.77,6.66,5.71,6.42,236200,6.42
2011-03-14,6.37,7.00,6.25,6.85,97600,6.85
2011-03-11,7.39,7.39,7.27,7.32,20100,7.32
2011-03-10,7.62,7.63,7.55,7.55,10500,7.55
2011-03-09,7.86,7.86,7.79,7.81,7300,7.81
2011-03-08,7.98,7.99,7.89,7.97,25000,7.97
2011-03-07,7.88,7.88,7.73,7.73,5700,7.73
2011-03-04,7.99,7.99,7.83,7.86,17900,7.86
2011-03-03,8.12,8.23,8.10,8.19,20200,8.19
2011-03-02,8.24,8.24,8.08,8.11,15600,8.11
2011-03-01,8.20,8.29,8.17,8.24,17800,8.24
2011-02-28,8.18,8.36,8.18,8.25,44700,8.25
2011-02-25,7.81,7.93,7.81,7.90,45100,7.90
2011-02-24,7.61,7.63,7.52,7.62,17200,7.62
2011-02-23,7.74,7.76,7.60,7.66,28100,7.66
2011-02-22,7.71,7.71,7.55,7.59,29800,7.59
2011-02-18,7.76,7.93,7.72,7.91,49600,7.91
2011-02-17,7.63,7.74,7.60,7.71,18100,7.71
2011-02-16,7.59,7.59,7.55,7.56,3200,7.56
2011-02-15,7.72,7.74,7.57,7.64,49200,7.64
2011-02-14,7.56,7.57,7.44,7.50,76000,7.50
2011-02-11,7.06,7.10,7.01,7.10,10200,7.10
2011-02-10,7.04,7.13,7.04,7.08,12100,7.08
2011-02-09,7.32,7.35,7.23,7.35,3600,7.35
2011-02-08,7.46,7.46,7.37,7.37,5300,7.37
2011-02-07,7.47,7.59,7.47,7.50,26800,7.50
2011-02-04,7.45,7.45,7.27,7.27,11400,7.27
2011-02-03,7.50,7.56,7.45,7.53,800,7.53
2011-02-02,7.53,7.58,7.46,7.47,21700,7.47
2011-02-01,7.38,7.55,7.38,7.47,11500,7.47
2011-01-31,7.29,7.32,7.20,7.20,6300,7.20
2011-01-28,7.16,7.18,7.04,7.08,25000,7.08
2011-01-27,7.32,7.35,7.27,7.33,2500,7.33
2011-01-26,7.34,7.40,7.28,7.34,11300,7.34
2011-01-25,7.40,7.45,7.39,7.41,4900,7.41
2011-01-24,7.38,7.39,7.33,7.39,14600,7.39
2011-01-21,7.50,7.50,7.30,7.34,40300,7.34
2011-01-20,7.67,7.67,7.53,7.59,16000,7.59
2011-01-19,7.81,7.93,7.72,7.81,67100,7.81
2011-01-18,7.74,7.97,7.74,7.90,75700,7.90
2011-01-14,7.54,7.65,7.54,7.59,47900,7.59
2011-01-13,7.54,7.64,7.39,7.49,81400,7.49
2011-01-12,7.21,7.25,7.15,7.23,26600,7.23
2011-01-11,7.31,7.48,7.30,7.45,98400,7.45
2011-01-10,6.97,7.05,6.97,7.00,21300,7.00
2011-01-07,7.02,7.08,6.94,6.98,26900,6.98
2011-01-06,6.97,7.01,6.95,6.96,6800,6.96
2011-01-05,6.96,6.98,6.90,6.98,20200,6.98
2011-01-04,7.08,7.12,7.04,7.05,19700,7.05
2011-01-03,6.95,7.04,6.95,7.00,9200,7.00
2010-12-31,6.96,6.99,6.88,6.92,10800,6.92
2010-12-30,6.96,6.99,6.96,6.97,6000,6.97
2010-12-29,6.92,7.00,6.91,6.96,6500,6.96
2010-12-28,6.85,6.95,6.84,6.92,30300,6.92
2010-12-27,6.79,6.87,6.71,6.80,35700,6.80
2010-12-23,6.58,6.60,6.51,6.51,49200,6.51
2010-12-22,6.57,6.65,6.55,6.59,22900,6.59
2010-12-21,6.82,6.83,6.76,6.76,13300,6.76
2010-12-20,6.79,6.82,6.78,6.78,7300,6.78
2010-12-17,6.76,6.83,6.74,6.81,10900,6.81
2010-12-16,6.94,6.96,6.91,6.94,13500,6.94
2010-12-15,6.98,7.13,6.95,6.96,50600,6.96
2010-12-14,6.93,7.05,6.72,6.86,91200,6.86
2010-12-13,6.52,6.73,6.52,6.65,46600,6.65
2010-12-10,6.29,6.33,6.27,6.30,4400,6.30
2010-12-09,6.30,6.30,6.20,6.20,5500,6.20
2010-12-08,6.46,6.48,6.42,6.48,12500,6.48
2010-12-07,6.51,6.60,6.50,6.53,26000,6.53
2010-12-06,6.21,6.33,6.18,6.33,16200,6.33
2010-12-03,5.96,6.07,5.96,6.06,9200,6.06
2010-12-02,5.97,6.03,5.97,6.02,12900,6.02
2010-12-01,5.80,5.93,5.80,5.87,12000,5.87
2010-11-30,5.70,5.75,5.69,5.73,5800,5.73
2010-11-29,5.72,5.75,5.68,5.73,5200,5.73
2010-11-26,5.68,5.69,5.60,5.66,15700,5.66
2010-11-24,5.99,6.00,5.90,6.00,21700,6.00
2010-11-23,6.07,6.07,5.95,6.00,12900,6.00
2010-11-22,5.93,6.09,5.93,6.07,25400,6.07
2010-11-19,5.88,5.88,5.68,5.84,5200,5.84
2010-11-18,5.93,6.00,5.93,5.96,45000,5.96
2010-11-17,5.71,5.78,5.71,5.75,3900,5.75
2010-11-16,5.84,5.95,5.81,5.87,42200,5.87
2010-11-15,5.86,5.86,5.65,5.78,25300,5.78
2010-11-12,5.43,5.48,5.30,5.32,28000,5.32
2010-11-11,5.57,5.57,5.47,5.53,7400,5.53
2010-11-10,5.74,5.77,5.67,5.72,11100,5.72
2010-11-09,5.77,5.85,5.66,5.69,30800,5.69
2010-11-08,5.44,5.50,5.44,5.49,14100,5.49
2010-11-05,5.30,5.36,5.29,5.30,9800,5.30
2010-11-04,5.25,5.26,5.22,5.23,3300,5.23
2010-11-03,5.17,5.19,5.08,5.13,18500,5.13
2010-11-02,5.17,5.37,5.17,5.23,9100,5.23
2010-11-01,5.30,5.31,5.25,5.25,2600,5.25
2010-10-29,5.35,5.38,5.31,5.36,9600,5.36
2010-10-28,5.22,5.24,5.20,5.24,1700,5.24
2010-10-27,5.23,5.29,5.23,5.25,8700,5.25
2010-10-26,5.17,5.21,5.11,5.16,16000,5.16
2010-10-25,5.28,5.30,5.23,5.23,31000,5.23
2010-10-22,5.42,5.45,5.40,5.41,18400,5.41
2010-10-21,5.39,5.64,5.29,5.29,44000,5.29
2010-10-20,5.35,5.59,5.22,5.32,31300,5.32
2010-10-19,5.58,5.58,5.40,5.47,8700,5.47
2010-10-18,5.56,5.62,5.51,5.51,7900,5.51
2010-10-15,5.59,5.77,5.55,5.59,17400,5.59
2010-10-14,5.84,5.84,5.60,5.68,50900,5.68
2010-10-13,5.94,6.15,5.75,5.94,101100,5.94
2010-10-12,6.25,6.32,6.18,6.26,23200,6.26
2010-10-11,6.42,6.50,6.42,6.49,19800,6.49
2010-10-08,6.43,6.49,6.43,6.46,12500,6.46
2010-10-07,6.63,6.64,6.59,6.61,10500,6.61
2010-10-06,6.42,6.44,6.42,6.43,9200,6.43
2010-10-05,6.42,6.46,6.42,6.42,20000,6.42
2010-10-04,6.42,6.42,6.33,6.35,11800,6.35
2010-10-01,6.63,6.66,6.57,6.65,31100,6.65
2010-09-30,6.66,6.75,6.53,6.62,109100,6.62
2010-09-29,6.65,6.71,6.60,6.68,8900,6.68
2010-09-28,6.63,6.67,6.53,6.67,40300,6.67
2010-09-27,6.39,6.50,6.39,6.47,8800,6.47
2010-09-24,6.21,6.24,6.17,6.24,72800,6.24
2010-09-23,6.29,6.30,6.25,6.27,7000,6.27
2010-09-22,6.35,6.35,6.27,6.27,7900,6.27
2010-09-21,6.42,6.47,6.39,6.43,8200,6.43
2010-09-20,6.29,6.37,6.27,6.37,14700,6.37
2010-09-17,6.15,6.30,6.15,6.27,19700,6.27
2010-09-16,6.19,6.19,6.14,6.18,6800,6.18
2010-09-15,6.23,6.29,6.15,6.29,6300,6.29
2010-09-14,6.41,6.42,6.33,6.42,14500,6.42
2010-09-13,6.58,6.58,6.52,6.53,35600,6.53
2010-09-10,6.35,6.37,6.31,6.31,12100,6.31
2010-09-09,6.48,6.48,6.38,6.42,19100,6.42
2010-09-08,6.43,6.54,6.43,6.51,34700,6.51
2010-09-07,6.71,6.71,6.59,6.59,6500,6.59
2010-09-03,6.74,6.82,6.74,6.76,13500,6.76
2010-09-02,6.64,6.65,6.55,6.58,11100,6.58
2010-09-01,6.60,6.78,6.60,6.78,34200,6.78
2010-08-31,6.51,6.56,6.33,6.48,13400,6.48
2010-08-30,6.56,6.59,6.52,6.57,24600,6.57
2010-08-27,6.46,6.53,6.45,6.51,19100,6.51
2010-08-26,6.44,6.45,6.38,6.41,15400,6.41
2010-08-25,6.32,6.38,6.25,6.38,39100,6.38
2010-08-24,5.98,6.06,5.98,6.02,38300,6.02
2010-08-23,6.09,6.15,6.07,6.09,16200,6.09
2010-08-20,5.95,6.01,5.94,5.98,17400,5.98
2010-08-19,6.04,6.04,5.90,5.98,11900,5.98
2010-08-18,6.07,6.11,5.97,5.99,16000,5.99
2010-08-17,6.28,6.28,6.19,6.19,48500,6.19
2010-08-16,6.39,6.49,6.15,6.17,66100,6.17
2010-08-13,6.91,7.13,6.88,6.88,5900,6.88
2010-08-12,6.84,7.02,6.84,7.02,13500,7.02
2010-08-11,7.02,7.06,6.96,7.01,20700,7.01
2010-08-10,7.25,7.33,7.23,7.33,12200,7.33
2010-08-09,7.27,7.43,7.27,7.39,31100,7.39
2010-08-06,7.00,7.16,7.00,7.10,18800,7.10
2010-08-05,6.94,7.03,6.94,6.94,37600,6.94
2010-08-04,6.89,6.99,6.84,6.99,37200,6.99
2010-08-03,6.98,7.07,6.98,7.02,3000,7.02
2010-08-02,6.94,7.00,6.93,6.94,12500,6.94
2010-07-30,6.83,6.85,6.74,6.74,25900,6.74
2010-07-29,7.05,7.05,6.86,6.86,34700,6.86
2010-07-28,7.06,7.10,7.06,7.08,5100,7.08
2010-07-27,7.13,7.13,7.06,7.10,24400,7.10
2010-07-26,7.12,7.23,7.09,7.22,16000,7.22
2010-07-23,7.03,7.17,7.03,7.13,14300,7.13
2010-07-22,6.95,7.11,6.95,7.07,36300,7.07
2010-07-21,6.83,6.85,6.74,6.74,12600,6.74
2010-07-20,6.72,6.95,6.70,6.88,70500,6.88
2010-07-19,7.10,7.13,7.05,7.07,10400,7.07
2010-07-16,7.17,7.17,7.08,7.12,14400,7.12
2010-07-15,7.32,7.32,7.00,7.20,25300,7.20
2010-07-14,7.45,7.45,7.34,7.38,24300,7.38
2010-07-13,7.55,7.58,7.45,7.52,34700,7.52
2010-07-12,7.60,7.70,7.59,7.59,20600,7.59
2010-07-09,7.67,7.67,7.57,7.58,32600,7.58
2010-07-08,8.01,8.05,7.60,7.80,79300,7.80
2010-07-07,8.37,8.37,7.88,8.14,80200,8.14
2010-07-06,7.98,8.23,7.98,8.15,75300,8.15
2010-07-02,7.83,7.97,7.77,7.82,23300,7.82
2010-07-01,7.50,7.88,7.50,7.79,55700,7.79
2010-06-30,7.15,7.35,7.06,7.27,36300,7.27
2010-06-29,7.03,7.06,6.95,6.95,16600,6.95
2010-06-28,7.07,7.16,6.96,6.99,15000,6.99
2010-06-25,7.35,7.49,7.25,7.44,8500,7.44
2010-06-24,7.43,7.47,7.33,7.34,4400,7.34
2010-06-23,7.47,7.48,7.39,7.46,22900,7.46
2010-06-22,7.55,7.66,7.49,7.55,47400,7.55
2010-06-21,7.40,7.48,7.40,7.48,60100,7.48
2010-06-18,7.13,7.13,7.05,7.07,20300,7.07
2010-06-17,7.15,7.29,7.01,7.17,46900,7.17
2010-06-16,7.34,7.34,7.21,7.25,30600,7.25
2010-06-15,7.24,7.60,7.20,7.33,56000,7.33
2010-06-14,7.28,7.40,7.25,7.30,29100,7.30
2010-06-11,7.10,7.22,7.05,7.22,30500,7.22
2010-06-10,7.34,7.49,7.31,7.42,42600,7.42
2010-06-09,6.90,7.39,6.87,7.26,123300,7.26
2010-06-08,6.56,6.70,6.49,6.52,27300,6.52
2010-06-07,6.50,6.50,6.36,6.43,33600,6.43
2010-06-04,6.46,6.54,6.23,6.54,61900,6.54
2010-06-03,6.48,6.48,6.31,6.45,27800,6.45
2010-06-02,6.42,6.45,6.15,6.38,77700,6.38
2010-06-01,5.43,5.86,5.43,5.70,13400,5.70
2010-05-28,5.70,5.70,5.61,5.63,14200,5.63
2010-05-27,6.00,6.01,5.73,5.79,7400,5.79
2010-05-26,5.75,5.75,5.45,5.45,41400,5.45
2010-05-25,5.70,6.00,5.53,5.73,66800,5.73
2010-05-24,6.30,6.34,6.18,6.25,20700,6.25
2010-05-21,6.00,6.16,5.99,6.14,51700,6.14
2010-05-20,6.00,6.08,5.84,5.86,15200,5.86
2010-05-19,5.95,6.12,5.95,6.03,19600,6.03
2010-05-18,6.14,6.14,5.76,5.80,31600,5.80
2010-05-17,6.14,6.44,6.02,6.19,33000,6.19
2010-05-14,6.35,6.46,6.04,6.41,117700,6.41
2010-05-13,5.53,5.76,5.53,5.68,11000,5.68
2010-05-12,5.82,5.89,5.74,5.83,17000,5.83
2010-05-11,5.83,5.91,5.80,5.88,7100,5.88
2010-05-10,6.13,6.14,5.72,5.81,26100,5.81
2010-05-07,6.13,6.26,5.90,5.95,6500,5.95
2010-05-06,6.01,6.30,5.96,6.30,36000,6.30
2010-05-05,5.96,5.96,5.82,5.84,28900,5.84
2010-05-04,6.14,6.14,5.97,6.02,7900,6.02
2010-05-03,6.15,6.20,6.12,6.19,5800,6.19
2010-04-30,6.25,6.25,6.14,6.14,10400,6.14
2010-04-29,6.19,6.35,6.19,6.33,11600,6.33
2010-04-28,6.20,6.26,6.16,6.25,8000,6.25
2010-04-27,6.13,6.43,6.03,6.28,29600,6.28
2010-04-26,6.20,6.39,6.19,6.34,39400,6.34
2010-04-23,6.09,6.09,5.98,6.06,5200,6.06
2010-04-22,5.81,6.04,5.81,6.03,11200,6.03
2010-04-21,5.92,5.94,5.87,5.88,4000,5.88
2010-04-20,5.64,5.93,5.64,5.84,8800,5.84
2010-04-19,5.81,5.82,5.74,5.81,8800,5.81
2010-04-16,5.86,5.86,5.64,5.73,11400,5.73
2010-04-15,5.99,6.08,5.83,5.91,12300,5.91
2010-04-14,6.06,6.06,5.95,6.05,18700,6.05
2010-04-13,6.09,6.09,6.03,6.09,13400,6.09
2010-04-12,5.76,6.04,5.76,5.98,44500,5.98
2010-04-09,5.28,5.46,5.28,5.39,2400,5.39
2010-04-08,5.26,5.33,5.26,5.33,7200,5.33
2010-04-07,5.30,5.40,5.30,5.35,2700,5.35
2010-04-06,5.19,5.37,5.19,5.34,8700,5.34
2010-04-05,5.17,5.30,5.15,5.29,9300,5.29
2010-04-01,5.45,5.45,5.13,5.14,10900,5.14
2010-03-31,5.56,5.60,5.45,5.45,4000,5.45
2010-03-30,5.57,5.78,5.57,5.66,16800,5.66
2010-03-29,5.59,5.66,5.51,5.57,3700,5.57
2010-03-26,5.54,5.60,5.46,5.54,26100,5.54
2010-03-25,5.76,5.76,5.55,5.55,13200,5.55
2010-03-24,5.72,5.80,5.65,5.79,27100,5.79
2010-03-23,5.75,5.84,5.70,5.84,5800,5.84
2010-03-22,5.74,5.84,5.70,5.73,11100,5.73
2010-03-19,5.83,5.83,5.74,5.74,1000,5.74
2010-03-18,5.75,5.75,5.67,5.70,2800,5.70
2010-03-17,5.73,5.73,5.62,5.70,13100,5.70
2010-03-16,5.70,5.72,5.67,5.67,8300,5.67
2010-03-15,5.59,5.71,5.59,5.70,17400,5.70
2010-03-12,5.45,5.69,5.45,5.62,46200,5.62
2010-03-11,5.42,5.47,5.39,5.39,16200,5.39
2010-03-10,5.28,5.44,5.28,5.39,44800,5.39
2010-03-09,5.13,5.28,5.13,5.28,6400,5.28
2010-03-08,5.18,5.27,5.16,5.23,19100,5.23
2010-03-05,5.14,5.25,5.14,5.24,16400,5.24
2010-03-04,5.13,5.20,5.08,5.20,2700,5.20
2010-03-03,5.00,5.18,4.98,5.10,18500,5.10
2010-03-02,4.90,5.10,4.90,5.10,17300,5.10
2010-03-01,4.90,4.90,4.84,4.89,4300,4.89
2010-02-26,4.88,4.88,4.87,4.88,1100,4.88
2010-02-25,4.84,4.87,4.70,4.87,10100,4.87
2010-02-24,4.75,4.84,4.74,4.84,9200,4.84
2010-02-23,4.74,4.74,4.61,4.61,20900,4.61
2010-02-22,4.69,4.70,4.65,4.65,3300,4.65
2010-02-19,4.71,4.73,4.62,4.63,7000,4.63
2010-02-18,4.61,4.72,4.58,4.70,9300,4.70
2010-02-17,4.59,4.59,4.46,4.51,4700,4.51
2010-02-16,4.40,4.65,4.40,4.50,24000,4.50
2010-02-12,4.25,4.40,4.24,4.40,3000,4.40
2010-02-11,4.20,4.27,4.17,4.22,6800,4.22
2010-02-10,4.34,4.35,4.30,4.35,6100,4.35
2010-02-09,4.29,4.29,4.27,4.29,3800,4.29
2010-02-08,4.27,4.27,4.17,4.24,18400,4.24
2010-02-05,4.20,4.30,4.15,4.29,33900,4.29
2010-02-04,4.22,4.22,4.15,4.15,3900,4.15
2010-02-03,4.29,4.31,4.25,4.28,6500,4.28
2010-02-02,4.15,4.29,4.15,4.29,6500,4.29
2010-02-01,4.26,4.26,4.09,4.16,23000,4.16
2010-01-29,4.42,4.42,4.27,4.28,5100,4.28
2010-01-28,4.50,4.50,4.36,4.38,5800,4.38
2010-01-27,4.35,4.43,4.32,4.43,5100,4.43
2010-01-26,4.40,4.40,4.33,4.34,1900,4.34
2010-01-25,4.51,4.51,4.31,4.31,3000,4.31
2010-01-22,4.43,4.50,4.39,4.40,17000,4.40
2010-01-21,4.35,4.42,4.32,4.37,7800,4.37
2010-01-20,4.55,4.55,4.35,4.38,3900,4.38
2010-01-19,4.34,4.57,4.34,4.51,11200,4.51
2010-01-15,4.49,4.49,4.33,4.34,13100,4.34
2010-01-14,4.43,4.47,4.38,4.41,4700,4.41
2010-01-13,4.38,4.49,4.37,4.49,9800,4.49
2010-01-12,4.45,4.45,4.34,4.36,8600,4.36
2010-01-11,4.38,4.55,4.31,4.55,3700,4.55
2010-01-08,4.31,4.39,4.31,4.33,14700,4.33
2010-01-07,4.43,4.44,4.34,4.36,23400,4.36
2010-01-06,4.50,4.50,4.44,4.45,16100,4.45
2010-01-05,4.57,4.57,4.48,4.48,13200,4.48
2010-01-04,4.47,4.67,4.47,4.60,24800,4.60
2009-12-31,4.58,4.58,4.48,4.52,22800,4.52
2009-12-30,4.60,4.60,4.51,4.52,14100,4.52
2009-12-29,4.67,4.79,4.64,4.68,9100,4.68
2009-12-28,4.68,4.69,4.56,4.56,39900,4.56
2009-12-24,4.75,4.75,4.61,4.68,22700,4.68
2009-12-23,4.90,4.91,4.80,4.80,4100,4.80
2009-12-22,5.03,5.05,4.85,5.05,8000,5.05
2009-12-21,4.82,5.10,4.81,5.10,24000,5.10
2009-12-18,4.84,5.25,4.84,5.25,13400,5.25
2009-12-17,5.00,5.00,4.75,4.75,7300,4.75
2009-12-16,4.86,4.93,4.72,4.72,11900,4.72
2009-12-15,4.80,4.85,4.79,4.81,4700,4.81
2009-12-14,4.81,4.92,4.81,4.92,15300,4.92
2009-12-11,4.97,5.15,4.90,5.15,1100,5.15
2009-12-10,5.20,5.20,5.01,5.04,4000,5.04
2009-12-09,5.25,5.30,5.17,5.29,2000,5.29
2009-12-08,5.26,5.26,5.14,5.25,2400,5.25
2009-12-07,5.33,5.33,5.26,5.26,7800,5.26
2009-12-04,5.38,5.38,5.21,5.21,5300,5.21
2009-12-03,5.46,5.50,5.27,5.28,12700,5.28
2009-12-02,5.31,5.31,5.14,5.20,11200,5.20
2009-12-01,5.16,5.40,5.13,5.39,30000,5.39
2009-11-30,4.92,5.05,4.87,5.05,21000,5.05
2009-11-27,4.80,4.94,4.73,4.94,3600,4.94
2009-11-25,4.93,4.95,4.93,4.93,2800,4.93
2009-11-24,5.12,5.12,4.80,4.94,6100,4.94
2009-11-23,5.15,5.18,5.07,5.08,17200,5.08
2009-11-20,4.94,5.14,4.94,5.02,22100,5.02
2009-11-19,4.79,4.85,4.76,4.79,6400,4.79
2009-11-18,5.00,5.00,4.73,4.73,40000,4.73
2009-11-17,5.40,5.40,5.00,5.16,52200,5.16
2009-11-16,5.43,5.54,5.35,5.37,29500,5.37
2009-11-13,5.62,5.62,5.56,5.60,5500,5.60
2009-11-12,5.51,5.62,5.35,5.54,14900,5.54
2009-11-11,5.71,5.84,5.71,5.84,5000,5.84
2009-11-10,5.83,5.83,5.83,5.83,100,5.83
2009-11-09,5.70,5.80,5.65,5.71,2000,5.71
2009-11-06,5.57,5.69,5.54,5.67,4200,5.67
2009-11-05,5.68,5.68,5.64,5.64,800,5.64
2009-11-04,5.51,5.61,5.51,5.58,1300,5.58
2009-11-03,5.62,5.62,5.56,5.56,700,5.56
2009-11-02,5.55,5.58,5.55,5.58,3400,5.58
2009-10-30,5.55,5.73,5.55,5.56,3900,5.56
2009-10-29,5.53,5.76,5.49,5.75,24200,5.75
2009-10-28,5.39,5.44,5.37,5.41,2900,5.41
2009-10-27,5.35,5.55,5.35,5.39,31100,5.39
2009-10-26,5.60,5.66,5.56,5.56,7800,5.56
2009-10-23,5.69,5.69,5.54,5.60,10600,5.60
2009-10-22,5.85,5.86,5.81,5.81,2600,5.81
2009-10-21,5.82,5.95,5.82,5.85,5900,5.85
2009-10-20,6.22,6.24,6.08,6.08,18900,6.08
2009-10-19,5.89,6.26,5.85,6.23,29900,6.23
2009-10-16,6.18,6.18,5.94,6.05,3600,6.05
2009-10-15,6.10,6.19,6.01,6.17,37800,6.17
2009-10-14,5.96,6.10,5.86,6.10,5700,6.10
2009-10-13,5.99,6.25,5.93,5.98,32900,5.98
2009-10-12,6.03,6.03,5.86,5.97,12800,5.97
2009-10-09,5.92,6.01,5.85,6.01,8900,6.01
2009-10-08,5.72,5.81,5.70,5.81,9700,5.81
2009-10-07,5.75,5.88,5.75,5.88,10400,5.88
2009-10-06,5.62,5.75,5.62,5.74,15400,5.74
2009-10-05,5.50,5.50,5.43,5.50,6800,5.50
2009-10-02,5.52,5.52,5.28,5.35,26400,5.35
2009-10-01,5.70,5.78,5.50,5.78,10400,5.78
2009-09-30,5.79,5.94,5.71,5.75,13800,5.75
2009-09-29,6.11,6.11,5.84,5.84,23900,5.84
2009-09-28,5.99,6.22,5.62,6.22,10400,6.22
2009-09-25,6.15,6.15,6.04,6.12,3300,6.12
2009-09-24,6.15,6.26,6.02,6.15,16300,6.15
2009-09-23,6.28,6.28,6.00,6.15,9400,6.15
2009-09-22,6.25,6.25,6.22,6.25,9600,6.25
2009-09-21,5.95,6.28,5.95,6.28,16300,6.28
2009-09-18,6.25,6.25,5.84,5.84,19000,5.84
2009-09-17,6.20,6.25,5.89,6.25,47600,6.25
2009-09-16,6.14,6.18,6.05,6.18,29000,6.18
2009-09-15,5.80,5.80,5.71,5.79,6100,5.79
2009-09-14,5.67,5.84,5.67,5.78,6900,5.78
2009-09-11,5.80,5.89,5.70,5.77,7500,5.77
2009-09-10,5.81,5.83,5.69,5.75,8400,5.75
2009-09-09,5.79,5.84,5.79,5.81,2200,5.81
2009-09-08,5.91,5.98,5.90,5.91,4200,5.91
2009-09-04,6.10,6.10,5.87,5.98,5000,5.98
2009-09-03,6.01,6.01,5.83,5.89,2200,5.89
2009-09-02,5.90,6.07,5.90,6.04,11400,6.04
2009-09-01,5.90,6.00,5.76,5.83,17100,5.83
2009-08-31,6.15,6.15,5.85,5.93,13400,5.93
2009-08-28,6.14,6.33,5.95,6.25,41300,6.25
2009-08-27,6.11,6.11,5.73,5.94,36800,5.94
2009-08-26,5.75,6.25,5.75,6.25,133100,6.25
2009-08-25,5.40,5.40,5.34,5.35,6900,5.35
2009-08-24,5.37,5.45,5.37,5.39,3300,5.39
2009-08-21,5.53,5.53,5.39,5.42,5700,5.42
2009-08-20,5.48,5.48,5.48,5.48,500,5.48
2009-08-19,5.48,5.48,5.40,5.43,1700,5.43
2009-08-18,5.42,5.48,5.32,5.48,3700,5.48
2009-08-17,5.26,5.45,5.10,5.42,17500,5.42
2009-08-14,5.45,5.56,5.38,5.50,11400,5.50
2009-08-13,5.50,5.54,5.35,5.48,8900,5.48
2009-08-12,5.48,5.64,5.26,5.40,53600,5.40
2009-08-11,4.95,5.01,4.95,4.95,10700,4.95
2009-08-10,4.97,5.24,4.95,4.95,18200,4.95
2009-08-07,5.20,5.20,4.99,4.99,19600,4.99
2009-08-06,5.45,5.45,5.18,5.21,30400,5.21
2009-08-05,5.15,5.39,5.11,5.39,78300,5.39
2009-08-04,5.51,5.51,5.15,5.15,41000,5.15
2009-08-03,5.45,5.72,5.35,5.72,21000,5.72
2009-07-31,5.60,5.60,5.45,5.51,6400,5.51
2009-07-30,5.74,5.79,5.66,5.74,24800,5.74
2009-07-29,5.71,5.71,5.55,5.61,4800,5.61
2009-07-28,5.66,5.76,5.56,5.74,53700,5.74
2009-07-27,4.76,5.08,4.76,5.05,25400,5.05
2009-07-24,5.06,5.17,5.05,5.13,12500,5.13
2009-07-23,5.20,5.24,4.85,5.18,10900,5.18
2009-07-22,5.05,5.29,5.05,5.27,35200,5.27
2009-07-21,4.86,5.04,4.82,4.99,24700,4.99
2009-07-20,4.74,4.99,4.51,4.99,73900,4.99
2009-07-17,4.78,4.90,4.65,4.89,43000,4.89
2009-07-16,4.57,4.86,4.57,4.76,81900,4.76
2009-07-15,4.31,4.77,4.31,4.55,212000,4.55
2009-07-14,4.57,4.57,4.37,4.55,14600,4.55
2009-07-13,4.96,4.96,4.44,4.68,37700,4.68
2009-07-10,5.07,5.28,4.90,5.17,87600,5.17
2009-07-09,4.46,4.94,4.46,4.74,162700,4.74
2009-07-08,4.06,4.50,3.91,4.50,138200,4.50
2009-07-07,3.75,3.79,3.67,3.67,11800,3.67
2009-07-06,3.69,3.70,3.67,3.67,11400,3.67
2009-07-02,3.65,3.66,3.65,3.66,3700,3.66
2009-07-01,3.84,3.84,3.66,3.77,2200,3.77
2009-06-30,3.85,3.89,3.65,3.84,11400,3.84
2009-06-29,3.65,3.91,3.65,3.91,26700,3.91
2009-06-26,3.92,3.93,3.89,3.93,3400,3.93
2009-06-25,3.89,3.89,3.89,3.89,000,3.89
2009-06-24,3.85,3.93,3.85,3.89,3000,3.89
2009-06-23,3.79,3.86,3.76,3.80,24300,3.80
2009-06-22,3.74,3.74,3.66,3.67,4900,3.67
2009-06-19,3.83,3.84,3.72,3.75,6500,3.75
2009-06-18,3.61,3.94,3.61,3.84,10400,3.84
2009-06-17,3.72,3.84,3.72,3.84,8100,3.84
2009-06-16,3.71,3.78,3.71,3.74,12000,3.74
2009-06-15,3.80,3.81,3.73,3.81,14200,3.81
2009-06-12,3.80,3.80,3.63,3.72,17700,3.72
2009-06-11,3.75,3.87,3.75,3.83,5000,3.83
2009-06-10,3.70,3.74,3.46,3.68,19300,3.68
2009-06-09,3.76,4.00,3.68,3.68,17400,3.68
2009-06-08,3.81,3.83,3.67,3.71,1200,3.71
2009-06-05,3.80,3.99,3.70,3.78,34600,3.78
2009-06-04,4.08,4.08,3.91,3.96,9000,3.96
2009-06-03,3.95,4.00,3.95,3.97,6500,3.97
2009-06-02,3.96,4.02,3.96,3.96,5300,3.96
2009-06-01,4.10,4.10,3.98,4.02,18100,4.02
2009-05-29,3.86,4.14,3.83,4.14,31000,4.14
2009-05-28,3.90,4.00,3.88,3.95,14000,3.95
2009-05-27,4.21,4.21,4.06,4.06,14900,4.06
2009-05-26,4.27,4.28,4.18,4.23,5100,4.23
2009-05-22,4.24,4.24,4.15,4.21,6400,4.21
2009-05-21,4.20,4.21,4.14,4.17,14600,4.17
2009-05-20,4.28,4.40,4.23,4.29,23100,4.29
2009-05-19,4.06,4.20,4.06,4.18,43400,4.18
2009-05-18,4.00,4.11,3.99,4.09,12900,4.09
2009-05-15,3.81,3.98,3.74,3.83,13600,3.83
2009-05-14,4.10,4.10,3.84,3.84,11800,3.84
2009-05-13,3.94,4.30,3.91,4.12,90700,4.12
2009-05-12,3.75,3.84,3.71,3.77,15200,3.77
2009-05-11,3.64,3.85,3.40,3.68,28800,3.68
2009-05-08,3.58,3.72,3.52,3.71,22700,3.71
2009-05-07,3.64,3.70,3.51,3.59,8700,3.59
2009-05-06,3.74,3.74,3.58,3.66,15000,3.66
2009-05-05,3.52,3.62,3.46,3.62,13800,3.62
2009-05-04,3.52,3.60,3.52,3.59,20100,3.59
2009-05-01,3.79,3.79,3.48,3.51,37200,3.51
2009-04-30,3.45,3.55,3.40,3.51,29600,3.51
2009-04-29,3.22,3.38,3.22,3.32,14200,3.32
2009-04-28,3.35,3.35,3.28,3.31,4000,3.31
2009-04-27,3.25,3.39,3.25,3.36,20400,3.36
2009-04-24,3.23,3.40,3.19,3.28,35000,3.28
2009-04-23,3.23,3.23,3.15,3.18,14000,3.18
2009-04-22,3.23,3.23,3.15,3.17,10700,3.17
2009-04-21,3.09,3.41,3.05,3.21,43400,3.21
2009-04-20,3.24,3.24,3.03,3.20,69900,3.20
2009-04-17,3.19,3.24,3.04,3.23,47700,3.23
2009-04-16,2.94,3.07,2.90,3.04,67800,3.04
2009-04-15,2.71,2.80,2.70,2.77,7700,2.77
2009-04-14,2.95,2.95,2.62,2.62,70800,2.62
2009-04-13,2.81,3.00,2.81,3.00,82000,3.00
2009-04-09,2.61,2.65,2.50,2.57,33400,2.57
2009-04-08,2.52,2.58,2.52,2.53,16300,2.53
2009-04-07,2.62,2.63,2.53,2.56,21400,2.56
2009-04-06,2.97,2.97,2.74,2.77,24100,2.77
2009-04-03,2.82,2.88,2.79,2.88,69800,2.88
2009-04-02,2.75,2.85,2.75,2.82,24100,2.82
2009-04-01,2.66,2.69,2.62,2.66,8100,2.66
2009-03-31,2.60,2.65,2.60,2.61,25900,2.61
2009-03-30,2.63,2.66,2.57,2.62,27300,2.62
2009-03-27,2.46,2.64,2.46,2.56,17800,2.56
2009-03-26,2.35,2.40,2.33,2.38,10000,2.38
2009-03-25,2.29,2.35,2.29,2.32,7400,2.32
2009-03-24,2.30,2.30,2.23,2.27,7400,2.27
2009-03-23,2.11,2.29,2.11,2.24,7000,2.24
2009-03-20,2.17,2.19,2.15,2.17,5900,2.17
2009-03-19,2.26,2.27,2.19,2.22,6600,2.22
2009-03-18,2.29,2.33,2.22,2.29,7100,2.29
2009-03-17,2.32,2.41,2.26,2.39,36900,2.39
2009-03-16,2.33,2.39,2.30,2.34,11500,2.34
2009-03-13,2.18,2.24,2.16,2.24,15400,2.24
2009-03-12,1.98,2.10,1.88,2.07,13600,2.07
2009-03-11,2.06,2.08,2.03,2.05,13400,2.05
2009-03-10,1.85,1.99,1.80,1.97,28100,1.97
2009-03-09,1.93,1.93,1.84,1.91,4500,1.91
2009-03-06,2.09,2.09,1.95,1.98,8000,1.98
2009-03-05,2.08,2.12,2.08,2.12,17300,2.12
2009-03-04,2.04,2.14,1.89,2.01,39200,2.01
2009-03-03,1.90,1.94,1.88,1.94,16800,1.94
2009-03-02,1.88,2.00,1.88,1.94,18600,1.94
2009-02-27,1.88,2.01,1.88,1.97,12800,1.97
2009-02-26,2.00,2.07,1.96,1.96,9800,1.96
2009-02-25,2.10,2.16,2.07,2.15,9700,2.15
2009-02-24,2.00,2.17,1.96,2.16,68400,2.16
2009-02-23,2.20,2.20,2.10,2.11,4100,2.11
2009-02-20,2.20,2.32,2.13,2.28,36400,2.28
2009-02-19,2.32,2.32,2.16,2.24,4700,2.24
2009-02-18,2.25,2.29,2.21,2.28,5000,2.28
2009-02-17,2.24,2.24,2.14,2.17,18400,2.17
2009-02-13,2.47,2.47,2.24,2.35,8500,2.35
2009-02-12,2.29,2.43,2.29,2.43,11100,2.43
2009-02-11,2.49,2.49,2.39,2.40,9000,2.40
2009-02-10,2.35,2.46,2.35,2.36,6200,2.36
2009-02-09,2.52,2.52,2.45,2.45,8600,2.45
2009-02-06,2.60,2.60,2.47,2.54,12300,2.54
2009-02-05,2.51,2.62,2.48,2.60,24800,2.60
2009-02-04,2.76,2.76,2.64,2.64,300,2.64
2009-02-03,2.54,2.69,2.54,2.68,20600,2.68
2009-02-02,2.66,2.66,2.51,2.53,6000,2.53
2009-01-30,2.60,2.69,2.59,2.59,3800,2.59
2009-01-29,2.77,2.77,2.64,2.65,5100,2.65
2009-01-28,2.71,2.85,2.71,2.81,32200,2.81
2009-01-27,2.70,2.70,2.61,2.68,21700,2.68
2009-01-26,2.42,2.50,2.42,2.43,12600,2.43
2009-01-23,2.33,2.40,2.32,2.40,35700,2.40
2009-01-22,2.40,2.40,2.27,2.30,18800,2.30
2009-01-21,2.34,2.34,2.19,2.25,65200,2.25
2009-01-20,2.49,2.59,2.20,2.27,589500,2.27
2009-01-16,2.54,3.43,2.50,2.51,348400,2.51
2009-01-15,2.40,2.45,2.38,2.44,25100,2.44
2009-01-14,2.44,2.44,2.33,2.37,22500,2.37
2009-01-13,2.54,2.55,2.45,2.46,23200,2.46
2009-01-12,2.60,2.61,2.53,2.56,19000,2.56
2009-01-09,2.61,2.71,2.57,2.57,18100,2.57
2009-01-08,2.66,2.73,2.66,2.70,7400,2.70
2009-01-07,2.71,2.72,2.61,2.61,19700,2.61
2009-01-06,2.76,2.85,2.76,2.76,19600,2.76
2009-01-05,2.93,2.93,2.78,2.80,21800,2.80
2009-01-02,2.98,2.98,2.89,2.94,11300,2.94
2008-12-31,2.97,2.97,2.89,2.94,31600,2.94
2008-12-30,2.66,2.90,2.66,2.89,21600,2.89
2008-12-29,2.83,2.84,2.65,2.65,37100,2.65
2008-12-26,2.72,2.86,2.72,2.83,11400,2.83
2008-12-24,2.65,2.86,2.65,2.74,9400,2.74
2008-12-23,2.79,2.96,2.73,2.74,16400,2.74
2008-12-22,2.83,2.98,2.79,2.79,20200,2.79
2008-12-19,2.89,2.96,2.89,2.94,8600,2.94
2008-12-18,3.05,3.08,2.90,2.92,18200,2.92
2008-12-17,3.00,3.13,3.00,3.00,25400,3.00
2008-12-16,2.97,3.14,2.97,3.13,14300,3.13
2008-12-15,3.03,3.08,2.93,2.93,23900,2.93
2008-12-12,2.96,3.10,2.90,3.08,18300,3.08
2008-12-11,2.92,3.03,2.91,2.95,43100,2.95
2008-12-10,2.87,2.89,2.84,2.84,5700,2.84
2008-12-09,2.78,2.89,2.78,2.85,8700,2.85
2008-12-08,2.86,2.96,2.86,2.90,29900,2.90
2008-12-05,2.74,2.79,2.71,2.79,12000,2.79
2008-12-04,2.83,2.83,2.70,2.71,22900,2.71
2008-12-03,2.73,2.88,2.73,2.83,30100,2.83
2008-12-02,2.95,3.29,2.79,2.88,57500,2.88
2008-12-01,2.74,2.84,2.61,2.63,69400,2.63
2008-11-28,2.90,2.96,2.90,2.90,14500,2.90
2008-11-26,2.95,3.15,2.95,3.09,75100,3.09
2008-11-25,2.93,2.99,2.81,2.96,97700,2.96
2008-11-24,2.68,2.92,2.68,2.79,54200,2.79
2008-11-21,2.70,2.75,2.59,2.74,35800,2.74
2008-11-20,2.51,2.64,2.51,2.56,51600,2.56
2008-11-19,2.75,2.76,2.61,2.61,24800,2.61
2008-11-18,2.68,2.78,2.60,2.78,26000,2.78
2008-11-17,2.75,2.75,2.65,2.66,91900,2.66
2008-11-14,2.78,2.81,2.71,2.72,31600,2.72
2008-11-13,2.71,2.88,2.55,2.78,99100,2.78
2008-11-12,2.77,3.30,2.74,2.84,99800,2.84
2008-11-11,3.11,3.11,2.76,2.86,244800,2.86
2008-11-10,3.44,3.49,3.11,3.31,123800,3.31
2008-11-07,3.03,3.32,3.01,3.31,144300,3.31
2008-11-06,2.65,2.85,2.59,2.69,125400,2.69
2008-11-05,2.50,2.58,2.48,2.50,108300,2.50
2008-11-04,2.42,2.44,2.28,2.37,100300,2.37
2008-11-03,2.10,2.23,2.10,2.18,96900,2.18
2008-10-31,2.10,2.20,1.97,2.09,146900,2.09
2008-10-30,1.90,1.98,1.88,1.88,230700,1.88
2008-10-29,1.88,1.94,1.82,1.88,425900,1.88
2008-10-28,2.33,2.37,1.83,1.86,496400,1.86
2008-10-27,2.90,2.90,2.42,2.42,108300,2.42
2008-10-24,3.01,3.01,2.85,2.93,46600,2.93
2008-10-23,3.28,3.52,3.18,3.33,75200,3.33
2008-10-22,3.58,3.58,3.35,3.36,77800,3.36
2008-10-21,3.92,3.92,3.70,3.70,108500,3.70
2008-10-20,3.86,4.11,3.86,4.07,73200,4.07
2008-10-17,3.80,4.10,3.65,3.70,102100,3.70
2008-10-16,3.71,4.05,3.70,4.02,81900,4.02
2008-10-15,3.99,3.99,3.61,3.62,62700,3.62
2008-10-14,4.52,4.52,3.95,4.15,244900,4.15
2008-10-13,4.14,4.40,3.92,4.31,87500,4.31
2008-10-10,4.21,4.30,3.60,3.90,283000,3.90
2008-10-09,4.94,4.94,4.40,4.48,168000,4.48
2008-10-08,4.61,4.90,4.60,4.90,90600,4.90
2008-10-07,5.01,5.01,4.63,4.72,108100,4.72
2008-10-06,5.12,5.32,4.94,5.10,126200,5.10
2008-10-03,5.15,5.50,5.15,5.20,140900,5.20
2008-10-02,5.50,5.50,5.22,5.22,131600,5.22
2008-10-01,5.71,5.83,5.63,5.81,247000,5.81
2008-09-30,5.47,5.86,5.40,5.79,88300,5.79
2008-09-29,5.50,5.50,4.88,5.25,75400,5.25
2008-09-26,5.42,5.57,5.37,5.50,45200,5.50
2008-09-25,5.45,5.69,5.43,5.66,160300,5.66
2008-09-24,5.15,5.32,5.01,5.14,89600,5.14
2008-09-23,4.49,4.68,4.49,4.62,43400,4.62
2008-09-22,4.85,4.85,4.35,4.40,187700,4.40
2008-09-19,4.71,4.86,4.66,4.86,90000,4.86
2008-09-18,4.44,4.59,4.01,4.46,361300,4.46
2008-09-17,4.50,4.51,3.97,4.10,384300,4.10
2008-09-16,4.64,4.70,4.46,4.50,267300,4.50
2008-09-15,5.02,5.02,4.61,4.68,177900,4.68
2008-09-12,5.37,5.37,5.04,5.08,168300,5.08
2008-09-11,5.50,5.50,5.20,5.42,139300,5.42
2008-09-10,6.00,6.04,5.91,5.99,40500,5.99
2008-09-09,6.29,6.29,5.94,5.96,82800,5.96
2008-09-08,6.54,6.54,6.31,6.36,70200,6.36
2008-09-05,6.50,6.51,6.31,6.40,64500,6.40
2008-09-04,6.53,6.74,6.52,6.59,44000,6.59
2008-09-03,6.49,6.69,6.49,6.64,36200,6.64
2008-09-02,6.41,6.62,6.41,6.49,59600,6.49
2008-08-29,6.38,6.44,6.37,6.39,96600,6.39
2008-08-28,6.34,6.40,6.34,6.40,46500,6.40
2008-08-27,6.40,6.41,6.13,6.25,287100,6.25
2008-08-26,6.44,6.51,6.26,6.33,371300,6.33
2008-08-25,6.54,6.57,6.38,6.44,107600,6.44
2008-08-22,6.40,6.55,6.34,6.45,98200,6.45
2008-08-21,6.51,6.51,6.29,6.30,118200,6.30
2008-08-20,6.80,6.80,6.59,6.73,104500,6.73
2008-08-19,6.53,6.90,6.53,6.71,68200,6.71
2008-08-18,6.73,6.73,6.51,6.58,97700,6.58
2008-08-15,6.73,6.81,6.55,6.69,167400,6.69
2008-08-14,7.03,7.12,6.83,7.12,142600,7.12
2008-08-13,8.00,8.03,7.51,7.69,180200,7.69
2008-08-12,8.62,8.62,8.17,8.19,59300,8.19
2008-08-11,8.70,8.86,8.63,8.81,70800,8.81
2008-08-08,8.73,8.77,8.50,8.62,36700,8.62
2008-08-07,8.58,8.75,8.56,8.62,25900,8.62
2008-08-06,8.71,8.98,8.71,8.82,42500,8.82
2008-08-05,8.58,8.86,8.58,8.75,12900,8.75
2008-08-04,8.87,8.87,8.50,8.59,47900,8.59
2008-08-01,8.93,8.98,8.89,8.90,32600,8.90
2008-07-31,9.14,9.28,9.08,9.08,15700,9.08
2008-07-30,9.25,9.40,9.24,9.37,45100,9.37
2008-07-29,9.05,9.09,9.04,9.09,21400,9.09
2008-07-28,8.89,8.89,8.70,8.86,23900,8.86
2008-07-25,8.87,8.95,8.85,8.95,34900,8.95
2008-07-24,9.11,9.21,8.97,9.00,18800,9.00
2008-07-23,9.10,9.19,9.06,9.10,45500,9.10
2008-07-22,8.97,9.06,8.91,8.98,22900,8.98
2008-07-21,8.89,9.21,8.89,9.21,19200,9.21
2008-07-18,8.94,9.10,8.90,9.06,18800,9.06
2008-07-17,9.31,9.31,9.08,9.10,44500,9.10
2008-07-16,8.91,9.26,8.89,9.12,84400,9.12
2008-07-15,8.50,8.78,8.35,8.53,34700,8.53
2008-07-14,8.51,8.63,8.51,8.62,10600,8.62
2008-07-11,8.37,8.55,8.37,8.41,19700,8.41
2008-07-10,8.61,8.61,8.49,8.55,13800,8.55
2008-07-09,8.67,8.67,8.32,8.43,71800,8.43
2008-07-08,8.44,8.79,8.41,8.62,67700,8.62
2008-07-07,8.66,8.75,8.56,8.60,14200,8.60
2008-07-03,8.66,8.69,8.55,8.60,10200,8.60
2008-07-02,8.87,8.89,8.43,8.69,81700,8.69
2008-07-01,8.98,8.98,8.62,8.96,51600,8.96
2008-06-30,9.11,9.22,9.11,9.16,28000,9.16
2008-06-27,8.95,9.20,8.77,9.01,48200,9.01
2008-06-26,9.54,9.54,8.88,9.02,88400,9.02
2008-06-25,9.48,9.72,9.48,9.57,81800,9.57
2008-06-24,9.68,9.68,9.40,9.48,43200,9.48
2008-06-23,9.58,9.66,9.57,9.65,36500,9.65
2008-06-20,9.60,9.70,9.29,9.53,68300,9.53
2008-06-19,9.50,9.51,9.36,9.42,19600,9.42
2008-06-18,9.55,9.71,9.54,9.55,70400,9.55
2008-06-17,9.20,9.34,9.20,9.33,29400,9.33
2008-06-16,9.07,9.16,9.02,9.09,37500,9.09
2008-06-13,9.08,9.33,9.08,9.23,50500,9.23
2008-06-12,8.86,9.09,8.86,9.03,76700,9.03
2008-06-11,8.81,8.81,8.65,8.66,10300,8.66
2008-06-10,8.94,8.98,8.67,8.80,50300,8.80
2008-06-09,8.91,9.19,8.91,9.19,140800,9.19
2008-06-06,8.72,8.72,8.33,8.40,35400,8.40
2008-06-05,8.68,8.81,8.65,8.74,16600,8.74
2008-06-04,8.57,8.64,8.49,8.55,36600,8.55
2008-06-03,8.75,8.75,8.53,8.58,66600,8.58
2008-06-02,8.90,8.90,8.71,8.72,26000,8.72
2008-05-30,9.00,9.00,8.86,9.00,14400,9.00
2008-05-29,8.88,9.00,8.88,8.99,97000,8.99
2008-05-28,8.85,8.88,8.80,8.87,22900,8.87
2008-05-27,8.88,8.88,8.59,8.84,67300,8.84
2008-05-23,8.85,8.92,8.68,8.88,58100,8.88
2008-05-22,8.78,9.09,8.78,8.97,123000,8.97
2008-05-21,8.49,8.49,8.28,8.34,79300,8.34
2008-05-20,8.55,8.59,8.46,8.46,32900,8.46
2008-05-19,8.41,8.57,8.34,8.51,55800,8.51
2008-05-16,8.17,8.25,8.16,8.25,29600,8.25
2008-05-15,8.16,8.29,8.16,8.21,51100,8.21
2008-05-14,8.12,8.39,8.05,8.26,67600,8.26
2008-05-13,8.11,8.11,8.00,8.02,26700,8.02
2008-05-12,7.80,7.93,7.80,7.87,36300,7.87
2008-05-09,7.88,7.90,7.80,7.85,59400,7.85
2008-05-08,8.02,8.12,8.02,8.05,43800,8.05
2008-05-07,8.17,8.17,7.86,7.88,77600,7.88
2008-05-06,8.25,8.40,8.24,8.34,28600,8.34
2008-05-05,8.26,8.35,8.22,8.24,12100,8.24
2008-05-02,8.31,8.38,8.26,8.30,15600,8.30
2008-05-01,8.29,8.29,8.12,8.24,37500,8.24
2008-04-30,8.19,8.46,8.19,8.41,48300,8.41
2008-04-29,8.31,8.39,8.30,8.30,15500,8.30
2008-04-28,8.08,8.39,8.08,8.31,32400,8.31
2008-04-25,8.11,8.13,8.01,8.01,39800,8.01
2008-04-24,8.20,8.20,8.09,8.18,35000,8.18
2008-04-23,8.22,8.25,8.20,8.25,43200,8.25
2008-04-22,8.10,8.38,8.10,8.29,35400,8.29
2008-04-21,8.27,8.27,8.15,8.20,47800,8.20
2008-04-18,8.49,8.49,8.34,8.48,29400,8.48
2008-04-17,8.51,8.51,8.42,8.44,7700,8.44
2008-04-16,8.50,8.65,8.49,8.64,26300,8.64
2008-04-15,8.31,8.37,8.26,8.30,7400,8.30
2008-04-14,8.40,8.40,8.28,8.29,26800,8.29
2008-04-11,8.58,8.62,8.44,8.53,34800,8.53
2008-04-10,8.66,8.88,8.59,8.81,112300,8.81
2008-04-09,8.57,8.60,8.45,8.54,41700,8.54
2008-04-08,8.13,8.60,8.13,8.43,69300,8.43
2008-04-07,8.57,8.74,8.55,8.55,39400,8.55
2008-04-04,8.39,8.63,8.38,8.44,75000,8.44
2008-04-03,8.45,8.46,8.32,8.39,84800,8.39
2008-04-02,8.66,8.85,8.64,8.67,142700,8.67
2008-04-01,8.21,8.48,8.21,8.48,85200,8.48
2008-03-31,8.00,8.08,7.95,7.99,41800,7.99
2008-03-28,8.35,8.35,8.00,8.01,65800,8.01
2008-03-27,8.45,8.74,8.24,8.53,260300,8.53
2008-03-26,8.11,8.17,7.92,7.97,88200,7.97
2008-03-25,7.96,8.22,7.88,8.01,90500,8.01
2008-03-24,7.81,8.11,7.73,8.08,74100,8.08
2008-03-20,7.43,7.61,7.34,7.55,23700,7.55
2008-03-19,7.51,7.58,7.26,7.50,87700,7.50
2008-03-18,7.31,7.31,6.98,7.14,91500,7.14
2008-03-17,7.49,7.59,7.20,7.33,108400,7.33
2008-03-14,7.57,7.57,7.11,7.20,79600,7.20
2008-03-13,7.50,7.67,7.27,7.66,46800,7.66
2008-03-12,7.91,7.91,7.60,7.60,53800,7.60
2008-03-11,7.84,7.97,7.74,7.94,53900,7.94
2008-03-10,7.50,7.53,7.30,7.40,80700,7.40
2008-03-07,7.77,7.77,7.35,7.45,194900,7.45
2008-03-06,8.00,8.00,7.82,7.82,38300,7.82
2008-03-05,7.86,8.13,7.86,7.98,69300,7.98
2008-03-04,7.88,7.88,7.56,7.80,77500,7.80
2008-03-03,8.11,8.13,7.97,8.03,80500,8.03
2008-02-29,8.49,8.49,8.14,8.23,28900,8.23
2008-02-28,8.57,8.60,8.40,8.52,26500,8.52
2008-02-27,8.49,8.59,8.44,8.58,51400,8.58
2008-02-26,8.68,8.71,8.43,8.53,157000,8.53
2008-02-25,8.45,8.68,8.45,8.61,42100,8.61
2008-02-22,8.44,8.44,8.23,8.32,28900,8.32
2008-02-21,8.57,8.63,8.35,8.46,46900,8.46
2008-02-20,8.48,8.56,8.39,8.51,59600,8.51
2008-02-19,8.98,8.98,8.71,8.73,59900,8.73
2008-02-15,8.69,8.95,8.69,8.82,97300,8.82
2008-02-14,8.48,8.75,8.44,8.48,88700,8.48
2008-02-13,8.45,8.45,8.21,8.39,81800,8.39
2008-02-12,8.68,8.68,8.45,8.46,91100,8.46
2008-02-11,8.56,8.79,8.56,8.76,39000,8.76
2008-02-08,8.58,8.67,8.48,8.58,36900,8.58
2008-02-07,8.78,8.78,8.41,8.56,78000,8.56
2008-02-06,8.97,8.99,8.63,8.63,86900,8.63
2008-02-05,9.14,9.38,9.10,9.12,83800,9.12
2008-02-04,9.06,9.41,9.06,9.16,185100,9.16
2008-02-01,8.87,8.96,8.70,8.95,98700,8.95
2008-01-31,8.71,9.00,8.36,9.00,190100,9.00
2008-01-30,8.15,8.29,8.00,8.06,62300,8.06
2008-01-29,8.30,8.30,7.96,8.08,46700,8.08
2008-01-28,7.87,8.23,7.83,8.14,110500,8.14
2008-01-25,7.72,7.90,7.62,7.66,76600,7.66
2008-01-24,7.61,7.72,7.55,7.72,91500,7.72
2008-01-23,7.92,7.92,7.21,7.67,415100,7.67
2008-01-22,7.74,8.10,7.74,7.97,189000,7.97
2008-01-18,8.35,8.47,8.15,8.33,91400,8.33
2008-01-17,8.33,8.59,8.19,8.25,74500,8.25
2008-01-16,8.44,8.44,8.10,8.12,133000,8.12
2008-01-15,9.28,9.28,8.74,8.89,95100,8.89
2008-01-14,9.50,9.60,9.44,9.45,70000,9.45
2008-01-11,9.34,9.60,9.34,9.49,94500,9.49
2008-01-10,9.31,9.43,9.22,9.42,91000,9.42
2008-01-09,9.15,9.50,9.14,9.50,134600,9.50
2008-01-08,9.11,9.19,9.02,9.04,27600,9.04
2008-01-07,9.39,9.39,9.02,9.19,74200,9.19
2008-01-04,9.79,9.79,9.37,9.54,101000,9.54
2008-01-03,9.80,10.59,9.79,10.07,268800,10.07
2008-01-02,10.00,10.02,9.73,9.87,62200,9.87
2007-12-31,9.80,10.00,9.80,9.98,56800,9.98
2007-12-28,10.00,10.00,9.82,9.89,67500,9.89
2007-12-27,9.90,10.00,9.85,9.89,55600,9.89
2007-12-26,9.61,9.91,9.60,9.90,136900,9.90
2007-12-24,9.28,9.35,9.18,9.21,22700,9.21
2007-12-21,8.95,9.25,8.95,9.19,198300,9.19
2007-12-20,9.28,9.28,8.82,9.06,157500,9.06
2007-12-19,9.44,9.44,9.20,9.40,69700,9.40
2007-12-18,9.20,9.54,9.20,9.33,95500,9.33
2007-12-17,9.03,9.03,8.76,8.81,128600,8.81
2007-12-14,9.57,9.57,9.16,9.28,190500,9.28
2007-12-13,9.99,9.99,9.67,9.75,50000,9.75
2007-12-12,9.93,10.24,9.90,10.03,141300,10.03
2007-12-11,10.00,10.10,9.65,9.65,70700,9.65
2007-12-10,10.07,10.11,10.00,10.04,90500,10.04
2007-12-07,10.50,10.50,10.03,10.26,103000,10.26
2007-12-06,10.70,10.70,10.40,10.70,78500,10.70
2007-12-05,10.55,10.91,10.55,10.77,123400,10.77
2007-12-04,10.50,10.50,10.25,10.30,80900,10.30
2007-12-03,11.00,11.00,10.52,10.62,91000,10.62
2007-11-30,10.89,11.00,10.80,10.85,152400,10.85
2007-11-29,10.57,10.77,10.56,10.67,153400,10.67
2007-11-28,10.49,10.70,10.30,10.50,352800,10.50
2007-11-27,9.73,10.24,9.60,10.21,256500,10.21
2007-11-26,9.70,10.00,9.45,9.46,84700,9.46
2007-11-23,10.00,10.00,9.65,9.78,64800,9.78
2007-11-21,9.51,9.76,9.51,9.56,110200,9.56
2007-11-20,9.41,9.64,9.33,9.48,90400,9.48
2007-11-19,9.84,9.84,9.27,9.41,150000,9.41
2007-11-16,10.23,10.32,10.09,10.15,95600,10.15
2007-11-15,10.31,10.48,10.14,10.28,261500,10.28
2007-11-14,10.10,10.45,9.62,9.94,444200,9.94
2007-11-13,9.51,9.92,9.51,9.84,224900,9.84
2007-11-12,9.00,9.50,9.00,9.18,148200,9.18
2007-11-09,8.63,8.89,8.63,8.75,88000,8.75
2007-11-08,8.77,8.79,8.51,8.61,121400,8.61
2007-11-07,8.99,9.05,8.78,8.88,171600,8.88
2007-11-06,9.25,9.28,9.14,9.25,47900,9.25
2007-11-05,9.19,9.19,9.14,9.15,71200,9.15
2007-11-02,9.15,9.48,9.15,9.48,114400,9.48
2007-11-01,9.54,9.60,9.45,9.45,95200,9.45
2007-10-31,9.63,9.78,9.53,9.70,86100,9.70
2007-10-30,9.50,9.69,9.49,9.53,165000,9.53
2007-10-29,9.34,9.54,9.28,9.47,127900,9.47
2007-10-26,9.10,9.24,9.06,9.20,36700,9.20
2007-10-25,9.20,9.20,9.09,9.14,45300,9.14
2007-10-24,9.35,9.35,9.15,9.26,140700,9.26
2007-10-23,9.46,9.49,9.32,9.46,147300,9.46
2007-10-22,9.01,9.46,9.01,9.46,173100,9.46
2007-10-19,8.84,9.10,8.80,8.80,171300,8.80
2007-10-18,8.40,8.80,8.25,8.76,111900,8.76
2007-10-17,8.52,8.64,8.46,8.55,55200,8.55
2007-10-16,8.60,8.60,8.34,8.41,82700,8.41
2007-10-15,8.86,8.93,8.73,8.76,73900,8.76
2007-10-12,8.97,8.97,8.75,8.92,41000,8.92
2007-10-11,9.00,9.00,8.79,8.82,113900,8.82
2007-10-10,9.19,9.19,8.94,9.00,188700,9.00
2007-10-09,9.35,9.49,9.35,9.45,86800,9.45
2007-10-08,9.37,9.43,9.12,9.33,142800,9.33
2007-10-05,9.32,9.40,9.01,9.30,317300,9.30
2007-10-04,9.60,9.75,9.46,9.55,483900,9.55
2007-10-03,8.93,9.47,8.59,9.32,589700,9.32
2007-10-02,8.34,8.49,8.29,8.39,134900,8.39
2007-10-01,8.11,8.40,8.11,8.28,142500,8.28
2007-09-28,7.78,8.05,7.78,7.95,180000,7.95
2007-09-27,7.67,7.78,7.67,7.74,90200,7.74
2007-09-26,7.35,7.85,7.35,7.60,142300,7.60
2007-09-25,7.30,7.45,7.29,7.35,66100,7.35
2007-09-24,7.44,7.44,7.12,7.37,99100,7.37
2007-09-21,7.30,7.38,7.13,7.38,75000,7.38
2007-09-20,7.21,7.34,7.21,7.30,30700,7.30
2007-09-19,7.40,7.40,7.25,7.26,73600,7.26
2007-09-18,7.20,7.30,7.12,7.30,65300,7.30
2007-09-17,7.25,7.27,7.14,7.20,70800,7.20
2007-09-14,7.37,7.37,7.19,7.25,34600,7.25
2007-09-13,7.50,7.50,7.33,7.34,62700,7.34
2007-09-12,7.44,7.52,7.44,7.48,33800,7.48
2007-09-11,7.45,7.50,7.44,7.48,56200,7.48
2007-09-10,7.36,7.45,7.31,7.38,56300,7.38
2007-09-07,7.59,7.59,7.33,7.39,64900,7.39
2007-09-06,7.72,7.76,7.68,7.70,55400,7.70
2007-09-05,7.99,7.99,7.73,7.77,43000,7.77
2007-09-04,7.79,7.84,7.56,7.82,202200,7.82
2007-08-31,7.65,7.80,7.62,7.73,61000,7.73
2007-08-30,7.47,7.66,7.47,7.58,39200,7.58
2007-08-29,7.33,7.49,7.28,7.48,67600,7.48
2007-08-28,7.55,7.57,7.42,7.42,28100,7.42
2007-08-27,7.58,7.66,7.57,7.58,37300,7.58
2007-08-24,7.60,7.60,7.47,7.58,89200,7.58
2007-08-23,7.72,7.77,7.61,7.69,108500,7.69
2007-08-22,7.33,7.44,7.33,7.38,92200,7.38
2007-08-21,7.01,7.24,7.00,7.19,106700,7.19
2007-08-20,6.79,7.05,6.78,6.86,55100,6.86
2007-08-17,7.00,7.00,6.75,6.96,154900,6.96
2007-08-16,6.98,7.10,6.72,7.00,202300,7.00
2007-08-15,7.29,7.34,7.16,7.20,122200,7.20
2007-08-14,7.06,7.17,7.02,7.06,163200,7.06
2007-08-13,6.84,7.02,6.80,6.88,193800,6.88
2007-08-10,6.30,6.34,6.21,6.31,393900,6.31
2007-08-09,7.00,7.01,6.37,6.40,413400,6.40
2007-08-08,7.15,7.34,7.00,7.07,192800,7.07
2007-08-07,7.33,7.33,7.11,7.16,107000,7.16
2007-08-06,7.40,7.52,7.21,7.38,118800,7.38
2007-08-03,7.53,7.53,7.21,7.22,96300,7.22
2007-08-02,7.54,7.54,7.46,7.47,79400,7.47
2007-08-01,7.66,7.67,7.49,7.60,94300,7.60
2007-07-31,7.90,7.93,7.74,7.76,76000,7.76
2007-07-30,7.73,7.81,7.71,7.79,51900,7.79
2007-07-27,8.00,8.00,7.67,7.73,107800,7.73
2007-07-26,7.98,7.99,7.71,7.89,141800,7.89
2007-07-25,8.09,8.18,8.00,8.09,96200,8.09
2007-07-24,8.18,8.29,8.07,8.18,71100,8.18
2007-07-23,8.21,8.28,8.13,8.13,61900,8.13
2007-07-20,8.30,8.32,8.23,8.27,81600,8.27
2007-07-19,8.42,8.48,8.33,8.39,41500,8.39
2007-07-18,8.45,8.46,8.35,8.46,71700,8.46
2007-07-17,8.56,8.59,8.48,8.50,115600,8.50
2007-07-16,8.90,8.94,8.72,8.73,73500,8.73
2007-07-13,8.85,8.92,8.80,8.86,97000,8.86
2007-07-12,8.81,8.90,8.74,8.80,288400,8.80
2007-07-11,8.48,8.76,8.41,8.71,245600,8.71
2007-07-10,8.31,8.64,8.30,8.55,217100,8.55
2007-07-09,8.39,8.54,8.39,8.44,77300,8.44
2007-07-06,8.51,8.63,8.48,8.50,83000,8.50
2007-07-05,8.75,8.80,8.64,8.66,259500,8.66
2007-07-03,8.46,8.48,8.38,8.47,38700,8.47
2007-07-02,8.51,8.59,8.51,8.59,57500,8.59
2007-06-29,8.41,8.46,8.37,8.37,48900,8.37
2007-06-28,8.40,8.43,8.35,8.38,49000,8.38
2007-06-27,8.25,8.39,8.24,8.39,40900,8.39
2007-06-26,8.25,8.34,8.25,8.31,26300,8.31
2007-06-25,8.29,8.40,8.21,8.28,90500,8.28
2007-06-22,8.25,8.33,8.21,8.33,56100,8.33
2007-06-21,8.35,8.39,8.27,8.34,53500,8.34
2007-06-20,8.52,8.53,8.38,8.38,85300,8.38
2007-06-19,8.39,8.47,8.35,8.47,58300,8.47
2007-06-18,8.45,8.54,8.41,8.41,29000,8.41
2007-06-15,8.45,8.63,8.45,8.50,48200,8.50
2007-06-14,8.43,8.45,8.36,8.41,40700,8.41
2007-06-13,8.41,8.49,8.35,8.49,36800,8.49
2007-06-12,8.50,8.58,8.40,8.40,42400,8.40
2007-06-11,8.57,8.71,8.47,8.57,59100,8.57
2007-06-08,8.50,8.69,8.46,8.62,55000,8.62
2007-06-07,8.65,8.71,8.46,8.49,69900,8.49
2007-06-06,8.80,8.80,8.58,8.65,69600,8.65
2007-06-05,8.86,8.96,8.77,8.88,55800,8.88
2007-06-04,8.94,8.94,8.75,8.87,87000,8.87
2007-06-01,8.90,9.14,8.90,8.99,78100,8.99
2007-05-31,8.90,9.08,8.90,8.96,104600,8.96
2007-05-30,8.70,8.90,8.70,8.88,139600,8.88
2007-05-29,8.67,8.77,8.60,8.71,263400,8.71
2007-05-25,7.94,8.13,7.94,8.07,64300,8.07
2007-05-24,8.10,8.12,7.88,7.90,133400,7.90
2007-05-23,8.10,8.33,8.10,8.16,154800,8.16
2007-05-22,7.81,8.33,7.81,8.12,297000,8.12
2007-05-21,7.47,7.65,7.45,7.55,235600,7.55
2007-05-18,7.69,7.69,7.62,7.67,209100,7.67
2007-05-17,7.94,8.17,7.77,7.85,195600,7.85
2007-05-16,8.14,8.17,7.96,8.10,242300,8.10
2007-05-15,8.20,8.52,8.17,8.22,176200,8.22
2007-05-14,8.13,8.20,8.08,8.18,89800,8.18
2007-05-11,8.22,8.37,8.19,8.34,70400,8.34
2007-05-10,8.21,8.23,8.05,8.13,210500,8.13
2007-05-09,8.54,8.63,8.54,8.62,37100,8.62
2007-05-08,8.53,8.53,8.41,8.47,65600,8.47
2007-05-07,8.63,8.63,8.55,8.56,118600,8.56
2007-05-04,8.74,8.80,8.73,8.78,49000,8.78
2007-05-03,8.79,8.79,8.67,8.67,62800,8.67
2007-05-02,8.62,8.76,8.62,8.72,40100,8.72
2007-05-01,8.62,8.64,8.55,8.59,77800,8.59
2007-04-30,8.75,8.83,8.68,8.68,93800,8.68
2007-04-27,8.74,8.92,8.72,8.77,136500,8.77
2007-04-26,8.76,8.76,8.66,8.69,151900,8.69
2007-04-25,8.94,8.97,8.84,8.96,140300,8.96
2007-04-24,9.09,9.14,9.05,9.07,68000,9.07
2007-04-23,9.30,9.30,9.05,9.09,153700,9.09
2007-04-20,9.40,9.40,9.30,9.36,80900,9.36
2007-04-19,9.36,9.45,9.31,9.41,90800,9.41
2007-04-18,9.36,9.51,9.36,9.42,53100,9.42
2007-04-17,9.45,9.45,9.30,9.33,51800,9.33
2007-04-16,9.10,9.30,9.10,9.29,58400,9.29
2007-04-13,9.12,9.16,9.05,9.09,66200,9.09
2007-04-12,9.08,9.26,9.01,9.15,109100,9.15
2007-04-11,9.18,9.18,9.01,9.08,141100,9.08
2007-04-10,9.27,9.33,9.22,9.26,192100,9.26
2007-04-09,9.79,9.79,9.55,9.58,107600,9.58
2007-04-05,9.81,9.89,9.77,9.79,35600,9.79
2007-04-04,9.79,9.90,9.79,9.82,19500,9.82
2007-04-03,9.71,9.85,9.70,9.79,34000,9.79
2007-04-02,9.71,9.98,9.69,9.71,60300,9.71
2007-03-30,9.96,10.01,9.90,9.90,44700,9.90
2007-03-29,10.10,10.13,9.93,10.01,65900,10.01
2007-03-28,9.92,10.04,9.92,10.03,53300,10.03
2007-03-27,9.99,10.02,9.91,9.98,48400,9.98
2007-03-26,10.02,10.03,9.90,10.03,131200,10.03
2007-03-23,9.88,10.20,9.86,9.98,240200,9.98
2007-03-22,9.81,9.87,9.77,9.86,70900,9.86
2007-03-21,9.63,9.84,9.56,9.81,106200,9.81
2007-03-20,9.77,9.77,9.58,9.63,59700,9.63
2007-03-19,9.50,9.78,9.50,9.63,87000,9.63
2007-03-16,9.54,9.54,9.41,9.42,41100,9.42
2007-03-15,9.53,9.59,9.52,9.55,60800,9.55
2007-03-14,9.65,9.70,9.32,9.58,94600,9.58
2007-03-13,9.75,9.96,9.59,9.70,163800,9.70
2007-03-12,9.54,9.74,9.45,9.70,148300,9.70
2007-03-09,9.40,9.53,9.33,9.45,38400,9.45
2007-03-08,9.35,9.60,9.35,9.37,91300,9.37
2007-03-07,9.31,9.31,8.98,9.25,110800,9.25
2007-03-06,9.16,9.37,9.08,9.32,174400,9.32
2007-03-05,9.34,9.37,9.01,9.02,174200,9.02
2007-03-02,9.72,9.76,9.56,9.67,137700,9.67
2007-03-01,9.55,9.73,9.44,9.73,208200,9.73
2007-02-28,9.57,9.66,9.56,9.61,143700,9.61
2007-02-27,9.98,9.98,9.25,9.58,331400,9.58
2007-02-26,10.25,10.25,10.12,10.19,84100,10.19
2007-02-23,10.28,10.30,10.24,10.27,83800,10.27
2007-02-22,10.31,10.38,10.26,10.29,85700,10.29
2007-02-21,10.26,10.36,10.24,10.31,112900,10.31
2007-02-20,10.21,10.36,10.10,10.33,182600,10.33
2007-02-16,10.10,10.10,10.00,10.02,79200,10.02
2007-02-15,10.12,10.13,10.06,10.11,149600,10.11
2007-02-14,10.14,10.30,10.05,10.21,473300,10.21
2007-02-13,9.57,9.77,9.57,9.77,175000,9.77
2007-02-12,9.45,9.57,9.34,9.40,107400,9.40
2007-02-09,9.69,9.72,9.44,9.48,229100,9.48
2007-02-08,9.93,9.94,9.63,9.82,324300,9.82
2007-02-07,9.52,9.96,9.52,9.72,398500,9.72
2007-02-06,9.33,9.40,9.25,9.29,114600,9.29
2007-02-05,9.19,9.32,9.18,9.28,99300,9.28
2007-02-02,9.16,9.22,9.15,9.19,49300,9.19
2007-02-01,9.24,9.26,9.16,9.22,162100,9.22
2007-01-31,9.21,9.27,9.11,9.24,93600,9.24
2007-01-30,9.22,9.28,9.07,9.15,116500,9.15
2007-01-29,9.15,9.32,9.15,9.31,143800,9.31
2007-01-26,9.00,9.17,9.00,9.14,116000,9.14
2007-01-25,9.10,9.15,8.96,9.00,106500,9.00
2007-01-24,9.13,9.18,8.97,9.17,150500,9.17
2007-01-23,9.00,9.09,9.00,9.07,122500,9.07
2007-01-22,9.10,9.19,8.91,9.02,189000,9.02
2007-01-19,8.86,9.04,8.83,8.97,213900,8.97
2007-01-18,8.80,8.86,8.62,8.70,163300,8.70
2007-01-17,8.63,8.80,8.54,8.61,164600,8.61
2007-01-16,8.49,8.64,8.45,8.58,87300,8.58
2007-01-12,8.58,8.58,8.33,8.49,102500,8.49
2007-01-11,8.52,8.68,8.52,8.58,80400,8.58
2007-01-10,8.55,8.60,8.52,8.55,64100,8.55
2007-01-09,8.76,8.84,8.60,8.61,110900,8.61
2007-01-08,8.93,8.93,8.55,8.87,104200,8.87
2007-01-05,8.80,8.85,8.71,8.74,101600,8.74
2007-01-04,8.58,8.95,8.58,8.88,120600,8.88
2007-01-03,8.72,8.97,8.61,8.64,267400,8.64
2006-12-29,8.74,8.80,8.51,8.54,158000,8.54
2006-12-28,8.44,8.87,8.44,8.61,269700,8.61
2006-12-27,8.48,8.53,8.37,8.50,70500,8.50
2006-12-26,8.67,8.67,8.50,8.52,64800,8.52
2006-12-22,8.56,8.63,8.50,8.53,96500,8.53
2006-12-21,8.70,8.70,8.52,8.59,90100,8.59
2006-12-20,8.75,8.90,8.61,8.67,139900,8.67
2006-12-19,8.80,8.84,8.54,8.74,148800,8.74
2006-12-18,8.97,9.00,8.73,8.76,168000,8.76
2006-12-15,9.05,9.12,8.91,8.97,190200,8.97
2006-12-14,9.20,9.20,9.01,9.15,169200,9.15
2006-12-13,9.16,9.63,9.16,9.26,409100,9.26
2006-12-12,8.96,9.17,8.90,9.13,204300,9.13
2006-12-11,9.07,9.07,8.83,8.83,126800,8.83
2006-12-08,9.14,9.18,8.89,9.05,293600,9.05
2006-12-07,9.30,9.44,9.12,9.15,527100,9.15
2006-12-06,8.45,9.20,8.45,8.94,747700,8.94
2006-12-05,8.39,8.62,8.31,8.53,211000,8.53
2006-12-04,8.25,8.39,8.21,8.31,98500,8.31
2006-12-01,8.29,8.34,8.12,8.18,73500,8.18
2006-11-30,8.47,8.49,8.27,8.33,115100,8.33
2006-11-29,8.30,8.30,8.12,8.24,140600,8.24
2006-11-28,8.07,8.15,7.91,8.13,104000,8.13
2006-11-27,8.50,8.50,8.11,8.13,121700,8.13
2006-11-24,8.47,8.50,8.35,8.43,91800,8.43
2006-11-22,8.17,8.41,8.12,8.39,248300,8.39
2006-11-21,7.97,8.30,7.96,8.09,231500,8.09
2006-11-20,8.09,8.09,7.93,7.99,89300,7.99
2006-11-17,8.20,8.24,8.12,8.20,186700,8.20
2006-11-16,8.15,8.18,8.07,8.11,89000,8.11
2006-11-15,8.11,8.23,8.05,8.09,261800,8.09
2006-11-14,7.80,8.00,7.80,7.94,117300,7.94
2006-11-13,7.84,7.87,7.64,7.77,131900,7.77
2006-11-10,7.88,8.00,7.33,7.93,471500,7.93
2006-11-09,8.47,8.50,7.88,8.04,407400,8.04
2006-11-08,8.29,8.39,8.22,8.35,90400,8.35
2006-11-07,8.35,8.50,8.27,8.28,121600,8.28
2006-11-06,8.30,8.42,8.27,8.34,71700,8.34
2006-11-03,8.43,8.47,8.25,8.31,83300,8.31
2006-11-02,8.50,8.65,8.21,8.42,385400,8.42
2006-11-01,8.09,8.16,8.06,8.11,54300,8.11
2006-10-31,8.05,8.13,8.02,8.10,85000,8.10
2006-10-30,8.06,8.14,7.97,8.09,51800,8.09
2006-10-27,8.14,8.22,8.10,8.12,68100,8.12
2006-10-26,8.11,8.21,8.07,8.21,83400,8.21
2006-10-25,8.01,8.19,7.96,8.10,95900,8.10
2006-10-24,8.14,8.18,7.96,8.07,108700,8.07
2006-10-23,8.10,8.23,8.02,8.16,147000,8.16
2006-10-20,8.11,8.18,8.01,8.04,64500,8.04
2006-10-19,8.10,8.19,8.05,8.18,136600,8.18
2006-10-18,8.06,8.16,8.05,8.07,118500,8.07
2006-10-17,8.00,8.00,7.76,7.93,72100,7.93
2006-10-16,8.10,8.14,8.01,8.01,71300,8.01
2006-10-13,8.03,8.15,8.01,8.09,66400,8.09
2006-10-12,7.81,8.05,7.72,7.98,86000,7.98
2006-10-11,7.85,8.08,7.75,7.85,123700,7.85
2006-10-10,8.01,8.13,7.99,8.03,114700,8.03
2006-10-09,7.97,8.02,7.87,7.91,78000,7.91
2006-10-06,8.11,8.17,7.99,8.06,84100,8.06
2006-10-05,8.15,8.25,8.09,8.16,218500,8.16
2006-10-04,7.78,8.07,7.77,8.00,228900,8.00
2006-10-03,7.76,7.82,7.71,7.75,156000,7.75
2006-10-02,7.72,7.72,7.58,7.65,74000,7.65
2006-09-29,7.87,7.89,7.68,7.72,94200,7.72
2006-09-28,7.78,7.88,7.65,7.75,184000,7.75
2006-09-27,7.60,7.77,7.48,7.55,189700,7.55
2006-09-26,7.52,7.62,7.51,7.60,115300,7.60
2006-09-25,7.75,7.75,7.42,7.57,231000,7.57
2006-09-22,7.91,7.98,7.68,7.71,259200,7.71
2006-09-21,8.25,8.25,8.11,8.18,69500,8.18
2006-09-20,8.20,8.27,8.12,8.24,86900,8.24
2006-09-19,8.44,8.59,8.15,8.29,220900,8.29
2006-09-18,8.25,8.39,8.25,8.31,99200,8.31
2006-09-15,8.32,8.85,8.10,8.32,416500,8.32
2006-09-14,8.21,8.47,8.10,8.22,129200,8.22
2006-09-13,8.20,8.35,8.08,8.25,101900,8.25
2006-09-12,8.37,8.37,8.23,8.35,143300,8.35
2006-09-11,8.64,8.64,8.28,8.39,119900,8.39
2006-09-08,8.61,8.65,8.48,8.53,104700,8.53
2006-09-07,8.41,8.54,8.40,8.48,244800,8.48
2006-09-06,8.46,8.50,8.26,8.40,178200,8.40
2006-09-05,8.70,8.70,8.42,8.52,251600,8.52
2006-09-01,7.96,8.77,7.96,8.65,1558400,8.65
2006-08-31,7.95,7.96,7.68,7.78,63300,7.78
2006-08-30,7.67,7.89,7.67,7.89,113100,7.89
2006-08-29,7.62,7.67,7.55,7.64,90900,7.64
2006-08-28,7.57,7.65,7.53,7.59,101300,7.59
2006-08-25,7.62,7.73,7.62,7.64,42700,7.64
2006-08-24,7.69,7.75,7.63,7.70,104000,7.70
2006-08-23,7.87,8.01,7.74,7.81,93200,7.81
2006-08-22,7.95,8.09,7.65,7.89,190900,7.89
2006-08-21,7.99,8.01,7.85,7.89,197500,7.89
2006-08-18,8.00,8.11,7.90,8.07,106900,8.07
2006-08-17,8.10,8.18,7.91,8.00,214500,8.00
2006-08-16,8.11,8.23,7.92,8.20,517600,8.20
2006-08-15,7.27,7.57,7.27,7.54,289600,7.54
2006-08-14,7.05,7.15,7.03,7.06,103800,7.06
2006-08-11,7.05,7.16,6.83,6.95,160100,6.95
2006-08-10,6.94,7.10,6.94,7.08,104600,7.08
2006-08-09,7.32,7.49,7.09,7.11,255500,7.11
2006-08-08,7.07,7.31,7.03,7.19,84000,7.19
2006-08-07,7.29,7.30,7.07,7.15,115200,7.15
2006-08-04,7.42,7.49,7.22,7.35,89800,7.35
2006-08-03,7.31,7.47,7.26,7.42,135200,7.42
2006-08-02,7.20,7.39,7.20,7.39,108400,7.39
2006-08-01,7.31,7.39,7.18,7.28,125600,7.28
2006-07-31,7.21,7.30,7.17,7.29,83000,7.29
2006-07-28,7.00,7.14,7.00,7.10,109500,7.10
2006-07-27,7.10,7.10,6.88,6.93,96700,6.93
2006-07-26,7.20,7.20,6.92,7.03,189400,7.03
2006-07-25,7.26,7.34,7.10,7.25,173000,7.25
2006-07-24,7.45,7.60,6.99,7.38,355100,7.38
2006-07-21,7.40,7.47,7.24,7.36,121700,7.36
2006-07-20,7.58,7.67,7.45,7.50,185400,7.50
2006-07-19,7.17,7.43,7.16,7.40,156100,7.40
2006-07-18,7.40,7.45,7.01,7.23,206700,7.23
2006-07-17,7.68,7.71,7.37,7.54,138800,7.54
2006-07-14,7.66,7.81,7.47,7.63,158500,7.63
2006-07-13,7.69,7.73,7.50,7.53,137200,7.53
2006-07-12,7.90,7.90,7.65,7.69,58100,7.69
2006-07-11,7.83,7.91,7.63,7.90,128800,7.90
2006-07-10,7.91,8.03,7.78,7.89,107200,7.89
2006-07-07,8.07,8.10,7.92,7.97,132600,7.97
2006-07-06,7.85,8.06,7.85,7.98,101100,7.98
2006-07-05,8.06,8.11,7.78,7.97,151600,7.97
2006-07-03,7.99,8.16,7.95,8.10,77600,8.10
2006-06-30,8.11,8.15,7.91,7.99,85100,7.99
2006-06-29,7.94,8.18,7.86,8.17,209600,8.17
2006-06-28,7.80,7.94,7.78,7.93,72700,7.93
2006-06-27,7.91,7.97,7.77,7.79,85100,7.79
2006-06-26,8.01,8.07,7.78,7.93,136800,7.93
2006-06-23,7.83,8.07,7.81,8.02,509600,8.02
2006-06-22,7.56,7.69,7.35,7.50,180100,7.50
2006-06-21,7.22,7.55,7.22,7.49,169100,7.49
2006-06-20,7.27,7.34,7.14,7.31,114200,7.31
2006-06-19,7.45,7.56,7.15,7.31,218600,7.31
2006-06-16,7.50,7.50,7.17,7.35,144000,7.35
2006-06-15,7.15,7.59,7.15,7.52,414200,7.52
2006-06-14,6.90,7.06,6.72,6.99,397100,6.99
2006-06-13,6.72,6.81,6.41,6.49,584700,6.49
2006-06-12,7.05,7.15,6.71,6.81,429800,6.81
2006-06-09,6.79,6.89,6.60,6.66,327600,6.66
2006-06-08,6.79,6.79,6.43,6.69,466700,6.69
2006-06-07,6.89,6.95,6.68,6.84,325000,6.84
2006-06-06,7.16,7.26,6.90,7.03,480900,7.03
2006-06-05,7.52,7.58,7.23,7.24,333400,7.24
2006-06-02,7.73,7.79,7.57,7.59,212100,7.59
2006-06-01,7.55,7.71,7.43,7.65,200400,7.65
2006-05-31,7.49,7.70,7.47,7.61,286900,7.61
2006-05-30,7.88,7.91,7.60,7.60,247700,7.60
2006-05-26,8.10,8.19,8.00,8.02,151000,8.02
2006-05-25,7.85,8.12,7.77,8.10,335800,8.10
2006-05-24,7.76,7.93,7.55,7.67,371300,7.67
2006-05-23,7.81,8.11,7.75,7.80,352700,7.80
2006-05-22,8.10,8.21,7.55,7.81,607600,7.81
2006-05-19,8.29,8.46,8.05,8.22,319600,8.22
2006-05-18,8.40,8.40,8.16,8.22,329300,8.22
2006-05-17,8.45,8.66,8.22,8.26,264000,8.26
2006-05-16,8.65,8.68,8.29,8.45,319100,8.45
2006-05-15,9.00,9.00,8.67,8.81,262200,8.81
2006-05-12,9.16,9.24,8.83,9.00,344400,9.00
2006-05-11,9.53,9.64,9.02,9.12,464300,9.12
2006-05-10,10.37,10.37,9.19,9.39,944300,9.39
2006-05-09,10.36,10.40,10.14,10.21,410900,10.21
2006-05-08,9.70,10.14,9.65,10.10,630000,10.10
2006-05-05,9.48,9.64,9.40,9.63,307400,9.63
2006-05-04,9.36,9.54,9.31,9.35,124800,9.35
2006-05-03,9.53,9.57,9.33,9.43,173400,9.43
2006-05-02,9.45,9.68,9.33,9.45,125400,9.45
2006-05-01,9.43,9.56,9.43,9.52,128800,9.52
2006-04-28,9.52,9.60,9.40,9.40,168500,9.40
2006-04-27,9.67,9.70,9.50,9.58,331300,9.58
2006-04-26,9.45,9.62,9.45,9.57,288700,9.57
2006-04-25,9.45,9.67,9.40,9.46,220900,9.46
2006-04-24,9.54,9.54,9.35,9.47,229200,9.47
2006-04-21,9.65,9.69,9.47,9.61,414900,9.61
2006-04-20,9.80,9.90,9.71,9.85,256500,9.85
2006-04-19,9.74,10.01,9.66,9.92,270700,9.92
2006-04-18,9.48,9.93,9.48,9.82,280200,9.82
2006-04-17,9.55,9.69,9.42,9.43,415400,9.43
2006-04-13,9.83,10.05,9.75,9.93,194600,9.93
2006-04-12,10.00,10.10,9.90,9.99,203300,9.99
2006-04-11,10.41,10.44,9.90,10.09,402600,10.09
2006-04-10,10.23,10.45,10.18,10.30,244300,10.30
2006-04-07,10.42,10.52,10.10,10.19,422800,10.19
2006-04-06,10.65,10.65,10.28,10.39,1091400,10.39
2006-04-05,9.80,9.85,9.56,9.83,275300,9.83
2006-04-04,9.95,9.95,9.56,9.77,203000,9.77
2006-04-03,9.60,9.83,9.60,9.76,447200,9.76
2006-03-31,9.67,9.70,9.43,9.56,372800,9.56
2006-03-30,9.67,9.90,9.55,9.80,650000,9.80
2006-03-29,9.12,9.70,9.12,9.57,925400,9.57
2006-03-28,9.10,9.18,9.01,9.10,399200,9.10
2006-03-27,8.82,9.14,8.75,9.09,610600,9.09
2006-03-24,8.74,8.82,8.70,8.76,230000,8.76
2006-03-23,8.80,8.84,8.67,8.73,238400,8.73
2006-03-22,8.75,8.92,8.75,8.83,204200,8.83
2006-03-21,8.76,8.98,8.75,8.76,206800,8.76
2006-03-20,9.03,9.20,8.88,8.88,289200,8.88
2006-03-17,9.02,9.14,8.95,9.00,218400,9.00
2006-03-16,9.10,9.30,9.03,9.06,314300,9.06
2006-03-15,8.95,9.13,8.85,9.09,372300,9.09
2006-03-14,8.95,9.08,8.77,8.94,431500,8.94
2006-03-13,9.09,9.16,8.95,8.98,333500,8.98
2006-03-10,8.95,9.09,8.90,8.94,154200,8.94
2006-03-09,9.25,9.33,8.86,8.94,547000,8.94
2006-03-08,8.79,9.18,8.70,8.99,646200,8.99
2006-03-07,9.09,9.10,8.69,8.82,725300,8.82
2006-03-06,9.46,9.56,9.11,9.14,725300,9.14
2006-03-03,9.65,9.65,9.45,9.49,562700,9.49
2006-03-02,9.84,9.98,9.67,9.71,539000,9.71
2006-03-01,9.78,9.96,9.71,9.85,382100,9.85
2006-02-28,9.88,9.91,9.70,9.74,496100,9.74
2006-02-27,10.02,10.06,9.84,9.93,451800,9.93
2006-02-24,10.10,10.24,10.00,10.02,382400,10.02
2006-02-23,10.18,10.27,10.11,10.12,385800,10.12
2006-02-22,10.31,10.31,10.10,10.10,564900,10.10
2006-02-21,10.24,10.30,10.04,10.28,753400,10.28
2006-02-17,9.80,10.12,9.77,10.02,1029600,10.02
2006-02-16,10.25,10.30,9.91,10.05,1090900,10.05
2006-02-15,10.24,10.48,10.15,10.27,794200,10.27
2006-02-14,10.59,10.62,10.26,10.41,868700,10.41
2006-02-13,10.76,10.84,10.41,10.49,1673200,10.49
2006-02-10,12.65,12.99,11.21,11.23,7505400,11.23
2006-02-09,11.05,11.15,10.82,10.95,436200,10.95
2006-02-08,11.05,11.23,10.80,10.99,678200,10.99
2006-02-07,11.06,11.35,10.82,10.95,1011600,10.95
2006-02-06,10.82,11.08,10.82,10.93,372000,10.93
2006-02-03,11.06,11.08,10.70,10.73,1104400,10.73
2006-02-02,10.80,11.08,10.65,10.65,391600,10.65
2006-02-01,10.80,10.90,10.65,10.79,347700,10.79
2006-01-31,11.10,11.25,10.90,11.00,511600,11.00
2006-01-30,11.21,11.35,11.06,11.17,775900,11.17
2006-01-27,10.98,11.05,10.87,10.96,660200,10.96
2006-01-26,10.60,10.85,10.50,10.82,751200,10.82
2006-01-25,10.67,11.03,10.25,10.35,933100,10.35
2006-01-24,10.17,10.51,10.17,10.47,619600,10.47
2006-01-23,10.41,10.41,9.95,10.06,1484400,10.06
2006-01-20,10.92,11.11,10.50,10.56,829900,10.56
2006-01-19,11.00,11.19,10.91,11.03,966900,11.03
2006-01-18,10.35,10.75,10.26,10.62,1449200,10.62
2006-01-17,11.12,11.49,11.05,11.19,1127000,11.19
2006-01-13,12.16,12.30,11.53,12.04,775400,12.04
2006-01-12,12.47,12.71,11.99,12.10,1465200,12.10
2006-01-11,12.05,12.50,11.98,12.27,1462600,12.27
2006-01-10,11.86,12.15,11.70,11.78,826300,11.78
2006-01-09,11.61,12.32,11.61,11.95,1897200,11.95
2006-01-06,11.76,11.88,11.54,11.67,866900,11.67
2006-01-05,11.65,12.05,11.57,11.61,1166200,11.61
2006-01-04,11.35,12.05,11.26,11.79,1984600,11.79
2006-01-03,11.30,11.45,11.03,11.21,965300,11.21
2005-12-30,11.08,11.20,10.88,11.15,435300,11.15
2005-12-29,11.31,11.49,11.11,11.15,375300,11.15
2005-12-28,11.58,11.60,11.30,11.39,578700,11.39
2005-12-27,11.52,11.55,11.10,11.15,720600,11.15
2005-12-23,11.60,11.84,11.35,11.55,916900,11.55
2005-12-22,10.82,11.85,10.82,11.75,2668300,11.75
2005-12-21,10.54,10.90,10.51,10.82,786800,10.82
2005-12-20,10.76,11.06,10.51,10.52,764000,10.52
2005-12-19,10.95,11.32,10.85,10.88,874100,10.88
2005-12-16,11.10,11.34,10.81,10.95,521400,10.95
2005-12-15,11.00,11.42,10.98,11.15,1002000,11.15
2005-12-14,11.20,11.20,10.87,10.99,800800,10.99
2005-12-13,10.90,11.46,10.60,11.07,1686000,11.07
2005-12-12,10.80,11.19,10.80,10.90,1041800,10.90
2005-12-09,11.07,11.25,10.77,10.83,1091300,10.83
2005-12-08,11.40,11.42,11.07,11.19,808400,11.19
2005-12-07,11.38,11.75,11.25,11.35,1297200,11.35
2005-12-06,11.32,11.90,11.03,11.43,2410400,11.43
2005-12-05,11.89,11.89,11.21,11.40,2353000,11.40
2005-12-02,12.08,12.66,11.90,12.01,6769400,12.01
2005-12-01,12.99,14.88,12.91,14.71,7824900,14.71
2005-11-30,12.98,12.98,12.51,12.60,755300,12.60
2005-11-29,12.97,12.97,12.21,12.60,1141600,12.60
2005-11-28,12.59,13.20,12.55,12.73,2358800,12.73
2005-11-25,12.15,12.65,12.09,12.52,685800,12.52
2005-11-23,12.30,12.78,12.27,12.52,1266800,12.52
2005-11-22,12.17,12.83,12.00,12.35,1864600,12.35
2005-11-21,12.49,13.55,11.81,11.95,6377000,11.95
2005-11-18,11.42,12.59,11.25,12.45,4137800,12.45
2005-11-17,11.42,11.50,11.15,11.24,656200,11.24
2005-11-16,10.40,11.46,10.40,11.28,1279200,11.28
2005-11-15,11.40,11.56,11.03,11.06,898200,11.06
2005-11-14,11.70,11.73,11.20,11.47,855300,11.47
2005-11-11,11.48,11.80,11.23,11.40,912000,11.40
2005-11-10,11.50,11.65,10.98,11.33,2076000,11.33
2005-11-09,12.05,12.58,11.63,11.63,10228400,11.63
2005-11-08,10.75,10.83,10.24,10.27,1591500,10.27
2005-11-07,10.04,11.23,9.89,10.83,6162400,10.83
2005-11-04,10.27,10.44,9.76,9.94,1818100,9.94
2005-11-03,9.24,10.45,9.23,10.37,3490100,10.37
2005-11-02,8.96,9.28,8.96,9.22,546500,9.22
2005-11-01,9.13,9.23,8.90,9.01,327900,9.01
2005-10-31,8.88,9.13,8.88,8.97,302700,8.97
2005-10-28,8.90,9.08,8.72,8.89,272000,8.89
2005-10-27,9.14,9.16,8.69,8.83,578800,8.83
2005-10-26,9.12,9.57,9.06,9.12,997600,9.12
2005-10-25,9.19,9.37,9.01,9.10,442900,9.10
2005-10-24,8.90,9.45,8.90,9.17,1218300,9.17
2005-10-21,8.79,9.14,8.75,8.86,445100,8.86
2005-10-20,9.05,9.34,8.69,8.83,708000,8.83
2005-10-19,8.84,8.99,8.57,8.86,467900,8.86
2005-10-18,9.07,9.07,8.80,8.86,233200,8.86
2005-10-17,8.75,9.13,8.72,9.05,434100,9.05
2005-10-14,8.71,8.99,8.58,8.79,483900,8.79
2005-10-13,8.91,8.95,8.45,8.61,788200,8.61
2005-10-12,9.17,9.29,8.86,8.89,589700,8.89
2005-10-11,9.33,9.75,9.11,9.19,955600,9.19
2005-10-10,9.23,9.55,9.15,9.28,369000,9.28
2005-10-07,9.08,9.60,8.85,9.23,1004300,9.23
2005-10-06,10.00,10.05,8.86,9.09,1556400,9.09
2005-10-05,10.30,10.83,9.90,9.95,4016800,9.95
2005-10-04,9.57,10.47,9.22,10.05,5037600,10.05
2005-10-03,9.42,9.80,9.10,9.35,969700,9.35
2005-09-30,9.19,10.01,9.05,9.41,2132300,9.41
2005-09-29,8.70,9.60,8.60,9.25,2107500,9.25
2005-09-28,9.01,9.12,8.61,8.74,616600,8.74
2005-09-27,8.67,9.10,8.45,9.06,525500,9.06
2005-09-26,8.76,8.76,8.56,8.67,405600,8.67
2005-09-23,8.62,8.62,8.35,8.55,415700,8.55
2005-09-22,8.80,8.86,8.60,8.65,320300,8.65
2005-09-21,9.00,9.01,8.75,8.83,399000,8.83
2005-09-20,9.08,9.34,8.80,8.98,899200,8.98
2005-09-19,9.21,9.21,8.74,8.82,438700,8.82
2005-09-16,9.15,9.33,8.88,9.02,927400,9.02
2005-09-15,8.85,9.45,8.85,9.16,1454500,9.16
2005-09-14,9.20,9.43,8.75,8.76,1622600,8.76
2005-09-13,10.00,10.13,9.28,9.34,3742300,9.34
2005-09-12,8.40,10.20,8.32,10.20,5367300,10.20
2005-09-09,8.46,8.48,8.25,8.38,307300,8.38
2005-09-08,8.38,8.43,8.23,8.27,240800,8.27
2005-09-07,8.49,8.54,8.32,8.40,562000,8.40
2005-09-06,8.21,8.47,8.19,8.47,534300,8.47
2005-09-02,8.84,8.84,8.15,8.19,599000,8.19
2005-09-01,7.76,8.87,7.74,8.65,1586200,8.65
2005-08-31,8.03,8.09,7.81,7.90,615600,7.90
2005-08-30,8.25,8.31,8.03,8.05,465900,8.05
2005-08-29,8.50,8.50,8.23,8.33,431700,8.33
2005-08-26,8.60,8.63,8.50,8.50,369200,8.50
2005-08-25,8.77,8.89,8.65,8.70,428200,8.70
2005-08-24,8.94,8.99,8.73,8.79,483500,8.79
2005-08-23,8.90,9.67,8.85,8.90,1031600,8.90
2005-08-22,9.04,9.16,8.70,8.80,991100,8.80
2005-08-19,9.15,9.33,9.05,9.08,512700,9.08
2005-08-18,9.21,9.33,9.10,9.16,518400,9.16
2005-08-17,9.64,9.64,9.20,9.25,632900,9.25
2005-08-16,9.25,9.77,9.15,9.40,1119000,9.40
2005-08-15,9.50,9.67,9.26,9.30,808100,9.30
2005-08-12,9.95,10.31,9.56,9.61,3951300,9.61
2005-08-11,9.23,9.50,9.01,9.33,844100,9.33
2005-08-10,9.75,9.75,9.15,9.35,1090500,9.35
2005-08-09,9.69,9.89,9.44,9.67,882500,9.67
2005-08-08,10.28,10.28,9.63,9.68,1292800,9.68
2005-08-05,10.43,10.43,10.02,10.20,1310000,10.20
2005-08-04,10.51,10.65,10.11,10.14,1978800,10.14
2005-08-03,10.25,10.34,10.02,10.17,1160400,10.17
2005-08-02,10.49,10.52,10.00,10.05,1787300,10.05
2005-08-01,10.96,11.12,10.48,10.48,10653600,10.48
2005-07-29,9.81,9.98,9.61,9.63,718100,9.63
2005-07-28,10.37,10.45,9.76,9.86,3839400,9.86
2005-07-27,9.32,9.75,9.30,9.56,839600,9.56
2005-07-26,9.63,9.80,9.20,9.35,1453400,9.35
2005-07-25,9.87,10.05,9.60,9.60,1382500,9.60
2005-07-22,9.73,10.05,9.67,9.76,1390700,9.76
2005-07-21,10.15,10.54,9.67,9.75,3911200,9.75
2005-07-20,9.93,10.20,9.60,9.90,2509700,9.90
2005-07-19,10.21,10.74,9.70,9.79,7184700,9.79
2005-07-18,8.85,10.62,8.62,10.60,8307400,10.60
2005-07-15,9.13,9.18,8.70,8.83,1459500,8.83
2005-07-14,9.37,9.48,8.91,9.15,1855200,9.15
2005-07-13,9.23,9.67,9.03,9.09,5077300,9.09
2005-07-12,9.49,9.61,8.85,8.85,4139000,8.85
2005-07-11,9.93,10.25,9.45,9.53,12053900,9.53
2005-07-08,8.12,9.45,8.06,9.45,14635700,9.45
2005-07-07,7.48,7.60,7.31,7.51,865400,7.51
2005-07-06,7.69,7.78,7.50,7.54,948500,7.54
2005-07-05,7.56,7.90,7.39,7.53,1123300,7.53
2005-07-01,7.75,7.89,7.41,7.67,1731800,7.67
2005-06-30,7.53,7.95,7.35,7.60,3192500,7.60
2005-06-29,8.09,8.13,7.23,7.31,3246200,7.31
2005-06-28,8.15,8.70,7.73,7.88,10376800,7.88
2005-06-27,6.44,7.95,6.40,7.87,10200000,7.87
2005-06-24,6.52,6.75,6.31,6.40,1533600,6.40
2005-06-23,7.06,7.12,6.44,6.49,2808300,6.49
2005-06-22,7.10,7.46,6.91,7.01,2517000,7.01
2005-06-21,7.20,7.33,6.90,7.06,3775900,7.06
2005-06-20,7.31,7.81,6.92,7.02,7520400,7.02
2005-06-17,8.04,8.44,7.05,7.12,18856200,7.12
2005-06-16,11.32,11.39,10.08,10.70,7059500,10.70
2005-06-15,11.48,12.04,10.90,10.95,8312400,10.95
2005-06-14,12.94,13.30,10.92,10.98,13508000,10.98
2005-06-13,12.23,13.93,12.10,13.90,18816700,13.90
2005-06-10,9.78,11.70,9.60,11.70,12291300,11.70
2005-06-09,9.57,9.93,9.29,9.65,2974800,9.65
2005-06-08,10.25,10.25,9.41,9.55,5205300,9.55
2005-06-07,10.93,10.98,9.94,10.20,11814600,10.20
2005-06-06,9.63,10.29,9.03,10.28,13217500,10.28
2005-06-03,9.50,10.57,9.14,9.26,23627400,9.26
2005-06-02,7.19,8.87,7.00,8.84,8611900,8.84
2005-06-01,7.80,7.95,7.05,7.10,6051100,7.10
2005-05-31,6.54,7.37,6.45,7.36,8595000,7.36
2005-05-27,5.11,5.78,4.99,5.77,2599400,5.77
2005-05-26,4.55,4.66,4.37,4.50,147100,4.50
2005-05-25,4.45,4.72,4.40,4.49,246900,4.49
2005-05-24,4.50,4.57,4.35,4.47,167800,4.47
2005-05-23,4.16,4.60,4.16,4.60,620600,4.60
2005-05-20,4.13,4.28,4.06,4.15,150200,4.15
2005-05-19,4.25,4.29,4.06,4.14,274800,4.14
2005-05-18,4.30,4.30,4.05,4.16,220600,4.16
2005-05-17,4.45,4.54,4.01,4.15,764600,4.15
2005-05-16,4.55,5.04,4.50,4.57,1377600,4.57
2005-05-13,3.51,4.38,3.51,4.35,766800,4.35
2005-05-12,3.37,3.46,3.18,3.19,90800,3.19
2005-05-11,3.21,3.35,3.20,3.35,46500,3.35
2005-05-10,3.16,3.35,3.15,3.21,25300,3.21
2005-05-09,3.04,3.23,3.04,3.21,32600,3.21
2005-05-06,3.24,3.24,3.05,3.06,51900,3.06
2005-05-05,3.19,3.19,3.10,3.13,11100,3.13
2005-05-04,3.08,3.22,3.08,3.14,20600,3.14
2005-05-03,3.25,3.26,3.08,3.09,48600,3.09
2005-05-02,3.36,3.48,3.10,3.19,196500,3.19
2005-04-29,3.33,3.34,3.13,3.29,77100,3.29
2005-04-28,3.34,3.34,3.25,3.29,14100,3.29
2005-04-27,3.59,3.69,3.22,3.28,45800,3.28
2005-04-26,3.24,3.35,3.24,3.25,37600,3.25
2005-04-25,3.40,3.45,3.25,3.26,62600,3.26
2005-04-22,3.49,3.49,3.27,3.30,63900,3.30
2005-04-21,3.60,3.60,3.44,3.50,28600,3.50
2005-04-20,3.50,3.54,3.41,3.49,66200,3.49
2005-04-19,3.64,3.71,3.46,3.55,30300,3.55
2005-04-18,3.45,3.63,3.40,3.62,77900,3.62
2005-04-15,3.61,3.84,3.56,3.62,47700,3.62
2005-04-14,3.62,3.74,3.61,3.64,32300,3.64
2005-04-13,3.81,3.96,3.65,3.70,63400,3.70
2005-04-12,4.03,4.20,3.75,3.82,174000,3.82
2005-04-11,4.02,4.08,3.91,3.93,17400,3.93
2005-04-08,3.90,4.10,3.90,4.02,109700,4.02
2005-04-07,3.83,3.90,3.76,3.83,100200,3.83
2005-04-06,3.70,3.91,3.70,3.85,65500,3.85
2005-04-05,3.57,3.77,3.57,3.68,32900,3.68
2005-04-04,3.70,3.75,3.62,3.67,21500,3.67
2005-04-01,3.80,3.85,3.67,3.76,30000,3.76
2005-03-31,3.78,3.85,3.66,3.73,25800,3.73
2005-03-30,3.81,3.81,3.65,3.77,35000,3.77
2005-03-29,3.91,3.91,3.76,3.80,70900,3.80
2005-03-28,4.09,4.09,3.90,3.90,51500,3.90
2005-03-24,3.88,4.04,3.84,3.93,116000,3.93
2005-03-23,3.55,3.85,3.50,3.80,135400,3.80
2005-03-22,3.48,3.58,3.41,3.52,85800,3.52
2005-03-21,3.45,3.55,3.33,3.46,133700,3.46
2005-03-18,3.70,3.80,3.50,3.57,80700,3.57
2005-03-17,3.70,3.79,3.61,3.65,43500,3.65
2005-03-16,3.64,3.79,3.61,3.79,66900,3.79
2005-03-15,3.86,3.94,3.70,3.75,77900,3.75
2005-03-14,4.09,4.16,3.81,3.91,114100,3.91
2005-03-11,4.10,4.20,4.10,4.10,37700,4.10
2005-03-10,4.18,4.25,4.14,4.14,31500,4.14
2005-03-09,4.22,4.28,4.16,4.18,42300,4.18
2005-03-08,4.20,4.33,4.20,4.22,37200,4.22
2005-03-07,4.22,4.40,4.22,4.37,46200,4.37
2005-03-04,4.19,4.45,4.10,4.29,115100,4.29
2005-03-03,4.20,4.20,4.05,4.13,96700,4.13
2005-03-02,4.22,4.27,4.20,4.22,34000,4.22
2005-03-01,4.35,4.50,4.22,4.33,80700,4.33
2005-02-28,4.24,4.44,4.20,4.39,104100,4.39
2005-02-25,4.02,4.34,4.01,4.31,111200,4.31
2005-02-24,4.18,4.31,4.10,4.11,41100,4.11
2005-02-23,4.10,4.27,4.10,4.19,45500,4.19
2005-02-22,4.18,4.45,4.10,4.12,177100,4.12
2005-02-18,4.07,4.19,4.05,4.15,156300,4.15
2005-02-17,4.36,4.42,4.21,4.21,59600,4.21
2005-02-16,4.44,4.50,4.31,4.31,57000,4.31
2005-02-15,4.51,4.57,4.23,4.38,214700,4.38
2005-02-14,4.50,4.68,4.36,4.58,151600,4.58
2005-02-11,4.92,4.92,4.56,4.70,323000,4.70
2005-02-10,5.01,5.10,4.59,4.96,348600,4.96
2005-02-09,4.75,5.15,4.29,5.09,579500,5.09
2005-02-08,5.16,5.24,4.56,4.63,410500,4.63
2005-02-07,5.25,5.26,5.02,5.14,193000,5.14
2005-02-04,4.87,5.10,4.77,4.95,209200,4.95
2005-02-03,4.74,4.84,4.66,4.76,79000,4.76
2005-02-02,4.81,4.86,4.60,4.70,119100,4.70
2005-02-01,4.81,4.81,4.51,4.80,142900,4.80
2005-01-31,4.24,4.65,4.24,4.60,172400,4.60
2005-01-28,4.17,4.40,4.17,4.22,70300,4.22
2005-01-27,4.40,4.43,4.17,4.26,147900,4.26
2005-01-26,4.37,4.40,4.20,4.40,208400,4.40
2005-01-25,4.01,4.22,4.01,4.20,180100,4.20
2005-01-24,4.01,4.25,4.01,4.02,159400,4.02
2005-01-21,3.96,4.35,3.96,4.08,195500,4.08
2005-01-20,3.99,4.20,3.88,3.96,202200,3.96
2005-01-19,3.88,4.25,3.88,4.05,291000,4.05
2005-01-18,3.64,4.05,3.52,4.00,282200,4.00
2005-01-14,3.51,3.68,3.51,3.68,121000,3.68
2005-01-13,3.65,3.77,3.49,3.51,152900,3.51
2005-01-12,3.45,3.69,3.36,3.66,166100,3.66
2005-01-11,3.82,3.88,3.41,3.45,474800,3.45
2005-01-10,4.01,4.04,3.73,3.79,285100,3.79
2005-01-07,3.93,4.30,3.93,4.06,163800,4.06
2005-01-06,4.18,4.24,4.05,4.12,133300,4.12
2005-01-05,4.20,4.35,4.15,4.18,196800,4.18
2005-01-04,4.66,4.75,4.20,4.26,315100,4.26
2005-01-03,4.82,4.90,4.56,4.70,160300,4.70
2004-12-31,4.69,4.88,4.38,4.87,150300,4.87
2004-12-30,4.75,4.79,4.51,4.59,250500,4.59
2004-12-29,5.00,5.00,4.70,4.72,214800,4.72
2004-12-28,4.39,4.98,4.36,4.91,324700,4.91
2004-12-27,4.65,4.65,4.39,4.40,204000,4.40
2004-12-23,4.25,4.60,4.15,4.58,381300,4.58
2004-12-22,4.10,4.25,4.10,4.15,257600,4.15
2004-12-21,4.13,4.25,4.00,4.11,304200,4.11
2004-12-20,4.31,4.35,4.05,4.14,299700,4.14
2004-12-17,4.40,4.47,4.11,4.31,355200,4.31
2004-12-16,4.70,4.74,4.40,4.49,165300,4.49
2004-12-15,4.81,4.82,4.60,4.63,76800,4.63
2004-12-14,4.50,4.70,4.47,4.64,181900,4.64
2004-12-13,4.51,4.72,4.50,4.52,164800,4.52
2004-12-10,4.70,4.80,4.50,4.58,459600,4.58
2004-12-09,5.09,5.09,4.67,4.70,699700,4.70
2004-12-08,5.14,5.42,5.07,5.12,254100,5.12
2004-12-07,5.64,5.72,5.15,5.24,263700,5.24
2004-12-06,5.15,5.67,5.09,5.53,438800,5.53
2004-12-03,5.08,5.37,5.06,5.18,253800,5.18
2004-12-02,5.50,5.58,5.02,5.06,463500,5.06
2004-12-01,5.67,5.82,5.50,5.60,248900,5.60
2004-11-30,5.62,5.79,5.50,5.69,343100,5.69
2004-11-29,5.77,5.95,5.53,5.59,330700,5.59
2004-11-26,5.67,5.95,5.60,5.74,338400,5.74
2004-11-24,5.64,6.02,5.50,5.73,815200,5.73
2004-11-23,5.48,5.75,5.40,5.58,785300,5.58
2004-11-22,4.64,5.46,4.64,5.40,805700,5.40
2004-11-19,4.67,4.75,4.31,4.68,242600,4.68
2004-11-18,4.57,4.75,4.46,4.57,388800,4.57
2004-11-17,5.01,5.30,4.56,4.76,626900,4.76
2004-11-16,4.90,5.40,4.83,5.14,1109300,5.14
2004-11-15,4.14,5.13,4.06,5.00,1213400,5.00
2004-11-12,4.01,4.28,3.97,4.12,376400,4.12
2004-11-11,4.05,4.29,3.90,3.97,660100,3.97
2004-11-10,3.81,4.30,3.70,3.86,697500,3.86
2004-11-09,3.32,4.12,3.32,3.79,1300300,3.79
2004-11-08,3.14,3.49,3.01,3.30,392000,3.30
2004-11-05,3.10,3.23,3.01,3.10,95200,3.10
2004-11-04,3.16,3.16,2.96,3.09,66600,3.09
2004-11-03,3.28,3.29,3.05,3.14,129600,3.14
2004-11-02,2.91,3.25,2.91,3.11,163300,3.11
2004-11-01,2.87,3.09,2.87,2.91,73600,2.91
2004-10-29,2.93,2.97,2.75,2.86,104800,2.86
2004-10-28,3.27,3.28,2.92,2.97,352800,2.97
2004-10-27,2.62,3.35,2.62,3.22,506400,3.22
2004-10-26,2.52,2.55,2.50,2.55,20900,2.55
2004-10-25,2.45,2.65,2.44,2.51,78900,2.51
2004-10-22,2.53,2.55,2.45,2.45,64000,2.45
2004-10-21,2.62,2.66,2.50,2.52,107600,2.52
2004-10-20,2.60,2.60,2.55,2.55,18500,2.55
2004-10-19,2.64,2.66,2.52,2.61,27600,2.61
2004-10-18,2.51,2.70,2.51,2.69,119200,2.69
2004-10-15,2.49,2.58,2.49,2.52,18800,2.52
2004-10-14,2.52,2.60,2.46,2.56,22500,2.56
2004-10-13,2.54,2.66,2.54,2.58,67100,2.58
2004-10-12,2.53,2.58,2.50,2.52,18300,2.52
2004-10-11,2.45,2.55,2.44,2.54,20900,2.54
2004-10-08,2.56,2.58,2.45,2.53,87800,2.53
2004-10-07,2.65,2.68,2.51,2.56,65200,2.56
2004-10-06,2.61,2.62,2.55,2.57,41400,2.57
2004-10-05,2.60,2.71,2.55,2.57,58200,2.57
2004-10-04,2.11,2.80,2.11,2.66,67000,2.66
2004-10-01,2.60,2.71,2.55,2.63,89900,2.63
2004-09-30,2.60,2.69,2.60,2.64,36800,2.64
2004-09-29,2.50,2.65,2.50,2.64,46100,2.64
2004-09-28,2.55,2.64,2.42,2.60,63200,2.60
2004-09-27,2.89,2.89,2.55,2.55,70200,2.55
2004-09-24,2.70,2.86,2.69,2.75,41900,2.75
2004-09-23,2.80,2.80,2.72,2.74,36100,2.74
2004-09-22,3.00,3.03,2.75,2.78,83600,2.78
2004-09-21,3.04,3.05,2.91,2.96,57300,2.96
2004-09-20,2.86,3.05,2.73,3.02,188500,3.02
2004-09-17,2.86,2.91,2.81,2.87,31300,2.87
2004-09-16,2.75,2.96,2.75,2.85,87000,2.85
2004-09-15,2.80,2.84,2.75,2.80,59500,2.80
2004-09-14,2.73,2.86,2.73,2.86,78500,2.86
2004-09-13,2.81,2.88,2.77,2.84,64800,2.84
2004-09-10,2.62,2.89,2.62,2.80,84900,2.80
2004-09-09,2.58,2.80,2.57,2.62,27700,2.62
2004-09-08,2.60,2.63,2.55,2.58,26600,2.58
2004-09-07,2.57,2.65,2.57,2.62,31000,2.62
2004-09-03,2.57,2.57,2.50,2.55,22200,2.55
2004-09-02,2.59,2.65,2.50,2.60,51100,2.60
2004-09-01,2.53,2.60,2.53,2.60,31600,2.60
2004-08-31,2.68,2.68,2.55,2.59,26200,2.59
2004-08-30,2.81,2.81,2.66,2.67,42400,2.67
2004-08-27,2.77,2.88,2.77,2.81,45600,2.81
2004-08-26,2.81,2.86,2.75,2.77,55700,2.77
2004-08-25,2.77,2.85,2.66,2.84,60700,2.84
2004-08-24,2.63,2.91,2.63,2.76,52900,2.76
2004-08-23,2.64,2.80,2.64,2.71,22000,2.71
2004-08-20,2.70,2.74,2.60,2.66,29800,2.66
2004-08-19,2.60,2.91,2.58,2.67,98500,2.67
2004-08-18,2.62,2.62,2.43,2.55,71000,2.55
2004-08-17,2.50,2.52,2.32,2.46,62400,2.46
2004-08-16,2.23,2.50,2.23,2.43,45500,2.43
2004-08-13,2.45,2.49,2.32,2.35,55300,2.35
2004-08-12,2.43,2.49,2.30,2.40,72100,2.40
2004-08-11,2.54,2.61,2.26,2.44,157200,2.44
2004-08-10,2.65,2.75,2.38,2.54,258700,2.54
2004-08-09,2.69,2.74,2.50,2.62,98400,2.62
2004-08-06,2.75,2.75,2.61,2.69,95700,2.69
2004-08-05,2.93,2.99,2.75,2.84,51500,2.84
2004-08-04,2.96,3.05,2.81,2.99,86300,2.99
2004-08-03,3.16,3.19,3.05,3.10,48000,3.10
2004-08-02,3.21,3.35,3.05,3.17,142300,3.17
2004-07-30,3.25,3.40,3.25,3.37,96500,3.37
2004-07-29,3.60,3.60,3.20,3.38,214400,3.38
2004-07-28,3.02,3.50,2.83,3.50,497500,3.50
2004-07-27,2.75,2.85,2.71,2.72,107500,2.72
2004-07-26,2.46,2.86,2.46,2.73,245800,2.73
2004-07-23,2.30,2.46,2.30,2.38,121600,2.38
2004-07-22,2.41,2.45,2.27,2.30,106300,2.30
2004-07-21,2.50,2.65,2.36,2.40,173000,2.40
2004-07-20,2.76,2.76,2.50,2.54,202400,2.54
2004-07-19,2.55,2.73,2.52,2.67,161300,2.67
2004-07-16,3.11,3.11,2.58,2.58,271800,2.58
2004-07-15,3.16,3.16,3.04,3.08,50200,3.08
2004-07-14,3.30,3.30,3.01,3.10,103500,3.10
2004-07-13,3.50,3.50,3.02,3.03,287900,3.03
2004-07-12,3.20,3.28,3.11,3.23,104500,3.23
2004-07-09,3.21,3.38,3.20,3.25,73500,3.25
2004-07-08,3.34,3.34,3.20,3.20,59200,3.20
2004-07-07,3.41,3.41,3.21,3.35,97200,3.35
2004-07-06,3.51,3.55,3.41,3.45,91600,3.45
2004-07-02,3.85,3.87,3.48,3.58,135000,3.58
2004-07-01,3.78,3.87,3.64,3.64,67800,3.64
2004-06-30,3.89,3.89,3.75,3.88,48900,3.88
2004-06-29,3.85,3.93,3.75,3.76,77700,3.76
2004-06-28,3.62,3.94,3.62,3.81,73800,3.81
2004-06-25,3.84,3.94,3.73,3.85,128600,3.85
2004-06-24,3.67,3.85,3.67,3.79,81100,3.79
2004-06-23,3.70,3.79,3.65,3.72,61100,3.72
2004-06-22,3.56,3.74,3.53,3.73,68200,3.73
2004-06-21,3.62,3.70,3.54,3.57,50900,3.57
2004-06-18,3.62,3.80,3.52,3.63,87700,3.63
2004-06-17,3.62,3.88,3.62,3.64,74400,3.64
2004-06-16,3.70,3.79,3.60,3.70,53500,3.70
2004-06-15,3.70,3.80,3.70,3.70,57600,3.70
2004-06-14,3.80,3.81,3.60,3.63,113300,3.63
2004-06-10,3.96,4.00,3.75,3.80,44800,3.80
2004-06-09,3.89,3.95,3.71,3.78,88000,3.78
2004-06-08,4.00,4.00,3.87,3.90,56000,3.90
2004-06-07,4.01,4.09,3.91,3.98,111600,3.98
2004-06-04,3.70,3.98,3.70,3.85,128500,3.85
2004-06-03,4.01,4.02,3.66,3.78,210800,3.78
2004-06-02,4.30,4.30,3.98,4.05,426700,4.05
2004-06-01,3.55,4.30,3.21,4.28,681900,4.28
2004-05-28,3.60,3.80,3.55,3.59,139500,3.59
2004-05-27,3.76,3.82,3.56,3.71,142300,3.71
2004-05-26,3.50,3.70,3.45,3.56,193100,3.56
2004-05-25,3.42,3.48,3.32,3.48,184900,3.48
2004-05-24,3.47,3.48,3.22,3.39,173000,3.39
2004-05-21,3.73,3.74,3.19,3.30,764900,3.30
2004-05-20,3.85,3.97,3.66,3.66,85800,3.66
2004-05-19,3.98,4.00,3.80,3.80,248300,3.80
2004-05-18,3.83,3.98,3.70,3.76,163400,3.76
2004-05-17,3.83,4.00,3.65,3.70,294500,3.70
2004-05-14,4.40,4.47,4.00,4.05,244100,4.05
2004-05-13,4.18,4.34,4.00,4.20,395500,4.20
2004-05-12,4.28,4.28,3.96,4.14,163100,4.14
2004-05-11,4.28,4.28,4.09,4.22,190300,4.22
2004-05-10,4.36,4.40,3.95,4.09,353600,4.09
2004-05-07,4.50,4.67,4.50,4.52,56400,4.52
2004-05-06,4.38,4.60,4.33,4.59,117900,4.59
2004-05-05,4.60,4.78,4.52,4.57,87700,4.57
2004-05-04,4.64,4.69,4.34,4.64,174800,4.64
2004-05-03,4.63,4.68,4.50,4.58,125600,4.58
2004-04-30,4.80,4.95,4.35,4.41,184700,4.41
2004-04-29,5.00,5.18,4.74,4.77,165000,4.77
2004-04-28,5.23,5.30,5.00,5.14,161100,5.14
2004-04-27,5.24,5.38,5.24,5.27,88700,5.27
2004-04-26,5.44,5.44,5.21,5.23,61200,5.23
2004-04-23,5.40,5.52,5.12,5.31,94800,5.31
2004-04-22,5.17,5.58,5.16,5.46,134900,5.46
2004-04-21,5.70,5.88,5.21,5.40,194100,5.40
2004-04-20,5.89,6.06,5.70,5.73,281300,5.73
2004-04-19,5.48,5.88,5.48,5.88,397900,5.88
2004-04-16,5.41,5.55,5.29,5.42,198400,5.42
2004-04-15,5.60,5.75,5.35,5.43,475600,5.43
2004-04-14,5.35,5.58,5.01,5.57,548100,5.57
2004-04-13,5.98,5.99,5.36,5.43,314900,5.43
2004-04-12,6.20,6.24,5.90,5.93,175900,5.93
2004-04-08,6.15,6.21,5.89,6.10,383600,6.10
2004-04-07,6.07,6.20,5.85,5.91,377200,5.91
2004-04-06,5.66,6.20,5.60,6.14,483700,6.14
2004-04-05,5.63,5.77,5.58,5.75,307400,5.75
2004-04-02,5.80,5.95,5.40,5.59,1183500,5.59
2004-04-01,4.78,5.62,4.69,5.60,931900,5.60
2004-03-31,4.40,4.73,4.40,4.63,369500,4.63
2004-03-30,4.41,4.45,4.30,4.36,113600,4.36
2004-03-29,4.49,4.60,4.39,4.47,158900,4.47
2004-03-26,4.34,4.43,4.27,4.34,187100,4.34
2004-03-25,4.25,4.34,4.20,4.25,159400,4.25
2004-03-24,4.16,4.25,4.10,4.14,77900,4.14
2004-03-23,4.28,4.29,4.07,4.13,124200,4.13
2004-03-22,4.14,4.17,4.05,4.12,302700,4.12
2004-03-19,4.25,4.28,4.15,4.16,113100,4.16
2004-03-18,4.17,4.25,4.03,4.24,411800,4.24
2004-03-17,4.39,4.48,4.06,4.15,756000,4.15
2004-03-16,4.37,4.49,4.01,4.19,536100,4.19
2004-03-15,4.61,4.62,4.25,4.30,322100,4.30
2004-03-12,4.69,4.70,4.49,4.65,238800,4.65
2004-03-11,4.72,4.72,4.51,4.60,399000,4.60
2004-03-10,5.08,5.16,4.80,4.83,411500,4.83
2004-03-09,5.15,5.28,5.00,5.06,244200,5.06
2004-03-08,5.38,5.43,5.26,5.34,173800,5.34
2004-03-05,5.50,5.63,5.42,5.43,132200,5.43
2004-03-04,5.60,5.72,5.50,5.57,146300,5.57
2004-03-03,5.50,5.76,5.32,5.63,435900,5.63
2004-03-02,5.58,5.75,5.45,5.47,209200,5.47
2004-03-01,5.40,5.77,5.40,5.56,317300,5.56
2004-02-27,5.33,5.60,5.31,5.36,266900,5.36
2004-02-26,5.26,5.44,5.10,5.31,188500,5.31
2004-02-25,5.13,5.41,5.12,5.29,285000,5.29
2004-02-24,5.36,5.45,5.06,5.08,410800,5.08
2004-02-23,5.43,5.68,5.30,5.33,200200,5.33
2004-02-20,5.75,5.75,5.41,5.48,328400,5.48
2004-02-19,5.95,6.12,5.67,5.69,312900,5.69
2004-02-18,5.81,6.20,5.81,6.01,788200,6.01
2004-02-17,6.02,6.18,5.61,5.73,408300,5.73
2004-02-13,6.25,6.35,5.80,5.84,805900,5.84
2004-02-12,6.84,7.19,6.11,6.13,3425300,6.13
2004-02-11,5.44,6.20,5.43,6.13,1970000,6.13
2004-02-10,5.30,5.38,5.20,5.27,170000,5.27
2004-02-09,5.11,5.30,5.09,5.25,167400,5.25
2004-02-06,4.98,5.09,4.84,5.05,142400,5.05
2004-02-05,5.09,5.14,4.75,4.98,146200,4.98
2004-02-04,5.07,5.23,4.91,4.99,215000,4.99
2004-02-03,5.30,5.38,5.07,5.18,121100,5.18
2004-02-02,5.20,5.64,5.20,5.36,231000,5.36
2004-01-30,5.24,5.35,5.09,5.23,150500,5.23
2004-01-29,5.32,5.39,5.06,5.14,178400,5.14
2004-01-28,5.50,5.58,5.15,5.20,182800,5.20
2004-01-27,5.72,5.72,5.50,5.52,142300,5.52
2004-01-26,5.45,5.79,5.35,5.75,369500,5.75
2004-01-23,5.52,5.64,5.50,5.50,151000,5.50
2004-01-22,5.72,5.89,5.50,5.50,196400,5.50
2004-01-21,5.90,5.94,5.62,5.70,197100,5.70
2004-01-20,5.99,6.07,5.84,5.95,379500,5.95
2004-01-16,5.99,6.20,5.70,5.81,552400,5.81
2004-01-15,5.30,6.01,5.29,5.88,1303600,5.88
2004-01-14,5.61,5.71,5.27,5.42,238900,5.42
2004-01-13,5.56,5.60,5.32,5.47,155900,5.47
2004-01-12,5.41,5.61,5.35,5.57,475700,5.57
2004-01-09,5.58,5.82,5.36,5.48,767500,5.48
2004-01-08,5.50,5.84,5.30,5.63,792000,5.63
2004-01-07,5.10,5.60,5.00,5.35,1067100,5.35
2004-01-06,5.20,5.22,4.94,5.02,858400,5.02
2004-01-05,4.55,5.30,4.42,5.29,1315800,5.29
2004-01-02,4.11,4.49,4.08,4.36,516300,4.36
2003-12-31,4.07,4.16,4.03,4.10,407700,4.10
2003-12-30,4.15,4.26,4.03,4.08,403200,4.08
2003-12-29,4.30,4.35,4.12,4.26,233600,4.26
2003-12-26,4.07,4.29,4.07,4.23,194700,4.23
2003-12-24,4.04,4.18,4.04,4.18,124700,4.18
2003-12-23,4.06,4.15,4.00,4.10,216300,4.10
2003-12-22,4.05,4.10,4.00,4.08,166100,4.08
2003-12-19,4.10,4.15,4.01,4.06,225900,4.06
2003-12-18,4.05,4.18,4.03,4.14,175900,4.14
2003-12-17,4.15,4.22,4.02,4.07,209900,4.07
2003-12-16,4.16,4.38,4.15,4.24,163500,4.24
2003-12-15,4.65,4.71,4.30,4.37,273300,4.37
2003-12-12,4.50,4.64,4.26,4.54,160700,4.54
2003-12-11,4.23,4.50,4.11,4.45,232400,4.45
2003-12-10,4.35,4.69,4.10,4.10,372200,4.10
2003-12-09,4.70,4.70,4.36,4.47,300700,4.47
2003-12-08,4.80,4.89,4.51,4.59,265300,4.59
2003-12-05,4.67,4.82,4.66,4.77,181600,4.77
2003-12-04,4.99,4.99,4.80,4.89,194100,4.89
2003-12-03,5.17,5.23,4.93,4.96,260700,4.96
2003-12-02,5.22,5.30,5.01,5.09,259900,5.09
2003-12-01,5.08,5.41,5.07,5.22,630200,5.22
2003-11-28,4.60,5.18,4.60,4.99,410200,4.99
2003-11-26,4.77,4.89,4.51,4.57,279700,4.57
2003-11-25,4.61,4.75,4.56,4.69,331300,4.69
2003-11-24,4.81,4.95,4.48,4.50,694000,4.50
2003-11-21,5.05,5.20,4.80,4.83,377700,4.83
2003-11-20,4.91,5.07,4.91,5.04,250100,5.04
2003-11-19,5.10,5.15,4.90,5.00,230800,5.00
2003-11-18,5.20,5.25,4.90,4.92,416000,4.92
2003-11-17,5.28,5.30,5.03,5.13,398000,5.13
2003-11-14,5.50,5.55,5.31,5.33,214700,5.33
2003-11-13,5.49,5.60,5.45,5.54,201900,5.54
2003-11-12,5.35,5.59,5.35,5.53,213600,5.53
2003-11-11,5.57,5.60,5.30,5.40,246000,5.40
2003-11-10,5.75,5.79,5.47,5.50,267900,5.50
2003-11-07,6.10,6.10,5.56,5.73,336100,5.73
2003-11-06,6.21,6.29,5.75,5.77,922200,5.77
2003-11-05,6.00,6.54,5.85,6.24,3473300,6.24
2003-11-04,5.23,5.42,5.21,5.26,181500,5.26
2003-11-03,5.55,5.55,5.20,5.34,297600,5.34
2003-10-31,5.21,5.34,5.12,5.19,269800,5.19
2003-10-30,5.43,5.50,5.11,5.20,503400,5.20
2003-10-29,5.45,5.56,5.33,5.40,323400,5.40
2003-10-28,5.50,5.68,5.41,5.56,613800,5.56
2003-10-27,5.60,5.61,5.25,5.39,434600,5.39
2003-10-24,5.43,5.71,5.20,5.42,584100,5.42
2003-10-23,4.90,5.58,4.80,5.29,1023300,5.29
2003-10-22,5.22,5.35,5.00,5.11,566800,5.11
2003-10-21,5.67,5.67,5.25,5.37,895100,5.37
2003-10-20,5.93,6.00,5.66,5.71,448900,5.71
2003-10-17,5.95,6.10,5.80,5.85,888400,5.85
2003-10-16,5.91,6.30,5.91,6.16,542600,6.16
2003-10-15,6.27,6.33,5.81,6.00,596300,6.00
2003-10-14,6.37,6.45,6.05,6.20,484900,6.20
2003-10-13,6.50,6.63,6.28,6.40,514100,6.40
2003-10-10,6.48,6.70,6.40,6.42,1001600,6.42
2003-10-09,7.31,7.34,6.31,6.37,3963300,6.37
2003-10-08,5.75,7.42,5.50,6.96,4953300,6.96
2003-10-07,5.91,5.95,5.33,5.66,1813000,5.66
2003-10-06,6.75,6.80,5.86,6.01,3629400,6.01
2003-10-03,8.15,8.24,7.61,7.81,1635200,7.81
2003-10-02,7.37,7.79,7.25,7.56,1720800,7.56
2003-10-01,7.30,7.45,7.00,7.19,1544800,7.19
2003-09-30,7.20,7.20,6.87,7.09,1022200,7.09
2003-09-29,7.15,7.44,6.97,7.25,2119600,7.25
2003-09-26,7.72,7.72,6.80,6.89,2385400,6.89
2003-09-25,8.40,8.49,7.63,7.73,2134600,7.73
2003-09-24,8.71,8.79,8.06,8.14,1821600,8.14
2003-09-23,8.95,8.96,8.61,8.65,1937200,8.65
2003-09-22,8.08,8.80,7.90,8.55,3366400,8.55
2003-09-19,8.79,8.98,8.60,8.70,1727800,8.70
2003-09-18,8.70,9.16,8.04,8.82,4357600,8.82
2003-09-17,9.14,9.45,8.45,8.51,9756500,8.51
2003-09-16,7.85,8.85,7.64,8.82,10921800,8.82
2003-09-15,7.36,7.45,6.96,7.00,1071100,7.00
2003-09-12,7.13,7.38,7.00,7.29,1057800,7.29
2003-09-11,7.38,7.38,6.93,7.19,1423600,7.19
2003-09-10,7.43,7.57,7.10,7.11,2019600,7.11
2003-09-09,7.43,7.85,7.36,7.53,3838000,7.53
2003-09-08,7.41,7.60,7.15,7.23,1824500,7.23
2003-09-05,6.64,7.52,6.61,7.12,5550400,7.12
2003-09-04,7.11,7.25,6.64,6.71,6048300,6.71
2003-09-03,7.12,8.05,6.78,7.27,23354300,7.27
2003-09-02,4.28,6.39,4.21,6.38,9965700,6.38
2003-08-29,4.28,4.31,4.07,4.17,968500,4.17
2003-08-28,4.31,4.35,4.12,4.21,2313600,4.21
2003-08-27,3.90,4.37,3.85,4.04,3350000,4.04
2003-08-26,3.78,4.01,3.58,3.87,2833100,3.87
2003-08-25,4.48,4.48,3.70,3.94,3734600,3.94
2003-08-22,5.05,5.05,4.44,4.50,2428500,4.50
2003-08-21,5.28,5.30,4.68,5.01,6026300,5.01
2003-08-20,5.80,6.22,4.62,4.68,15136300,4.68
2003-08-19,8.00,8.40,7.50,7.56,3864900,7.56
2003-08-18,6.15,7.73,6.13,7.73,2532100,7.73
2003-08-15,6.05,6.30,5.91,6.05,345300,6.05
2003-08-14,6.12,6.46,6.05,6.12,1005000,6.12
2003-08-13,5.87,6.47,5.57,6.15,2229900,6.15
2003-08-12,6.14,6.55,6.06,6.30,1218400,6.30
2003-08-11,6.77,6.90,6.41,6.56,1524000,6.56
2003-08-08,6.05,6.72,5.56,6.71,3097700,6.71
2003-08-07,6.33,6.46,5.74,5.80,1899000,5.80
2003-08-06,7.31,7.34,6.22,6.40,2009900,6.40
2003-08-05,7.74,7.87,7.04,7.05,1003000,7.05
2003-08-04,8.02,8.15,7.40,7.64,1203700,7.64
2003-08-01,8.32,8.54,8.22,8.30,442600,8.30
2003-07-31,9.00,9.08,8.27,8.46,1034500,8.46
2003-07-30,9.00,9.35,8.51,8.76,1461300,8.76
2003-07-29,9.00,9.48,8.55,9.12,3425800,9.12
2003-07-28,8.65,8.78,8.11,8.37,1064500,8.37
2003-07-25,8.90,8.95,8.20,8.41,1381500,8.41
2003-07-24,9.34,9.51,8.50,8.75,3225300,8.75
2003-07-23,8.52,9.15,8.00,8.58,2377300,8.58
2003-07-22,10.19,10.21,9.03,9.13,3604800,9.13
2003-07-21,9.11,10.38,8.83,9.55,6131900,9.55
2003-07-18,8.20,9.23,7.35,9.15,7272300,9.15
2003-07-17,8.32,9.10,7.96,8.06,1909300,8.06
2003-07-16,10.74,10.75,9.11,9.19,3926900,9.19
2003-07-15,11.52,11.57,10.51,10.63,2373000,10.63
2003-07-14,12.00,12.05,11.12,11.27,2739800,11.27
2003-07-11,11.71,11.84,10.75,10.98,4113300,10.98
2003-07-10,11.28,12.65,11.07,11.27,5674700,11.27
2003-07-09,10.23,12.43,10.20,12.15,9011800,12.15
2003-07-08,13.95,14.10,10.76,10.98,15940100,10.98
2003-07-07,9.98,12.55,9.79,12.44,12281000,12.44
2003-07-03,6.32,9.09,6.31,8.64,5948300,8.64
2003-07-02,5.34,7.10,5.10,6.83,3310200,6.83
2003-07-01,4.50,5.00,4.25,4.89,667200,4.89
2003-06-30,4.20,4.58,3.97,4.36,302800,4.36
2003-06-27,4.00,4.40,3.83,4.14,327300,4.14
2003-06-26,4.00,4.09,3.80,3.93,200900,3.93
2003-06-25,4.02,4.18,3.75,4.07,212600,4.07
2003-06-24,4.30,4.50,4.00,4.12,259900,4.12
2003-06-23,4.64,5.18,4.10,4.30,300000,4.30
2003-06-20,4.45,4.70,4.24,4.46,250900,4.46
2003-06-19,4.40,4.86,4.10,4.18,423500,4.18
2003-06-18,4.98,5.24,4.40,4.41,1265000,4.41
2003-06-17,3.59,5.35,3.30,5.34,2296900,5.34
2003-06-16,2.35,3.09,2.35,2.93,457100,2.93
2003-06-13,2.54,2.54,2.28,2.30,44800,2.30
2003-06-12,2.40,2.48,2.32,2.40,126000,2.40
2003-06-11,2.55,2.65,2.29,2.36,91300,2.36
2003-06-10,2.40,2.40,2.22,2.36,80800,2.36
2003-06-09,2.30,2.56,2.20,2.29,434700,2.29
2003-06-06,3.00,3.30,2.20,2.26,570200,2.26
2003-06-05,1.80,2.77,1.80,2.74,1021500,2.74
2003-06-04,1.70,1.88,1.67,1.79,115500,1.79
2003-06-03,1.67,1.77,1.67,1.70,52700,1.70
2003-06-02,1.71,1.80,1.65,1.67,56200,1.67
2003-05-30,1.80,1.99,1.65,1.65,133400,1.65
2003-05-29,1.73,1.80,1.68,1.78,56600,1.78
2003-05-28,1.75,1.80,1.60,1.68,50400,1.68
2003-05-27,1.75,1.75,1.71,1.72,29300,1.72
2003-05-23,1.66,1.75,1.66,1.75,33200,1.75
2003-05-22,1.75,1.77,1.65,1.69,50300,1.69
2003-05-21,1.75,1.85,1.70,1.73,88600,1.73
2003-05-20,1.80,1.86,1.71,1.75,227200,1.75
2003-05-19,1.75,1.88,1.70,1.85,167000,1.85
2003-05-16,1.71,1.78,1.52,1.65,134100,1.65
2003-05-15,1.86,1.89,1.71,1.72,73700,1.72
2003-05-14,1.98,2.04,1.84,1.85,52100,1.85
2003-05-13,2.00,2.13,1.90,1.94,85500,1.94
2003-05-12,2.03,2.04,1.95,2.00,33000,2.00
2003-05-09,2.12,2.15,1.95,2.04,91400,2.04
2003-05-08,2.09,2.12,1.96,2.00,98400,2.00
2003-05-07,1.90,2.04,1.90,2.00,110300,2.00
2003-05-06,2.13,2.15,1.80,1.94,79700,1.94
2003-05-05,1.73,2.18,1.64,1.95,150900,1.95
2003-05-02,1.65,1.85,1.57,1.85,95800,1.85
2003-05-01,1.71,1.71,1.64,1.70,18700,1.70
2003-04-30,1.66,1.74,1.66,1.72,15100,1.72
2003-04-29,1.84,1.84,1.70,1.75,19700,1.75
2003-04-28,1.68,1.70,1.68,1.70,1700,1.70
2003-04-25,1.61,1.90,1.56,1.73,12600,1.73
2003-04-24,1.86,1.90,1.83,1.90,18300,1.90
2003-04-23,1.86,1.90,1.86,1.90,12000,1.90
2003-04-22,2.00,2.00,1.75,1.94,35300,1.94
2003-04-21,1.70,2.00,1.70,2.00,41200,2.00
2003-04-17,1.63,1.79,1.57,1.74,18600,1.74
2003-04-16,1.52,1.62,1.41,1.56,48800,1.56
2003-04-15,1.65,1.65,1.50,1.53,6500,1.53
2003-04-14,1.79,1.79,1.50,1.56,15700,1.56
2003-04-11,1.65,1.65,1.45,1.56,14200,1.56
2003-04-10,1.66,1.79,1.60,1.64,23100,1.64
2003-04-09,1.85,1.85,1.65,1.65,8900,1.65
2003-04-08,1.71,1.90,1.65,1.71,12400,1.71
2003-04-07,1.86,1.95,1.65,1.68,16000,1.68
2003-04-04,1.75,1.95,1.55,1.85,23000,1.85
2003-04-03,1.73,1.75,1.70,1.75,18900,1.75
2003-04-02,1.65,1.75,1.65,1.75,9400,1.75
2003-04-01,1.89,1.97,1.60,1.63,48600,1.63
2003-03-31,1.90,1.95,1.85,1.85,16600,1.85
2003-03-28,2.10,2.10,1.90,1.95,6800,1.95
2003-03-27,1.95,2.35,1.95,2.10,19900,2.10
2003-03-26,1.84,2.30,1.84,2.30,85600,2.30
2003-03-25,1.97,1.97,1.89,1.89,9200,1.89
2003-03-24,1.83,2.05,1.83,1.92,20200,1.92
2003-03-21,1.81,2.15,1.81,2.00,7000,2.00
2003-03-20,2.10,2.19,1.80,1.94,39500,1.94
2003-03-19,2.20,2.20,2.12,2.17,8200,2.17
2003-03-18,2.06,2.15,2.00,2.15,14800,2.15
2003-03-17,2.45,2.45,2.00,2.00,35200,2.00
2003-03-14,2.53,2.54,2.45,2.45,1000,2.45
2003-03-13,2.53,2.54,2.53,2.54,1600,2.54
2003-03-12,2.54,2.54,2.54,2.54,100,2.54
2003-03-11,2.58,2.60,2.56,2.60,6100,2.60
2003-03-10,2.60,2.66,2.56,2.60,2900,2.60
2003-03-07,2.65,2.65,2.50,2.60,6100,2.60
2003-03-06,2.55,2.61,2.55,2.60,8800,2.60
2003-03-05,2.61,2.61,2.60,2.60,1800,2.60
2003-03-04,2.60,2.76,2.55,2.60,5300,2.60
2003-03-03,2.61,2.66,2.60,2.61,4300,2.61
2003-02-28,2.87,2.95,2.48,2.60,118100,2.60
2003-02-27,2.85,2.87,2.54,2.63,4500,2.63
2003-02-26,2.67,2.80,2.64,2.80,4200,2.80
2003-02-25,2.51,2.65,2.51,2.65,3900,2.65
2003-02-24,2.53,2.61,2.53,2.60,4500,2.60
2003-02-21,2.69,2.72,2.63,2.63,3800,2.63
2003-02-20,2.52,2.79,2.50,2.77,9500,2.77
2003-02-19,2.57,2.58,2.50,2.54,11400,2.54
2003-02-18,2.65,2.75,2.52,2.57,16500,2.57
2003-02-14,2.72,2.72,2.72,2.72,400,2.72
2003-02-13,3.00,3.00,2.50,2.69,10600,2.69
2003-02-12,2.65,2.97,2.65,2.97,500,2.97
2003-02-11,2.89,3.01,2.72,2.79,3400,2.79
2003-02-10,2.81,2.81,2.66,2.80,6700,2.80
2003-02-07,2.99,2.99,2.80,2.83,3400,2.83
2003-02-06,2.96,2.96,2.80,2.87,6700,2.87
2003-02-05,3.02,3.02,2.95,2.98,1400,2.98
2003-02-04,3.05,3.09,3.05,3.06,1000,3.06
2003-02-03,2.96,3.20,2.96,3.06,4000,3.06
2003-01-31,3.11,3.11,3.11,3.11,800,3.11
2003-01-30,3.06,3.48,3.06,3.12,4200,3.12
2003-01-29,2.96,3.08,2.96,3.06,1500,3.06
2003-01-28,3.00,3.17,2.91,3.08,8200,3.08
2003-01-27,3.10,3.14,2.98,2.98,13100,2.98
2003-01-24,3.50,3.50,3.10,3.20,12100,3.20
2003-01-23,3.03,3.50,2.91,3.44,34500,3.44
2003-01-22,3.16,3.18,2.91,3.04,7700,3.04
2003-01-21,2.76,3.45,2.76,3.27,53900,3.27
2003-01-17,3.15,3.15,2.96,3.00,9400,3.00
2003-01-16,3.29,3.40,3.24,3.27,15200,3.27
2003-01-15,3.41,3.47,3.08,3.20,8300,3.20
2003-01-14,2.66,3.75,2.66,3.47,61000,3.47
2003-01-13,2.53,2.70,2.52,2.67,2900,2.67
2003-01-10,2.53,2.59,2.53,2.54,3600,2.54
2003-01-09,2.51,2.59,2.51,2.53,6200,2.53
2003-01-08,2.51,2.57,2.51,2.51,1300,2.51
2003-01-07,2.84,2.84,2.56,2.59,1200,2.59
2003-01-06,2.89,2.89,2.60,2.61,8300,2.61
2003-01-03,2.36,2.83,2.36,2.81,10500,2.81
2003-01-02,2.45,2.45,2.30,2.31,2400,2.31
2002-12-31,2.37,2.44,2.32,2.38,3000,2.38
2002-12-30,2.58,2.58,2.42,2.42,3700,2.42
2002-12-27,2.55,3.01,2.52,2.58,7900,2.58
2002-12-26,2.88,3.00,2.54,2.54,14900,2.54
2002-12-24,2.52,2.86,2.52,2.86,5800,2.86
2002-12-23,2.58,3.15,2.58,2.91,1700,2.91
2002-12-20,2.50,2.76,2.45,2.71,9900,2.71
2002-12-19,2.60,2.90,2.60,2.85,38800,2.85
2002-12-18,2.50,2.95,2.20,2.90,45800,2.90
2002-12-17,2.50,2.50,2.21,2.21,7200,2.21
2002-12-16,2.67,2.85,2.50,2.50,13000,2.50
2002-12-13,2.66,2.87,2.50,2.66,2300,2.66
2002-12-12,2.52,2.80,2.51,2.79,12400,2.79
2002-12-11,2.13,2.90,2.00,2.90,64700,2.90
2002-12-10,2.36,2.59,2.10,2.14,35600,2.14
2002-12-09,2.60,2.60,2.27,2.36,17400,2.36
2002-12-06,2.55,2.60,2.48,2.51,20600,2.51
2002-12-05,2.51,2.70,2.48,2.48,8300,2.48
2002-12-04,2.71,2.94,2.52,2.66,9000,2.66
2002-12-03,2.91,2.98,2.71,2.85,7900,2.85
2002-12-02,3.00,3.01,2.95,2.98,20300,2.98
2002-11-29,3.05,3.10,3.00,3.00,3800,3.00
2002-11-27,3.19,3.30,3.05,3.30,10900,3.30
2002-11-26,3.40,3.40,3.18,3.32,3700,3.32
2002-11-25,3.28,3.72,3.20,3.59,9100,3.59
2002-11-22,3.20,3.42,3.17,3.42,11800,3.42
2002-11-21,3.37,3.38,3.31,3.31,2000,3.31
2002-11-20,3.40,3.41,3.40,3.41,5500,3.41
2002-11-19,3.40,3.59,3.36,3.42,6400,3.42
2002-11-18,3.25,3.50,3.16,3.50,2800,3.50
2002-11-15,3.09,3.24,3.00,3.24,6100,3.24
2002-11-14,3.04,3.11,2.95,2.95,800,2.95
2002-11-13,3.05,3.05,3.00,3.00,1100,3.00
2002-11-12,3.14,3.14,3.05,3.05,200,3.05
2002-11-11,3.05,3.18,3.05,3.18,2200,3.18
2002-11-08,3.19,3.19,3.07,3.07,1500,3.07
2002-11-07,3.10,3.10,3.06,3.06,1700,3.06
2002-11-06,3.11,3.11,3.11,3.11,600,3.11
2002-11-05,3.10,3.10,3.05,3.10,11500,3.10
2002-11-04,3.13,3.14,3.08,3.10,1100,3.10
2002-11-01,3.06,3.09,3.00,3.07,9300,3.07
2002-10-31,3.33,3.33,3.20,3.21,37900,3.21
2002-10-30,3.16,3.32,3.16,3.32,4100,3.32
2002-10-29,3.30,3.41,3.20,3.34,7500,3.34
2002-10-28,3.49,3.75,3.42,3.44,19000,3.44
2002-10-25,3.21,3.49,3.21,3.48,8000,3.48
2002-10-24,3.49,3.49,3.48,3.48,108500,3.48
2002-10-23,3.50,3.64,3.38,3.64,26100,3.64
2002-10-22,3.44,3.70,3.10,3.56,33600,3.56
2002-10-21,3.69,3.71,3.50,3.50,4600,3.50
2002-10-18,3.57,3.70,3.56,3.56,2800,3.56
2002-10-17,3.50,3.64,3.48,3.64,10600,3.64
2002-10-16,3.78,3.85,3.55,3.55,6100,3.55
2002-10-15,3.80,3.96,3.80,3.92,4400,3.92
2002-10-14,3.83,3.83,3.83,3.83,300,3.83
2002-10-11,3.87,3.90,3.86,3.86,37100,3.86
2002-10-10,3.85,3.90,3.85,3.86,5500,3.86
2002-10-09,3.98,4.00,3.85,3.85,46000,3.85
2002-10-08,3.99,4.05,3.98,3.99,2200,3.99
2002-10-07,4.00,4.01,3.96,3.97,2400,3.97
2002-10-04,4.10,4.10,4.00,4.04,15600,4.04
2002-10-03,4.10,4.10,4.10,4.10,3600,4.10
2002-10-02,4.10,4.10,4.05,4.05,17900,4.05
2002-10-01,4.02,4.10,4.02,4.10,1000,4.10
2002-09-30,4.11,4.11,4.10,4.10,2900,4.10
2002-09-27,4.15,4.15,4.11,4.15,1800,4.15
2002-09-26,4.12,4.13,4.12,4.12,1300,4.12
2002-09-25,4.30,4.30,4.11,4.12,4900,4.12
2002-09-24,4.27,4.30,4.27,4.30,80500,4.30
2002-09-23,4.30,4.34,4.22,4.25,28800,4.25
2002-09-20,4.30,4.32,4.26,4.30,9400,4.30
2002-09-19,4.04,4.30,4.00,4.30,30700,4.30
2002-09-18,4.30,4.30,4.24,4.27,8800,4.27
2002-09-17,4.30,4.32,4.29,4.30,5400,4.30
2002-09-16,4.30,4.30,4.30,4.30,200,4.30
2002-09-13,4.21,4.30,4.20,4.30,2700,4.30
2002-09-12,4.30,4.32,4.20,4.20,9500,4.20
2002-09-11,4.30,4.35,4.25,4.30,9700,4.30
2002-09-10,4.30,4.40,4.30,4.40,33800,4.40
2002-09-09,4.20,4.50,4.20,4.21,16800,4.21
2002-09-06,4.20,4.20,4.16,4.20,6900,4.20
2002-09-05,4.20,4.20,4.18,4.18,3000,4.18
2002-09-04,4.20,4.25,4.20,4.25,8900,4.25
2002-09-03,4.20,4.25,4.20,4.20,9300,4.20
2002-08-30,4.18,4.25,4.18,4.21,6300,4.21
2002-08-29,4.20,4.25,4.20,4.25,1600,4.25
2002-08-28,4.27,4.29,4.12,4.20,12500,4.20
2002-08-27,4.16,4.17,4.16,4.17,1100,4.17
2002-08-26,4.21,4.21,4.20,4.20,2300,4.20
2002-08-23,4.15,4.25,4.15,4.15,19900,4.15
2002-08-22,4.10,4.49,4.10,4.19,28800,4.19
2002-08-21,4.10,4.30,4.10,4.15,14500,4.15
2002-08-20,3.84,4.15,3.84,4.06,13400,4.06
2002-08-19,3.73,3.83,3.73,3.83,9100,3.83
2002-08-16,3.65,3.89,3.65,3.73,8300,3.73
2002-08-15,3.96,3.96,3.65,3.65,7700,3.65
2002-08-14,3.78,3.78,3.78,3.78,600,3.78
2002-08-13,3.80,3.80,3.80,3.80,1100,3.80
2002-08-12,3.90,3.98,3.90,3.98,3000,3.98
2002-08-09,4.00,4.00,3.85,3.86,4500,3.86
2002-08-08,3.96,4.44,3.80,3.81,36800,3.81
2002-08-07,3.80,3.80,3.05,3.56,54400,3.56
2002-08-06,4.05,4.25,4.02,4.09,6400,4.09
2002-08-05,3.99,3.99,3.90,3.90,5500,3.90
2002-08-02,3.76,3.90,3.55,3.86,4700,3.86
2002-08-01,3.80,4.54,3.80,3.90,28400,3.90
2002-07-31,3.45,4.40,3.40,4.40,9200,4.40
2002-07-30,3.38,3.55,3.36,3.37,38000,3.37
2002-07-29,3.80,4.00,3.37,3.37,40100,3.37
2002-07-26,3.66,3.85,3.41,3.65,20100,3.65
2002-07-25,4.05,4.35,3.65,3.65,14000,3.65
2002-07-24,4.76,4.76,3.95,3.95,50300,3.95
2002-07-23,5.00,5.00,4.56,4.70,18800,4.70
2002-07-22,5.26,5.26,4.96,5.01,15200,5.01
2002-07-19,4.99,5.26,4.96,5.26,106000,5.26
2002-07-18,4.50,6.50,4.30,4.75,147200,4.75
2002-07-17,3.26,3.70,3.25,3.50,34900,3.50
2002-07-16,3.85,3.85,3.26,3.34,5700,3.34
2002-07-15,3.75,3.90,3.50,3.55,34000,3.55
2002-07-12,2.75,3.80,2.75,3.80,63900,3.80
2002-07-11,2.33,2.76,2.32,2.70,182100,2.70
2002-07-10,2.21,2.35,2.20,2.30,159100,2.30
2002-07-09,3.10,3.30,2.01,2.23,41900,2.23
2002-07-08,3.30,3.40,3.10,3.10,13400,3.10
2002-07-05,3.30,3.30,3.25,3.29,8100,3.29
2002-07-03,3.40,3.40,3.20,3.25,19200,3.25
2002-07-02,3.30,3.63,3.15,3.15,7100,3.15
2002-07-01,3.35,3.35,3.15,3.15,13800,3.15
2002-06-28,3.21,3.64,3.20,3.26,20000,3.26
2002-06-27,3.61,3.85,3.20,3.20,18500,3.20
2002-06-26,3.85,3.85,3.50,3.70,20300,3.70
2002-06-25,3.25,3.50,3.10,3.16,20100,3.16
2002-06-24,4.01,4.25,3.18,3.18,15900,3.18
2002-06-21,4.00,4.54,3.90,3.91,6500,3.91
2002-06-20,3.89,4.10,3.83,4.00,22100,4.00
2002-06-19,3.99,4.00,3.90,3.95,9700,3.95
2002-06-18,4.19,4.20,3.95,3.95,2000,3.95
2002-06-17,4.40,4.40,4.20,4.20,5900,4.20
2002-06-14,4.07,4.39,4.07,4.39,2600,4.39
2002-06-13,4.00,4.25,4.00,4.15,3900,4.15
2002-06-12,4.00,4.00,3.88,3.88,11100,3.88
2002-06-11,4.40,4.70,3.80,4.00,28900,4.00
2002-06-10,4.60,4.72,4.40,4.41,21200,4.41
2002-06-07,4.86,4.90,4.70,4.80,8200,4.80
2002-06-06,5.01,5.01,4.85,4.85,5600,4.85
2002-06-05,5.09,5.10,5.00,5.10,6900,5.10
2002-06-04,5.30,5.30,5.15,5.16,10600,5.16
2002-06-03,5.45,5.45,5.25,5.30,8900,5.30
2002-05-31,5.45,5.50,5.45,5.45,5100,5.45
2002-05-30,5.52,5.70,5.50,5.55,12200,5.55
2002-05-29,5.56,5.60,5.56,5.56,3500,5.56
2002-05-28,5.60,5.70,5.60,5.61,23400,5.61
2002-05-24,5.75,5.76,5.61,5.61,7800,5.61
2002-05-23,5.81,5.81,5.55,5.70,15300,5.70
2002-05-22,5.69,5.95,5.52,5.80,32300,5.80
2002-05-21,5.95,5.95,5.70,5.71,25500,5.71
2002-05-20,5.70,5.70,5.60,5.60,3400,5.60
2002-05-17,5.80,5.85,5.65,5.70,6600,5.70
2002-05-16,5.70,5.70,5.60,5.62,1100,5.62
2002-05-15,5.60,5.75,5.54,5.70,22600,5.70
2002-05-14,5.55,5.67,5.55,5.67,12400,5.67
2002-05-13,5.69,5.69,5.55,5.56,4000,5.56
2002-05-10,5.70,5.70,5.70,5.70,300,5.70
2002-05-09,5.70,5.75,5.65,5.65,2200,5.65
2002-05-08,5.73,5.75,5.65,5.70,27500,5.70
2002-05-07,5.85,5.87,5.65,5.70,17600,5.70
2002-05-06,5.75,5.85,5.75,5.85,1500,5.85
2002-05-03,5.85,5.85,5.85,5.85,000,5.85
2002-05-02,5.80,5.95,5.80,5.85,7600,5.85
2002-05-01,6.00,6.00,5.50,5.71,11500,5.71
2002-04-30,5.96,6.15,5.81,6.00,25000,6.00
2002-04-29,6.16,6.59,6.15,6.16,7600,6.16
2002-04-26,6.65,7.34,6.06,6.06,32100,6.06
2002-04-25,6.05,6.10,6.00,6.00,21700,6.00
2002-04-24,6.10,6.10,6.05,6.05,4800,6.05
2002-04-23,5.90,6.15,5.80,6.05,19300,6.05
2002-04-22,6.00,6.22,6.00,6.01,75000,6.01
2002-04-19,6.21,6.21,5.79,6.15,60300,6.15
2002-04-18,6.18,6.35,6.18,6.20,6700,6.20
2002-04-17,6.00,6.35,5.51,6.10,39800,6.10
2002-04-16,6.00,6.24,6.00,6.18,5700,6.18
2002-04-15,5.53,6.07,5.50,6.00,28500,6.00
2002-04-12,5.50,5.58,5.42,5.52,5200,5.52
2002-04-11,5.50,5.65,5.50,5.60,2300,5.60
2002-04-10,5.45,5.65,5.45,5.55,5400,5.55
2002-04-09,5.51,5.65,5.50,5.50,2300,5.50
2002-04-08,5.45,5.90,5.28,5.51,12600,5.51
2002-04-05,5.40,5.60,5.40,5.48,4100,5.48
2002-04-04,5.50,5.50,5.50,5.50,000,5.50
2002-04-03,5.65,5.87,5.40,5.50,4000,5.50
2002-04-02,5.41,5.68,5.40,5.55,1900,5.55
2002-04-01,5.91,6.00,5.28,5.40,5600,5.40
2002-03-28,5.34,5.60,5.34,5.50,4100,5.50
2002-03-27,5.50,5.50,5.20,5.33,7000,5.33
2002-03-26,5.50,5.50,5.28,5.30,6100,5.30
2002-03-25,5.50,5.60,5.42,5.42,23400,5.42
2002-03-22,5.50,6.50,5.50,5.75,6400,5.75
2002-03-21,5.50,5.58,5.50,5.50,800,5.50
2002-03-20,5.50,5.65,5.40,5.50,10200,5.50
2002-03-19,6.15,6.25,5.54,5.55,11400,5.55
2002-03-18,5.60,5.61,5.60,5.61,500,5.61
2002-03-15,5.53,5.53,5.53,5.53,400,5.53
2002-03-14,6.15,6.15,5.50,5.50,5500,5.50
2002-03-13,6.15,6.20,5.99,5.99,31600,5.99
2002-03-12,6.31,6.50,6.00,6.10,17500,6.10
2002-03-11,6.50,6.50,6.29,6.29,19100,6.29
2002-03-08,6.07,6.35,5.99,6.05,28900,6.05
2002-03-07,6.00,6.07,5.80,5.90,8600,5.90
2002-03-06,5.61,6.00,5.61,5.85,32800,5.85
2002-03-05,5.62,5.65,5.60,5.61,13500,5.61
2002-03-04,5.60,5.65,5.50,5.60,20100,5.60
2002-03-01,5.65,5.80,5.50,5.50,2100,5.50
2002-02-28,5.80,5.80,5.38,5.42,1600,5.42
2002-02-27,5.63,5.80,5.25,5.80,6500,5.80
2002-02-26,5.62,5.83,5.05,5.26,21800,5.26
2002-02-25,5.60,5.89,5.35,5.40,46300,5.40
2002-02-22,6.00,6.00,5.50,5.63,40600,5.63
2002-02-21,6.00,6.05,5.95,5.97,12100,5.97
2002-02-20,6.11,6.11,6.00,6.05,6100,6.05
2002-02-19,6.27,6.28,5.90,6.05,45600,6.05
2002-02-15,6.25,6.28,6.25,6.28,1700,6.28
2002-02-14,6.22,6.38,6.22,6.25,6000,6.25
2002-02-13,6.46,6.46,6.22,6.25,7700,6.25
2002-02-12,6.15,6.20,6.15,6.20,21500,6.20
2002-02-11,6.00,6.46,6.00,6.12,129800,6.12
2002-02-08,6.10,6.46,6.10,6.22,32000,6.22
2002-02-07,6.17,6.34,6.00,6.05,31900,6.05
2002-02-06,6.60,6.75,5.86,6.00,54100,6.00
2002-02-05,6.04,6.51,5.90,6.10,21200,6.10
2002-02-04,6.50,6.62,6.45,6.50,3800,6.50
2002-02-01,6.35,6.50,6.35,6.50,4900,6.50
2002-01-31,6.20,6.32,6.20,6.32,800,6.32
2002-01-30,6.70,6.80,6.20,6.36,23800,6.36
2002-01-29,6.60,6.78,6.55,6.55,11100,6.55
2002-01-28,6.46,6.63,6.45,6.63,6300,6.63
2002-01-25,6.50,6.50,6.45,6.45,1900,6.45
2002-01-24,6.48,6.55,6.40,6.50,11600,6.50
2002-01-23,6.19,6.31,6.19,6.30,53400,6.30
2002-01-22,6.20,6.49,6.20,6.20,34900,6.20
2002-01-18,6.15,6.20,6.05,6.20,7800,6.20
2002-01-17,6.14,6.20,6.10,6.10,1600,6.10
2002-01-16,6.30,6.50,5.95,6.10,63800,6.10
2002-01-15,6.30,6.40,6.30,6.35,71400,6.35
2002-01-14,6.26,6.30,6.20,6.30,9300,6.30
2002-01-11,6.44,6.44,6.26,6.30,23500,6.30
2002-01-10,6.32,6.58,6.32,6.57,28900,6.57
2002-01-09,6.53,6.53,6.30,6.49,43200,6.49
2002-01-08,6.39,6.55,6.17,6.46,103800,6.46
2002-01-07,6.50,6.64,6.05,6.13,32200,6.13
2002-01-04,6.40,6.57,6.11,6.11,38900,6.11
2002-01-03,5.94,6.09,5.94,6.00,65200,6.00
2002-01-02,6.10,6.10,5.95,5.95,115300,5.95
2001-12-31,6.29,6.43,5.76,5.98,82600,5.98
2001-12-28,6.24,6.64,6.24,6.40,30100,6.40
2001-12-27,7.00,7.10,6.00,6.30,62900,6.30
2001-12-26,6.41,7.25,6.38,7.15,17400,7.15
2001-12-24,6.72,6.95,6.01,6.36,8300,6.36
2001-12-21,6.91,7.00,6.65,6.85,25800,6.85
2001-12-20,6.90,7.10,6.74,7.00,22700,7.00
2001-12-19,6.52,6.65,6.45,6.60,7500,6.60
2001-12-18,6.37,6.50,6.30,6.50,44500,6.50
2001-12-17,6.40,6.40,6.17,6.17,9000,6.17
2001-12-14,6.90,6.90,6.36,6.36,7700,6.36
2001-12-13,7.06,7.10,6.80,6.96,6900,6.96
2001-12-12,6.95,7.05,6.88,6.88,8000,6.88
2001-12-11,7.03,7.25,7.00,7.00,13600,7.00
2001-12-10,7.01,7.25,7.01,7.10,5500,7.10
2001-12-07,7.30,7.31,7.05,7.16,6000,7.16
2001-12-06,7.45,7.45,7.32,7.32,7400,7.32
2001-12-05,7.13,7.45,6.90,7.45,79500,7.45
2001-12-04,6.35,7.00,6.35,7.00,87100,7.00
2001-12-03,6.85,6.85,6.40,6.40,15600,6.40
2001-11-30,6.70,6.80,6.60,6.75,43900,6.75
2001-11-29,6.30,6.85,6.30,6.71,106100,6.71
2001-11-28,6.70,6.70,6.04,6.04,38600,6.04
2001-11-27,6.80,6.80,6.62,6.62,17000,6.62
2001-11-26,6.29,6.90,6.29,6.85,98000,6.85
2001-11-23,6.20,6.42,6.20,6.40,85300,6.40
2001-11-21,6.15,6.60,5.96,6.35,121200,6.35
2001-11-20,6.15,6.25,6.00,6.08,73600,6.08
2001-11-19,5.31,6.15,5.31,6.15,53100,6.15
2001-11-16,5.25,5.50,5.19,5.22,102400,5.22
2001-11-15,5.34,5.50,5.05,5.05,307400,5.05
2001-11-14,5.04,5.05,4.85,5.00,74300,5.00
2001-11-13,4.90,4.99,4.78,4.97,60300,4.97
2001-11-12,5.00,5.05,4.95,4.96,3100,4.96
2001-11-09,4.95,5.05,4.95,5.03,6900,5.03
2001-11-08,4.92,5.00,4.90,4.95,14000,4.95
2001-11-07,4.95,5.05,4.93,4.93,20200,4.93
2001-11-06,5.00,5.15,4.96,5.05,20900,5.05
2001-11-05,4.90,5.00,4.90,4.92,13800,4.92
2001-11-02,4.95,5.00,4.95,4.96,2400,4.96
2001-11-01,4.99,5.00,4.95,4.95,8400,4.95
2001-10-31,5.00,5.04,5.00,5.04,300,5.04
2001-10-30,4.93,4.95,4.90,4.93,8600,4.93
2001-10-29,5.00,5.05,4.88,4.95,20600,4.95
2001-10-26,4.90,5.00,4.90,4.95,108700,4.95
2001-10-25,5.00,5.00,4.85,4.90,800,4.90
2001-10-24,4.90,4.95,4.75,4.90,16900,4.90
2001-10-23,5.09,5.10,4.82,5.00,54200,5.00
2001-10-22,5.14,5.14,4.90,5.06,21100,5.06
2001-10-19,5.15,5.15,4.80,5.05,10600,5.05
2001-10-18,5.05,5.05,4.75,4.85,14300,4.85
2001-10-17,5.14,5.15,4.95,5.05,79600,5.05
2001-10-16,5.09,5.09,4.75,4.85,18400,4.85
2001-10-15,4.75,4.85,4.50,4.60,110000,4.60
2001-10-12,4.95,4.95,4.43,4.78,12800,4.78
2001-10-11,5.01,5.01,4.25,4.70,47500,4.70
2001-10-10,4.50,4.80,4.40,4.60,10900,4.60
2001-10-09,4.99,5.00,4.25,4.33,16000,4.33
2001-10-08,5.10,5.10,4.80,4.95,8200,4.95
2001-10-05,4.70,5.10,4.25,5.10,165100,5.10
2001-10-04,4.85,5.09,4.51,4.59,32500,4.59
2001-10-03,5.00,5.18,5.00,5.02,26900,5.02
2001-10-02,5.20,5.25,5.00,5.00,11100,5.00
2001-10-01,5.43,5.43,5.10,5.20,6000,5.20
2001-09-28,5.60,5.60,5.10,5.20,13100,5.20
2001-09-27,5.25,5.63,5.25,5.60,7300,5.60
2001-09-26,6.18,6.18,5.01,5.10,30200,5.10
2001-09-25,6.00,6.20,5.50,5.55,51600,5.55
2001-09-24,5.55,6.20,5.55,6.20,12000,6.20
2001-09-21,5.76,6.00,5.34,5.77,48600,5.77
2001-09-20,5.76,6.00,5.76,6.00,36300,6.00
2001-09-19,6.05,6.20,5.75,5.75,22900,5.75
2001-09-18,6.06,6.25,6.00,6.05,4300,6.05
2001-09-17,5.75,6.30,5.75,6.06,15300,6.06
2001-09-10,6.50,7.20,6.26,7.00,16300,7.00
2001-09-07,6.25,6.99,6.25,6.99,3900,6.99
2001-09-06,6.25,6.99,6.25,6.99,4700,6.99
2001-09-05,6.99,7.00,6.50,6.97,4600,6.97
2001-09-04,6.50,7.24,6.50,7.24,12100,7.24
2001-08-31,6.50,6.78,6.00,6.78,22300,6.78
2001-08-30,6.65,6.90,6.51,6.55,76100,6.55
2001-08-29,7.30,7.30,6.65,6.68,3000,6.68
2001-08-28,7.60,7.70,7.05,7.25,60400,7.25
2001-08-27,7.25,7.69,7.00,7.69,8900,7.69
2001-08-24,6.45,7.29,6.12,7.25,19500,7.25
2001-08-23,6.06,6.39,6.06,6.20,1800,6.20
2001-08-22,6.10,6.50,6.10,6.10,2400,6.10
2001-08-21,6.41,6.75,6.20,6.20,5600,6.20
2001-08-20,6.30,6.30,6.01,6.20,3800,6.20
2001-08-17,6.00,6.01,5.77,6.00,3900,6.00
2001-08-16,6.80,6.89,6.15,6.15,9400,6.15
2001-08-15,5.66,6.80,5.66,6.80,21700,6.80
2001-08-14,7.15,7.21,5.03,6.40,107700,6.40
2001-08-13,7.03,7.20,6.95,6.96,14200,6.96
2001-08-10,7.48,7.48,6.99,6.99,9400,6.99
2001-08-09,7.90,7.90,7.10,7.16,31500,7.16
2001-08-08,7.76,8.26,7.70,7.90,14200,7.90
2001-08-07,7.71,8.40,7.50,7.52,37000,7.52
2001-08-06,6.88,7.65,6.54,7.45,38600,7.45
2001-08-03,6.58,7.25,6.58,6.96,38700,6.96
2001-08-02,6.20,6.30,6.00,6.20,34900,6.20
2001-08-01,5.92,6.25,5.70,5.70,78700,5.70
2001-07-31,4.85,5.91,4.65,5.74,16500,5.74
2001-07-30,4.56,4.85,4.25,4.85,36600,4.85
2001-07-27,5.03,5.05,4.55,4.56,71900,4.56
2001-07-26,5.37,5.50,4.75,5.02,61300,5.02
2001-07-25,5.55,5.55,4.90,5.30,44900,5.30
2001-07-24,5.90,5.91,5.55,5.55,31500,5.55
2001-07-23,6.50,6.50,5.81,5.81,36600,5.81
2001-07-20,6.50,6.85,6.40,6.40,14700,6.40
2001-07-19,7.01,7.20,6.70,6.75,6500,6.75
2001-07-18,6.90,7.05,6.70,6.90,29800,6.90
2001-07-17,6.90,7.09,6.88,6.98,4300,6.98
2001-07-16,7.00,7.10,6.50,6.74,27700,6.74
2001-07-13,6.76,7.10,6.65,6.71,12300,6.71
2001-07-12,7.09,7.09,6.90,6.96,13700,6.96
2001-07-11,7.20,7.20,6.71,6.77,12200,6.77
2001-07-10,7.00,7.20,7.00,7.16,14200,7.16
2001-07-09,6.95,7.08,6.70,6.98,9300,6.98
2001-07-06,7.00,7.35,6.90,6.90,19100,6.90
2001-07-05,8.29,8.29,6.90,7.20,27300,7.20
2001-07-03,7.80,8.23,7.80,8.03,10600,8.03
2001-07-02,6.99,8.00,6.99,7.53,13200,7.53
2001-06-29,7.26,7.26,7.05,7.15,13000,7.15
2001-06-28,7.45,7.65,7.07,7.50,8700,7.50
2001-06-27,7.00,7.44,6.61,7.00,11400,7.00
2001-06-26,7.00,7.71,6.50,6.60,19600,6.60
2001-06-25,7.00,7.85,6.81,6.81,7100,6.81
2001-06-22,8.10,8.10,6.80,7.00,45200,7.00
2001-06-21,7.36,7.36,7.36,7.36,200,7.36
2001-06-20,7.50,7.50,7.40,7.40,16900,7.40
2001-06-19,7.75,7.90,7.55,7.55,10800,7.55
2001-06-18,8.10,8.25,7.50,7.65,17600,7.65
2001-06-15,7.74,7.74,7.61,7.73,18800,7.73
2001-06-14,8.25,8.25,7.80,7.84,41200,7.84
2001-06-13,8.35,8.40,8.05,8.25,8800,8.25
2001-06-12,8.35,8.70,8.35,8.35,17500,8.35
2001-06-11,8.66,8.90,8.07,8.65,32500,8.65
2001-06-08,8.76,8.79,8.70,8.70,6000,8.70
2001-06-07,8.98,9.00,8.25,8.93,18300,8.93
2001-06-06,9.05,9.20,8.99,9.00,24600,9.00
2001-06-05,9.00,9.10,8.75,9.05,44100,9.05
2001-06-04,9.00,9.03,8.97,9.00,34800,9.00
2001-06-01,9.00,9.25,9.00,9.00,4700,9.00
2001-05-31,9.01,9.50,9.00,9.00,18900,9.00
2001-05-30,8.60,9.01,8.59,8.90,15700,8.90
2001-05-29,9.25,9.70,9.19,9.21,33100,9.21
2001-05-25,9.10,9.30,9.00,9.02,41300,9.02
2001-05-24,9.60,9.60,9.00,9.15,36500,9.15
2001-05-23,9.91,10.00,9.50,9.50,15300,9.50
2001-05-22,10.12,10.23,9.59,9.75,44000,9.75
2001-05-21,10.10,10.20,10.00,10.00,28300,10.00
2001-05-18,10.30,10.43,10.09,10.09,10400,10.09
2001-05-17,10.20,10.55,10.12,10.12,13200,10.12
2001-05-16,10.10,10.35,9.95,10.33,17200,10.33
2001-05-15,10.51,10.64,10.28,10.28,11500,10.28
2001-05-14,10.61,10.70,10.51,10.53,6400,10.53
2001-05-11,10.63,10.95,10.50,10.82,8500,10.82
2001-05-10,10.01,10.99,10.01,10.50,15200,10.50
2001-05-09,9.89,10.25,9.86,10.01,21100,10.01
2001-05-08,10.01,11.30,10.00,10.65,35800,10.65
2001-05-07,10.20,10.25,10.00,10.06,120400,10.06
2001-05-04,10.01,10.20,9.88,9.97,13200,9.97
2001-05-03,10.03,10.25,10.03,10.17,3000,10.17
2001-05-02,10.25,10.55,10.00,10.05,110700,10.05
2001-05-01,10.25,10.29,9.80,10.09,62400,10.09
2001-04-30,11.00,11.00,9.75,9.84,37600,9.84
2001-04-27,11.00,11.00,10.85,10.90,30500,10.90
2001-04-26,10.95,11.00,10.80,10.81,13700,10.81
2001-04-25,10.80,11.00,10.80,10.96,9700,10.96
2001-04-24,9.76,11.00,9.75,10.70,11200,10.70
2001-04-23,10.31,10.74,10.02,10.10,4000,10.10
2001-04-20,11.00,11.00,10.17,10.20,13200,10.20
2001-04-19,10.50,11.00,10.50,10.80,20600,10.80
2001-04-18,10.20,10.91,10.19,10.55,56600,10.55
2001-04-17,10.12,10.80,10.00,10.15,26400,10.15
2001-04-16,11.00,11.88,10.65,11.33,14100,11.33
2001-04-12,11.03,11.64,10.59,11.48,15000,11.48
2001-04-11,9.80,10.69,9.80,10.69,64500,10.69
2001-04-10,8.94,9.88,8.75,9.14,29900,9.14
2001-04-09,9.00,9.00,8.31,8.70,25400,8.70
2001-04-06,8.75,9.21875,8.25,8.28125,13200,8.28125
2001-04-05,9.00,10.00,8.75,9.5625,26100,9.5625
2001-04-04,8.1875,8.9375,8.0625,8.71875,24300,8.71875
2001-04-03,10.00,10.0625,8.125,8.34375,45700,8.34375
2001-04-02,10.00,10.875,10.00,10.00,31100,10.00
2001-03-30,11.10938,11.4375,10.125,10.375,29300,10.375
2001-03-29,11.42188,11.50,10.625,11.125,165500,11.125
2001-03-28,12.20312,12.25,10.53125,11.25,79500,11.25
2001-03-27,12.4375,12.75,11.375,11.50,117100,11.50
2001-03-26,13.3125,13.375,10.875,11.3125,108900,11.3125
2001-03-23,12.875,13.00,11.00,11.6875,413800,11.6875
2001-03-22,12.00,14.125,9.75,11.125,661900,11.125
2001-03-21,8.53125,8.65625,8.00,8.50,597300,8.50
2001-03-20,8.0625,8.125,8.0625,8.0625,28000,8.0625
2001-03-19,8.1875,8.50,7.9375,8.25,93000,8.25
2001-03-16,8.00,8.90625,8.00,8.15625,208300,8.15625
2001-03-15,7.625,8.00,7.125,7.9375,93500,7.9375
2001-03-14,8.125,8.25,7.4375,7.90625,74100,7.90625
2001-03-13,9.00,9.00,8.34375,8.50,31900,8.50
2001-03-12,9.5625,9.59375,8.50,8.5625,41400,8.5625
2001-03-09,9.00,10.00,9.00,9.9375,52200,9.9375
2001-03-08,9.75,9.875,9.625,9.875,42300,9.875
2001-03-07,10.00,10.00,9.50,9.71875,150900,9.71875
2001-03-06,9.46875,10.00,9.09375,9.89062,62600,9.89062
2001-03-05,7.64062,9.00,7.625,8.5625,52000,8.5625
2001-03-02,7.00,8.75,7.00,8.00,399500,8.00
2001-03-01,8.125,8.1875,6.75,7.14062,158400,7.14062
2001-02-28,8.50,9.50,7.75,7.8125,81600,7.8125
2001-02-27,9.26562,9.875,8.50,8.5625,59800,8.5625
2001-02-26,9.1875,9.96875,8.53125,9.96875,16700,9.96875
2001-02-23,9.375,9.375,8.32812,8.50,22000,8.50
2001-02-22,9.76562,10.125,8.75,8.75,40100,8.75
2001-02-21,10.375,10.39062,9.375,9.6875,48200,9.6875
2001-02-20,10.6875,11.00,10.4375,10.4375,25600,10.4375
2001-02-16,10.98438,11.00,10.50,10.50,58000,10.50
2001-02-15,11.25,11.375,10.875,11.125,511300,11.125
2001-02-14,11.625,11.625,10.50,10.625,106400,10.625
2001-02-13,11.9375,11.9375,10.875,11.25,38400,11.25
2001-02-12,10.9375,11.4375,10.875,11.125,13400,11.125
2001-02-09,11.50,11.75,11.00,11.00,20200,11.00
2001-02-08,11.26562,12.75,11.26562,11.90625,15900,11.90625
2001-02-07,13.10938,13.10938,11.50,11.875,40100,11.875
2001-02-06,12.67188,12.67188,11.875,12.375,53100,12.375
2001-02-05,12.375,12.375,11.25,12.125,26800,12.125
2001-02-02,14.00,14.4375,12.50,12.625,109500,12.625
2001-02-01,13.9375,14.9375,13.75,14.25,106700,14.25
2001-01-31,12.95312,14.25,12.95312,13.9375,236700,13.9375
2001-01-30,13.6875,13.8125,12.375,13.375,397900,13.375
2001-01-29,11.4375,12.25,11.4375,12.1875,42500,12.1875
2001-01-26,11.5625,12.00,11.375,11.625,25100,11.625
2001-01-25,12.25,12.25,11.50,12.25,339200,12.25
2001-01-24,12.375,12.50,11.00,11.50,100700,11.50
2001-01-23,11.125,12.00,10.375,11.25,115000,11.25
2001-01-22,12.375,12.75,11.50,11.5625,63800,11.5625
2001-01-19,14.1875,14.25,12.00,12.375,196700,12.375
2001-01-18,13.85938,14.6875,13.75,14.25,118900,14.25
2001-01-17,12.875,13.75,12.00,13.625,239800,13.625
2001-01-16,11.125,11.3125,10.625,11.00,203300,11.00
2001-01-12,10.125,12.1875,10.0625,10.5625,103900,10.5625
2001-01-11,10.1875,10.625,9.875,9.875,128700,9.875
2001-01-10,8.90625,10.0625,8.875,10.00,188800,10.00
2001-01-09,8.875,8.9375,8.75,8.90625,7500,8.90625
2001-01-08,9.75,9.75,8.75,8.8125,31400,8.8125
2001-01-05,10.35938,10.375,9.15625,9.50,56000,9.50
2001-01-04,9.8125,10.625,9.375,9.75,78700,9.75
2001-01-03,8.59375,9.5625,7.0625,9.5625,287600,9.5625
2001-01-02,8.9375,9.50,8.5625,8.5625,160800,8.5625
2000-12-29,9.9375,10.25,9.125,9.15625,99200,9.15625
2000-12-28,9.25,10.375,9.25,10.00,190400,10.00
2000-12-27,11.9375,12.00,9.25,9.50,243100,9.50
2000-12-26,11.00,12.375,10.8125,11.9375,51000,11.9375
2000-12-22,10.0625,11.00,9.6875,10.9375,334800,10.9375
2000-12-21,10.50,11.1875,10.00,10.625,162900,10.625
2000-12-20,12.625,13.00,10.50,11.00,158600,11.00
2000-12-19,13.34375,13.34375,12.50,12.9375,144500,12.9375
2000-12-18,15.01562,15.50,12.00,13.00,240200,13.00
2000-12-15,13.75,15.50,13.3125,15.25,113700,15.25
2000-12-14,13.75,14.75,13.00,13.875,132700,13.875
2000-12-13,15.0625,15.25,13.00,13.375,129800,13.375
2000-12-12,16.75,16.75,13.6875,14.375,120300,14.375
2000-12-11,15.8125,17.125,15.00,15.625,68100,15.625
2000-12-08,13.9375,15.375,13.25,15.25,112000,15.25
2000-12-07,12.625,13.125,12.00,13.125,159400,13.125
2000-12-06,11.9375,13.00,11.125,12.875,187100,12.875
2000-12-05,9.21875,12.1875,9.07812,11.50,819400,11.50
2000-12-04,10.23438,10.25,8.25,8.375,256200,8.375
2000-12-01,11.50,12.375,9.75,10.00,301800,10.00
2000-11-30,10.50,11.00,9.00,10.25,311100,10.25
2000-11-29,12.75,13.00,10.00,11.00,344000,11.00
2000-11-28,16.00,16.00,12.625,13.50,240700,13.50
2000-11-27,18.00,18.375,14.50,14.50,157900,14.50
2000-11-24,15.25,17.00,14.5625,14.875,86900,14.875
2000-11-22,17.578119,17.875,14.00,14.50,166800,14.50
2000-11-21,17.125,19.00,17.00,18.00,180200,18.00
2000-11-20,19.00,19.25,16.21875,17.875,111600,17.875
2000-11-17,21.0625,22.125,19.375,19.6875,63900,19.6875
2000-11-16,23.125,23.125,20.375,20.4375,17200,20.4375
2000-11-15,22.75,23.125,21.375,21.375,93900,21.375
2000-11-14,21.8125,23.125,21.796881,22.75,155700,22.75
2000-11-13,20.125,21.75,19.00,21.75,385400,21.75
2000-11-10,24.75,24.875,20.6875,20.6875,86400,20.6875
2000-11-09,28.375,28.375,24.125,24.9375,108700,24.9375
2000-11-08,29.125,29.125,28.00,28.00,57600,28.00
2000-11-07,27.625,29.1875,27.00,28.625,155500,28.625
2000-11-06,29.00,29.1875,27.125,27.875,44800,27.875
2000-11-03,29.00,29.25,27.9375,28.125,42500,28.125
2000-11-02,30.25,31.00,28.4375,28.75,89200,28.75
2000-11-01,25.4375,28.50,25.00,27.8125,194900,27.8125
2000-10-31,26.734381,27.00,24.50,25.00,173000,25.00
2000-10-30,26.5625,28.25,25.75,27.00,157800,27.00
2000-10-27,30.65625,30.75,26.125,26.25,163000,26.25
2000-10-26,32.75,32.75,29.00,30.50,58300,30.50
2000-10-25,34.00,34.00,30.5625,31.75,43200,31.75
2000-10-24,34.00,35.00,33.125,34.50,27100,34.50
2000-10-23,35.25,35.50,33.00,34.00,58500,34.00
2000-10-20,36.875,36.875,35.125,35.4375,173900,35.4375
2000-10-19,31.50,36.9375,31.50,35.75,48700,35.75
2000-10-18,32.00,32.015621,29.00,31.00,63800,31.00
2000-10-17,32.640621,33.50,30.125,31.00,48500,31.00
2000-10-16,35.50,36.50,32.00,33.125,42700,33.125
2000-10-13,30.0625,37.50,30.0625,35.3125,137100,35.3125
2000-10-12,36.00,37.00,30.00,31.875,191100,31.875
2000-10-11,38.375,39.25,35.25,35.3125,242900,35.3125
2000-10-10,40.50,42.50,39.875,41.25,53800,41.25
2000-10-09,41.75,43.125,41.00,42.00,36000,42.00
2000-10-06,41.25,42.875,41.125,42.375,100600,42.375
2000-10-05,41.9375,43.4375,41.3125,42.50,89100,42.50
2000-10-04,41.25,42.4375,39.50,42.125,57000,42.125
2000-10-03,42.00,42.375,41.125,42.00,73000,42.00
2000-10-02,41.4375,42.00,41.125,42.00,57800,42.00
2000-09-29,39.9375,42.125,38.75,41.125,146200,41.125
2000-09-28,38.875,41.00,38.50,40.00,96000,40.00
2000-09-27,39.375,41.00,38.50,38.50,61500,38.50
2000-09-26,38.00,39.00,37.50,38.50,49400,38.50
2000-09-25,39.50,41.125,37.50,38.125,17800,38.125
2000-09-22,36.625,40.00,35.625,40.00,105200,40.00
2000-09-21,38.5625,40.125,37.50,37.75,19900,37.75
2000-09-20,39.00,41.375,38.50,39.625,28400,39.625
2000-09-19,41.50,43.00,38.00,39.25,31000,39.25
2000-09-18,44.9375,45.75,38.9375,40.3125,62800,40.3125
2000-09-15,45.00,46.4375,43.75,45.00,46100,45.00
2000-09-14,39.6875,46.4375,37.0625,45.9375,197300,45.9375
2000-09-13,36.00,39.00,36.00,38.1875,39000,38.1875
2000-09-12,41.4375,41.50,36.00,38.00,60700,38.00
2000-09-11,42.78125,42.78125,39.9375,40.50,49200,40.50
2000-09-08,40.125,44.00,40.00,42.25,48300,42.25
2000-09-07,43.00,43.75,39.6875,40.00,81300,40.00
2000-09-06,41.50,44.6875,41.375,42.50,77300,42.50
2000-09-05,39.75,42.875,39.50,41.75,114500,41.75
2000-09-01,37.875,41.00,37.00,39.5625,129200,39.5625
2000-08-31,40.00,40.625,35.5625,36.00,169300,36.00
2000-08-30,39.00,39.50,37.00,38.0625,79400,38.0625
2000-08-29,36.5625,40.00,35.625,39.125,143800,39.125
2000-08-28,33.75,36.75,33.75,35.625,219500,35.625
2000-08-25,33.125,35.375,32.50,35.375,109500,35.375
2000-08-24,34.50,34.609379,31.50,32.50,112700,32.50
2000-08-23,35.00,35.4375,32.00,34.25,276100,34.25
2000-08-22,37.125,38.00,34.00,34.75,102600,34.75
2000-08-21,38.00,38.00,35.875,36.875,91200,36.875
2000-08-18,37.75,37.75,36.75,37.25,112800,37.25
2000-08-17,40.125,40.50,36.375,37.00,103700,37.00
2000-08-16,38.50,40.875,38.00,40.00,164300,40.00
2000-08-15,42.375,42.375,38.5625,41.25,18100,41.25
2000-08-14,40.25,42.50,38.00,40.00,36500,40.00
2000-08-11,40.00,41.50,40.00,40.25,185800,40.25
2000-08-10,42.00,43.50,41.00,41.00,31500,41.00
2000-08-09,43.0625,45.0625,39.875,40.50,106300,40.50
2000-08-08,45.75,46.00,43.00,44.25,44700,44.25
2000-08-07,40.50,51.1875,39.875,45.375,229300,45.375
2000-08-04,37.75,42.75,37.375,41.00,189000,41.00
2000-08-03,45.25,45.25,35.00,39.00,445100,39.00
2000-08-02,49.96875,50.0625,45.6875,47.375,66700,47.375
2000-08-01,52.00,53.125,50.1875,50.3125,11900,50.3125
2000-07-31,52.00,53.00,51.75,52.25,25300,52.25
2000-07-28,51.00,55.9375,47.375,52.00,85400,52.00
2000-07-27,52.50,53.25,48.00,51.00,67700,51.00
2000-07-26,55.00,55.21875,51.1875,53.25,32000,53.25
2000-07-25,53.6875,56.00,53.625,55.50,50400,55.50
2000-07-24,56.25,56.25,53.50,53.8125,83700,53.8125
2000-07-21,59.625,60.00,55.3125,56.00,73300,56.00
2000-07-20,60.00,61.50,58.375,60.125,283200,60.125
2000-07-19,59.9375,60.375,58.375,58.6875,55100,58.6875
2000-07-18,58.25,60.375,58.0625,60.00,371200,60.00
2000-07-17,60.75,60.75,57.875,58.75,124900,58.75
2000-07-14,59.00,62.50,58.50,61.00,258200,61.00
2000-07-13,55.00,58.6875,55.00,58.6875,79300,58.6875
2000-07-12,54.125,58.4375,54.00,55.00,154100,55.00
2000-07-11,59.00,59.125,53.375,53.625,296400,53.625
2000-07-10,59.625,59.625,55.00,55.625,72900,55.625
2000-07-07,60.50,61.50,59.50,59.50,25200,59.50
2000-07-06,61.25,61.50,58.015621,60.875,32300,60.875
2000-07-05,60.53125,61.25,57.875,58.875,32800,58.875
2000-07-03,59.875,61.00,59.875,61.00,10400,61.00
2000-06-30,60.25,61.50,58.625,59.25,25000,59.25
2000-06-29,60.50,61.625,59.375,60.25,58400,60.25
2000-06-28,60.625,61.50,60.00,61.50,12400,61.50
2000-06-27,57.1875,62.00,57.1875,62.00,56800,62.00
2000-06-26,59.6875,60.25,58.75,58.875,18200,58.875
2000-06-23,62.50,63.00,57.6875,59.125,39300,59.125
2000-06-22,62.4375,64.00,61.25,62.5625,37100,62.5625
2000-06-21,62.00,63.50,56.625,62.75,102400,62.75
2000-06-20,54.0625,64.9375,54.00,61.50,168000,61.50
2000-06-19,54.1875,55.375,52.00,55.375,367800,55.375
2000-06-16,55.75,56.50,54.125,54.50,45700,54.50
2000-06-15,58.50,59.625,55.00,55.125,101200,55.125
2000-06-14,61.50,62.00,58.625,59.00,68300,59.00
2000-06-13,64.00,64.00,57.875,61.75,140800,61.75
2000-06-12,67.25,67.50,65.00,65.125,19200,65.125
2000-06-09,64.875,68.4375,64.75,67.00,76700,67.00
2000-06-08,66.50,67.00,65.375,66.75,30900,66.75
2000-06-07,66.00,66.125,64.625,66.125,29500,66.125
2000-06-06,66.50,67.00,65.00,65.50,39200,65.50
2000-06-05,63.00,68.375,62.00,66.00,48100,66.00
2000-06-02,62.90625,65.00,60.50,64.28125,133400,64.28125
2000-06-01,61.03125,62.0625,58.875,60.875,17400,60.875
2000-05-31,58.375,62.25,58.375,61.75,128700,61.75
2000-05-30,54.375,60.00,54.0625,59.875,90200,59.875
2000-05-26,54.375,57.375,53.375,54.00,104700,54.00
2000-05-25,51.125,54.25,51.00,54.00,49700,54.00
2000-05-24,54.00,54.00,49.6875,52.375,195600,52.375
2000-05-23,51.4375,55.125,51.00,54.875,141600,54.875
2000-05-22,54.65625,55.00,49.375,52.125,210400,52.125
2000-05-19,56.25,57.00,54.50,55.00,126500,55.00
2000-05-18,64.46875,64.46875,57.00,58.50,86100,58.50
2000-05-17,64.125,65.125,61.3125,64.0625,37200,64.0625
2000-05-16,64.875,67.75,64.25,65.0625,58400,65.0625
2000-05-15,62.50,64.875,60.875,64.00,68200,64.00
2000-05-12,60.0625,64.00,58.50,63.375,161600,63.375
2000-05-11,56.00,59.6875,56.00,58.50,194500,58.50
2000-05-10,57.00,59.375,54.875,55.00,320200,55.00
2000-05-09,63.3125,64.00,57.25,60.50,237600,60.50
2000-05-08,58.00,65.8125,58.00,64.125,194700,64.125
2000-05-05,60.00,63.00,59.875,59.9375,37600,59.9375
2000-05-04,56.375,61.75,55.50,60.875,60800,60.875
2000-05-03,56.359379,56.375,54.00,56.00,69000,56.00
2000-05-02,59.25,61.75,54.00,55.125,76500,55.125
2000-05-01,62.00,67.484383,59.75,61.00,84200,61.00
2000-04-28,61.75,63.00,58.375,60.00,201500,60.00
2000-04-27,57.75,62.75,53.00,61.00,359200,61.00
2000-04-26,56.50,64.9375,53.00,59.50,448200,59.50
2000-04-25,46.50,58.00,45.875,56.8125,261900,56.8125
2000-04-24,44.00,46.50,41.8125,44.00,266000,44.00
2000-04-20,40.875,44.25,40.5625,42.50,618600,42.50
2000-04-19,44.9375,46.125,39.75,40.00,283200,40.00
2000-04-18,49.875,50.00,38.75,44.375,463600,44.375
2000-04-17,28.50,50.00,28.50,49.375,599600,49.375
2000-04-14,47.9375,48.00,30.50,33.00,603900,33.00
2000-04-13,52.00,57.875,48.50,48.5625,183300,48.5625
2000-04-12,56.125,57.00,48.00,48.25,291200,48.25
2000-04-11,60.00,61.25,56.50,59.4375,262500,59.4375
2000-04-10,68.3125,68.625,59.50,62.125,331100,62.125
2000-04-07,70.00,71.00,66.50,66.50,199800,66.50
2000-04-06,65.00,73.00,65.00,67.50,378900,67.50
2000-04-05,51.50,72.25,50.875,64.375,489900,64.375
2000-04-04,59.875,59.875,50.00,55.50,463600,55.50
2000-04-03,67.25,67.875,58.75,61.125,460400,61.125
2000-03-31,73.00,74.00,67.125,69.75,120600,69.75
2000-03-30,72.875,75.75,71.75,73.25,312800,73.25
2000-03-29,79.00,80.75,74.625,74.875,293600,74.875
2000-03-28,74.625,79.00,73.8125,77.00,128100,77.00
2000-03-27,80.75,83.9375,73.00,76.375,404200,76.375
2000-03-24,85.50,85.5625,78.75,82.00,485800,82.00
2000-03-23,87.90625,88.00,84.00,84.9375,163500,84.9375
2000-03-22,86.4375,90.00,84.00,87.50,406900,87.50
2000-03-21,90.0625,90.125,84.00,86.25,558300,86.25
2000-03-20,90.00,92.90625,89.015617,90.125,331700,90.125
2000-03-17,86.375,90.00,86.00,89.875,347300,89.875
2000-03-16,88.375,90.00,82.00,86.50,173800,86.50
2000-03-15,91.00,91.00,82.25,86.25,156700,86.25
2000-03-14,85.00,92.00,84.0625,90.00,401500,90.00
2000-03-13,89.00,92.00,84.125,86.9375,381700,86.9375
2000-03-10,96.890617,97.00,92.00,94.75,260400,94.75
2000-03-09,97.625,101.50,93.75,96.25,84500,96.25
2000-03-08,101.25,101.25,94.00,96.125,123100,96.125
2000-03-07,105.50,106.8125,97.00,97.5625,135600,97.5625
2000-03-06,111.625,111.6875,99.125,101.375,221200,101.375
2000-03-03,100.25,115.00,100.25,110.125,360600,110.125
2000-03-02,106.00,106.375,95.75,100.00,301700,100.00
2000-03-01,108.50,110.50,104.00,105.50,91400,105.50
2000-02-29,102.25,108.4375,102.00,106.00,312100,106.00
2000-02-28,112.625,116.00,102.5625,106.50,151200,106.50
2000-02-25,119.6875,120.00,113.00,113.50,66700,113.50
2000-02-24,121.375,123.50,115.875,120.125,226700,120.125
2000-02-23,112.625,124.625,112.25,123.375,344600,123.375
2000-02-22,110.25,116.00,104.00,115.25,470700,115.25
2000-02-18,113.25,118.75,107.625,111.125,424600,111.125
2000-02-17,102.00,113.00,98.875,112.375,569900,112.375
2000-02-16,102.00,105.25,98.00,98.25,355800,98.25
2000-02-15,101.75,106.75,99.375,100.375,727900,100.375
2000-02-14,104.9375,105.25,98.00,104.00,600200,104.00
2000-02-11,105.75,107.625,96.9375,107.3125,866400,107.3125
2000-02-10,90.00,108.9375,89.6875,107.00,1254700,107.00
2000-02-09,84.875,91.625,84.875,89.5625,685200,89.5625
2000-02-08,79.25,86.625,78.75,84.25,466100,84.25
2000-02-07,82.00,82.875,76.625,79.00,412700,79.00
2000-02-04,84.625,85.25,80.375,81.00,147900,81.00
2000-02-03,82.0625,86.625,80.75,85.00,592700,85.00
2000-02-02,83.00,85.00,78.50,80.25,1786000,80.25
2000-02-01,83.25,89.75,82.3125,85.50,361900,85.50
2000-01-31,75.75,82.50,75.50,80.625,558900,80.625
2000-01-28,73.25,77.25,72.00,74.625,383200,74.625
2000-01-27,76.3125,76.75,73.00,73.25,239400,73.25
2000-01-26,80.00,80.875,72.875,74.625,408100,74.625
2000-01-25,80.75,81.50,75.25,78.4375,294100,78.4375
2000-01-24,81.5625,86.25,80.00,81.50,263300,81.50
2000-01-21,84.875,84.875,80.00,81.625,413300,81.625
2000-01-20,84.875,87.00,83.25,85.375,260600,85.375
2000-01-19,80.375,87.50,80.25,84.125,484400,84.125
2000-01-18,87.00,88.00,79.00,84.00,563900,84.00
2000-01-14,90.75,94.00,85.1875,85.50,379000,85.50
2000-01-13,105.75,106.25,85.25,87.00,845600,87.00
2000-01-12,104.00,105.00,95.00,100.00,493200,100.00
2000-01-11,109.5625,110.00,100.00,102.75,228600,102.75
2000-01-10,99.9375,110.9375,99.9375,110.00,425700,110.00
2000-01-07,93.50,100.00,93.00,97.00,213900,97.00
2000-01-06,95.00,98.00,91.50,92.00,335300,92.00
2000-01-05,98.25,101.1875,92.50,95.00,292300,95.00
2000-01-04,112.1875,112.75,100.50,104.00,444800,104.00
2000-01-03,102.00,120.625,101.0625,120.00,693200,120.00
1999-12-31,93.9375,98.25,91.50,97.1875,78500,97.1875
1999-12-30,94.25,97.25,93.0625,94.0625,164200,94.0625
1999-12-29,98.50,98.50,92.00,94.00,117800,94.00
1999-12-28,103.00,103.00,92.375,95.9375,184100,95.9375
1999-12-27,102.00,105.00,98.125,101.50,149900,101.50
1999-12-23,104.25,106.75,98.00,101.00,371600,101.00
1999-12-22,102.00,108.00,95.00,96.0625,342000,96.0625
1999-12-21,110.00,111.00,101.00,104.25,225200,104.25
1999-12-20,114.375,114.375,106.0625,109.25,310000,109.25
1999-12-17,111.00,115.50,108.00,109.00,232200,109.00
1999-12-16,107.75,117.625,104.875,107.00,547800,107.00
1999-12-15,103.25,103.375,95.0625,99.875,290500,99.875
1999-12-14,119.00,120.00,100.375,102.25,647400,102.25
1999-12-13,124.625,129.9375,118.625,120.25,326800,120.25
1999-12-10,123.00,125.50,120.0625,124.8125,461100,124.8125
1999-12-09,118.00,124.125,113.50,121.00,384700,121.00
1999-12-08,124.25,128.00,110.75,119.5625,373400,119.5625
1999-12-07,132.00,132.8125,120.00,124.8125,471200,124.8125
1999-12-06,114.00,132.50,111.00,129.125,1337700,129.125
1999-12-03,109.00,119.00,105.75,108.50,730400,108.50
1999-12-02,97.25,103.00,94.75,102.00,282500,102.00
1999-12-01,95.50,103.375,93.00,94.375,648200,94.375
1999-11-30,103.875,114.00,94.00,95.515617,1183000,95.515617
1999-11-29,85.25,122.375,84.00,108.875,3397000,108.875
1999-11-26,75.75,85.125,72.75,81.375,610300,81.375
1999-11-24,72.00,72.50,66.25,68.00,198700,68.00
1999-11-23,75.75,75.75,66.00,67.25,442000,67.25
1999-11-22,79.625,81.00,75.0625,76.125,267400,76.125
1999-11-19,79.25,85.50,75.875,78.1875,675800,78.1875
1999-11-18,73.50,81.25,73.00,79.75,862000,79.75
1999-11-17,76.50,80.50,71.375,72.00,353300,72.00
1999-11-16,76.25,79.9375,72.25,76.00,673700,76.00
1999-11-15,69.1875,78.625,67.50,71.375,1035200,71.375
1999-11-12,67.375,70.25,63.00,68.50,194500,68.50
1999-11-11,69.75,72.00,66.00,66.75,216700,66.75
1999-11-10,66.625,75.4375,65.00,69.25,1137200,69.25
1999-11-09,58.75,70.25,57.5625,65.50,1573400,65.50
1999-11-08,48.4375,56.00,48.4375,55.50,591500,55.50
1999-11-05,50.75,50.75,47.00,48.4375,804300,48.4375
1999-11-04,53.9375,53.9375,49.50,49.875,668500,49.875
1999-11-03,52.125,54.25,50.50,51.125,304600,51.125
1999-11-02,52.50,56.625,52.375,52.375,548900,52.375
1999-11-01,54.00,55.00,49.75,51.125,525800,51.125
1999-10-29,59.50,61.875,50.875,53.75,477600,53.75
1999-10-28,64.00,64.00,57.00,58.50,200500,58.50
1999-10-27,55.9375,68.00,55.9375,61.875,603900,61.875
1999-10-26,54.25,57.375,52.25,55.875,177700,55.875
1999-10-25,55.00,56.125,52.00,53.0625,243600,53.0625
1999-10-22,56.375,61.50,55.125,57.375,537100,57.375
1999-10-21,51.25,57.25,49.875,55.25,814600,55.25
1999-10-20,40.625,55.875,40.50,54.75,1848400,54.75
1999-10-19,45.0625,45.6875,38.25,38.75,494300,38.75
1999-10-18,48.00,48.00,44.125,44.50,235200,44.50
1999-10-15,50.0625,52.00,48.25,48.6875,474200,48.6875
1999-10-14,54.00,54.125,51.75,52.375,171400,52.375
1999-10-13,56.00,56.875,51.625,52.875,201800,52.875
1999-10-12,55.00,57.875,54.875,55.375,223800,55.375
1999-10-11,55.00,55.3125,53.125,55.00,90100,55.00
1999-10-08,58.25,58.25,53.00,55.3125,235800,55.3125
1999-10-07,52.00,58.6875,51.00,56.25,560200,56.25
1999-10-06,55.875,56.00,52.00,53.00,258200,53.00
1999-10-05,56.75,59.50,54.25,54.50,451400,54.50
1999-10-04,58.5625,58.625,52.00,56.25,659200,56.25
1999-10-01,64.75,65.125,56.00,58.00,414400,58.00
1999-09-30,65.00,66.9375,62.25,64.00,191500,64.00
1999-09-29,65.125,66.50,60.25,63.25,220600,63.25
1999-09-28,70.00,70.00,62.25,66.00,264200,66.00
1999-09-27,76.00,76.75,68.00,69.875,258300,69.875
1999-09-24,74.00,80.25,70.50,73.00,374200,73.00
1999-09-23,76.625,82.25,73.25,73.375,350700,73.375
1999-09-22,74.50,77.125,71.8125,75.25,132500,75.25
1999-09-21,77.625,78.00,72.75,74.00,300500,74.00
1999-09-20,80.00,80.875,78.00,78.00,129600,78.00
1999-09-17,84.375,86.00,77.25,80.00,534400,80.00
1999-09-16,73.25,84.375,71.875,82.9375,733800,82.9375
1999-09-15,79.0625,80.00,70.25,74.375,544200,74.375
1999-09-14,81.5625,85.5625,77.00,77.375,463400,77.375
1999-09-13,81.50,87.25,79.625,81.25,461800,81.25
1999-09-10,85.4375,87.50,77.50,80.0625,1049900,80.0625
1999-09-09,79.25,91.9375,78.50,79.50,2618500,79.50
1999-09-08,60.375,78.50,60.25,78.125,1795700,78.125
1999-09-07,61.125,67.625,58.50,59.3125,962000,59.3125
1999-09-03,50.75,65.3125,50.75,61.50,1615700,61.50
1999-09-02,50.00,50.50,47.75,49.125,188000,49.125
1999-09-01,52.0625,55.4375,51.25,51.625,345000,51.625
1999-08-31,49.25,52.25,47.125,51.625,921600,51.625
1999-08-30,47.00,48.50,45.50,48.00,602500,48.00
1999-08-27,41.00,47.875,40.0625,46.9375,604500,46.9375
1999-08-26,44.75,45.00,40.0625,41.50,345700,41.50
1999-08-25,45.50,46.00,42.875,44.50,441000,44.50
1999-08-24,48.125,48.375,46.25,46.6875,211500,46.6875
1999-08-23,49.50,50.25,47.875,48.00,178900,48.00
1999-08-20,50.25,50.50,46.625,48.00,253400,48.00
1999-08-19,48.5625,52.25,46.125,47.375,460700,47.375
1999-08-18,54.00,58.625,48.50,48.875,931800,48.875
1999-08-17,48.00,54.50,47.125,51.00,829400,51.00
1999-08-16,46.00,49.50,41.25,44.50,708000,44.50
1999-08-13,38.50,61.50,38.50,46.625,1990400,46.625
1999-08-12,34.25,38.00,34.00,36.75,352900,36.75
1999-08-11,35.50,36.00,32.50,33.50,248000,33.50
1999-08-10,34.875,35.125,31.00,34.9375,957800,34.9375
1999-08-09,28.125,36.375,28.00,35.00,2894000,35.00
1999-08-06,28.75,29.00,27.875,28.50,692400,28.50
1999-08-05,31.75,32.125,27.50,29.50,2936600,29.50
1999-08-04,23.75,32.00,23.6875,31.3125,11639400,31.3125
