Date,Open,High,Low,Close,Volume,Adj Close
2015-08-07,24.91,25.940001,24.91,25.77,1500,25.77
2015-08-06,25.450001,25.889999,25.299999,25.870001,6500,25.870001
2015-08-05,25.41,25.610001,25.32,25.549999,1800,25.549999
2015-08-04,25.25,25.559999,25.25,25.559999,2000,25.559999
2015-08-03,24.93,25.219999,24.90,24.969999,7500,24.969999
2015-07-31,25.790001,26.00,25.49,25.65,1600,25.65
2015-07-30,25.52,25.52,25.25,25.25,1100,25.25
2015-07-29,25.84,25.950001,25.82,25.940001,3400,25.940001
2015-07-28,25.75,25.90,25.65,25.700001,1900,25.700001
2015-07-27,25.35,25.469999,25.15,25.23,10400,25.23
2015-07-24,24.700001,25.299999,24.530001,24.700001,11600,24.700001
2015-07-23,25.10,25.360001,24.74,24.959999,9800,24.959999
2015-07-22,25.219999,25.219999,24.52,24.870001,6500,24.870001
2015-07-21,25.57,25.59,25.16,25.18,2900,25.18
2015-07-20,25.32,25.459999,25.200001,25.450001,7000,25.450001
2015-07-17,25.10,25.379999,24.74,25.120001,8300,25.120001
2015-07-16,25.35,25.50,25.059999,25.290001,4200,25.290001
2015-07-15,25.32,25.58,25.10,25.299999,3100,25.299999
2015-07-14,25.50,25.559999,25.33,25.440001,2000,25.440001
2015-07-13,25.10,25.35,24.889999,25.280001,11000,25.280001
2015-07-10,24.700001,24.90,24.60,24.90,4200,24.90
2015-07-09,24.719999,24.969999,24.26,24.450001,8500,24.450001
2015-07-08,24.98,24.98,24.40,24.60,5000,24.60
2015-07-07,24.92,25.00,24.790001,24.799999,24500,24.799999
2015-07-06,25.00,25.10,24.870001,25.10,2300,25.10
2015-07-02,25.139999,25.139999,24.709999,25.049999,4200,25.049999
2015-07-01,25.00,25.09,24.90,25.09,3100,25.09
2015-06-30,24.58,25.09,24.58,24.93,3600,24.93
2015-06-29,24.32,24.450001,24.02,24.26,17800,24.26
2015-06-26,24.610001,24.610001,24.24,24.50,1500,24.50
2015-06-25,24.58,25.09,24.58,25.00,2500,25.00
2015-06-24,24.469999,24.58,24.370001,24.50,10500,24.50
2015-06-23,24.389999,24.58,24.16,24.35,12100,24.35
2015-06-22,25.02,25.059999,25.00,25.00,2500,25.00
2015-06-19,24.620001,24.809999,24.60,24.75,900,24.75
2015-06-18,24.75,24.879999,24.389999,24.66,3000,24.66
2015-06-17,24.629999,24.700001,23.48,24.50,6600,24.50
2015-06-16,24.50,24.74,24.50,24.73,4300,24.73
2015-06-15,24.17,24.68,24.08,24.68,1500,24.68
2015-06-12,24.07,24.49,23.99,24.07,2600,23.909999
2015-06-11,24.360001,24.48,23.959999,24.48,1200,24.317274
2015-06-10,24.01,24.559999,24.01,24.559999,1900,24.396742
2015-06-09,24.280001,24.549999,23.76,23.91,2200,23.751063
2015-06-08,24.25,24.41,23.780001,24.059999,2300,23.900066
2015-06-05,23.790001,24.450001,23.790001,24.450001,1300,24.287475
2015-06-04,24.66,24.90,23.360001,24.50,4500,24.337141
2015-06-03,24.99,24.99,24.77,24.77,700,24.605347
2015-06-02,24.60,24.91,24.60,24.90,8300,24.734482
2015-06-01,24.559999,24.74,24.379999,24.59,16700,24.426543
2015-05-29,23.440001,23.870001,23.16,23.25,16000,23.095451
2015-05-28,23.860001,23.90,23.200001,23.75,10100,23.592127
2015-05-27,24.25,24.33,23.799999,23.969999,5900,23.810664
2015-05-26,24.139999,24.139999,23.870001,24.10,4000,23.939801
2015-05-22,24.389999,24.389999,24.389999,24.389999,1100,24.227872
2015-05-21,24.58,24.60,24.200001,24.389999,7200,24.227872
2015-05-20,24.18,24.18,23.950001,23.99,2100,23.830531
2015-05-19,24.84,24.860001,23.049999,24.32,8400,24.158338
2015-05-18,24.690001,25.00,24.60,24.83,31000,24.664948
2015-05-15,23.08,23.559999,23.08,23.549999,2500,23.393456
2015-05-14,23.469999,23.559999,23.309999,23.559999,2900,23.403389
2015-05-13,23.299999,23.459999,23.299999,23.33,4800,23.174919
2015-05-12,23.299999,23.299999,23.059999,23.17,10000,23.015982
2015-05-11,23.32,23.639999,23.32,23.469999,2800,23.313987
2015-05-08,23.110001,23.50,23.110001,23.35,3900,23.194786
2015-05-07,23.25,23.27,23.139999,23.18,5100,23.025916
2015-05-06,23.040001,23.299999,23.040001,23.299999,2000,23.145117
2015-05-05,23.360001,23.620001,23.34,23.379999,3800,23.224586
2015-05-04,23.209999,23.48,23.18,23.35,4600,23.194786
2015-05-01,23.200001,23.200001,22.530001,22.860001,9500,22.708044
2015-04-30,23.049999,23.309999,22.809999,22.809999,13100,22.658375
2015-04-29,23.17,23.219999,22.940001,23.200001,3200,23.045784
2015-04-28,23.27,23.450001,23.139999,23.27,6100,23.115318
2015-04-27,23.540001,23.68,23.450001,23.530001,8100,23.37359
2015-04-24,23.309999,23.74,23.309999,23.440001,1800,23.284188
2015-04-23,23.209999,23.33,23.15,23.32,1300,23.164985
2015-04-22,23.09,23.309999,23.09,23.309999,500,23.155051
2015-04-21,23.040001,23.129999,23.01,23.059999,3900,22.906713
2015-04-20,22.790001,22.84,22.74,22.83,2000,22.678242
2015-04-17,23.00,23.00,22.82,22.90,8900,22.747777
2015-04-16,23.040001,23.26,23.02,23.08,8600,22.92658
2015-04-15,23.139999,23.139999,22.889999,22.940001,2800,22.787512
2015-04-14,23.10,23.17,22.790001,22.99,11300,22.837179
2015-04-13,23.110001,23.18,22.74,22.91,26600,22.75771
2015-04-10,23.16,23.17,22.799999,22.99,3200,22.837179
2015-04-09,23.43,23.43,22.950001,23.110001,1700,22.956382
2015-04-08,23.280001,23.280001,22.719999,23.030001,10600,22.876914
2015-04-07,23.35,23.41,23.209999,23.290001,10900,23.135186
2015-04-06,22.799999,23.459999,22.799999,23.34,7900,23.184852
2015-04-02,22.51,22.75,22.49,22.58,16900,22.429904
2015-04-01,22.440001,22.50,22.24,22.49,14000,22.340502
2015-03-31,22.01,22.049999,21.84,22.00,25600,21.85376
2015-03-30,22.549999,22.610001,22.360001,22.51,17400,22.36037
2015-03-27,22.85,23.059999,22.790001,22.84,3900,22.688176
2015-03-26,22.969999,22.969999,22.65,22.84,9400,22.688176
2015-03-25,23.00,23.00,22.620001,22.67,19400,22.519306
2015-03-24,22.73,22.940001,22.700001,22.74,12000,22.58884
2015-03-23,22.129999,22.41,22.10,22.33,7100,22.181566
2015-03-20,22.280001,22.280001,22.01,22.139999,6900,21.992828
2015-03-19,22.799999,22.93,22.41,22.51,21100,22.032564
2015-03-18,22.35,22.93,22.35,22.870001,11300,22.384929
2015-03-17,22.35,22.790001,22.25,22.35,13500,21.875958
2015-03-16,22.379999,22.559999,22.379999,22.50,4600,22.022776
2015-03-13,22.58,22.68,22.290001,22.33,4500,21.856382
2015-03-12,22.610001,22.82,22.51,22.790001,4300,22.306626
2015-03-11,22.379999,22.549999,22.27,22.33,3700,21.856382
2015-03-10,22.76,22.76,22.389999,22.559999,8100,22.081503
2015-03-09,22.629999,22.959999,22.629999,22.90,14600,22.414292
2015-03-06,22.799999,22.799999,22.52,22.540001,7400,22.061929
2015-03-05,22.940001,23.129999,22.879999,22.889999,1500,22.404504
2015-03-04,22.950001,23.120001,22.91,22.91,2200,22.42408
2015-03-03,23.049999,23.059999,22.68,22.780001,2400,22.296838
2015-03-02,23.15,23.15,23.00,23.139999,8800,22.649201
2015-02-27,23.290001,23.290001,23.040001,23.040001,2300,22.551324
2015-02-26,23.209999,23.389999,23.059999,23.16,3200,22.668777
2015-02-25,23.25,23.389999,23.209999,23.290001,8200,22.796021
2015-02-24,23.18,23.24,23.040001,23.08,4900,22.590474
2015-02-23,23.17,23.35,23.030001,23.190001,13600,22.698142
2015-02-20,23.00,23.09,22.73,23.09,4400,22.600262
2015-02-19,22.99,23.09,22.860001,23.00,10600,22.512171
2015-02-18,22.49,22.870001,22.49,22.799999,20200,22.316412
2015-02-17,22.110001,22.50,22.110001,22.49,6900,22.012988
2015-02-13,22.00,22.09,21.73,21.959999,4100,21.494228
2015-02-12,22.059999,22.139999,21.879999,21.98,11000,21.513805
2015-02-11,22.049999,22.50,22.049999,22.450001,8000,21.973837
2015-02-10,22.030001,22.219999,22.00,22.059999,3800,21.592108
2015-02-09,21.879999,21.99,21.73,21.889999,13000,21.425713
2015-02-06,21.33,21.77,21.33,21.68,8800,21.220168
2015-02-05,21.52,21.82,21.52,21.719999,2000,21.259319
2015-02-04,21.32,21.57,21.27,21.530001,2000,21.07335
2015-02-03,21.08,21.65,21.040001,21.379999,4800,20.92653
2015-02-02,20.870001,21.290001,20.73,21.07,14000,20.623106
2015-01-30,21.01,21.18,20.719999,20.75,13600,20.309893
2015-01-29,21.02,21.190001,20.90,20.99,5900,20.544803
2015-01-28,21.26,21.280001,20.93,21.00,19800,20.554591
2015-01-27,21.110001,21.34,21.00,21.27,5200,20.818865
2015-01-26,21.00,21.190001,20.950001,21.08,8000,20.632894
2015-01-23,21.129999,21.379999,21.030001,21.030001,18000,20.583955
2015-01-22,20.98,21.50,20.98,21.50,9400,21.043986
2015-01-21,21.040001,21.10,20.940001,21.030001,4700,20.583955
2015-01-20,21.01,21.10,20.91,21.10,22600,20.65247
2015-01-16,21.049999,21.120001,20.76,21.120001,6300,20.672047
2015-01-15,21.139999,21.190001,20.73,21.049999,11400,20.60353
2015-01-14,21.299999,21.389999,21.030001,21.07,13500,20.623106
2015-01-13,21.709999,21.889999,21.32,21.32,24700,20.867803
2015-01-12,21.549999,21.93,21.440001,21.540001,25300,21.083138
2015-01-09,21.719999,22.09,21.379999,21.60,10800,21.141865
2015-01-08,21.610001,21.75,21.32,21.60,18500,21.141865
2015-01-07,21.190001,21.440001,21.08,21.25,17400,20.799288
2015-01-06,21.27,21.469999,20.93,21.34,18700,20.88738
2015-01-05,21.459999,21.459999,21.15,21.33,22800,20.877592
2015-01-02,21.99,22.24,21.58,21.690001,10300,21.229957
2014-12-31,22.139999,22.51,21.969999,22.040001,7600,21.572533
2014-12-30,21.969999,22.10,21.93,22.059999,7800,21.592108
2014-12-29,21.48,22.08,21.379999,22.00,80800,21.533381
2014-12-26,22.09,22.110001,21.82,22.09,9700,21.621472
2014-12-24,22.040001,22.18,21.950001,22.10,47900,21.63126
2014-12-23,22.360001,23.49,22.00,22.66,14900,22.179382
2014-12-22,22.299999,22.469999,22.209999,22.40,19700,21.924897
2014-12-19,21.67,22.450001,21.549999,22.450001,23500,21.973837
2014-12-18,21.549999,22.700001,21.41,21.690001,11200,21.014622
2014-12-17,21.34,22.700001,21.18,21.59,12300,20.917736
2014-12-16,21.389999,21.74,21.200001,21.42,8700,20.753029
2014-12-15,21.780001,21.879999,21.559999,21.59,2300,20.917736
2014-12-12,21.65,21.77,21.40,21.74,5000,21.063065
2014-12-11,21.60,21.889999,21.50,21.870001,19100,21.189018
2014-12-10,21.74,22.09,21.690001,21.719999,7000,21.043687
2014-12-09,21.639999,22.48,21.49,21.709999,28400,21.033998
2014-12-08,21.66,21.74,21.370001,21.700001,12000,21.024311
2014-12-05,21.99,22.129999,21.67,21.67,5400,20.995245
2014-12-04,21.77,22.110001,21.75,22.030001,3700,21.344036
2014-12-03,21.35,21.950001,21.290001,21.809999,18400,21.130885
2014-12-02,21.49,21.889999,21.41,21.549999,14800,20.87898
2014-12-01,21.629999,21.799999,21.60,21.75,9200,21.072754
2014-11-28,21.66,21.74,21.610001,21.700001,7600,21.024311
2014-11-26,21.40,21.60,21.35,21.540001,10600,20.869293
2014-11-25,21.139999,21.48,21.049999,21.33,37400,20.665831
2014-11-24,20.950001,21.23,20.50,21.200001,24300,20.53988
2014-11-21,21.610001,21.75,21.219999,21.25,4000,20.588323
2014-11-20,21.059999,21.299999,20.98,21.299999,14000,20.636765
2014-11-19,21.200001,21.309999,21.15,21.27,12000,20.6077
2014-11-18,20.82,21.25,20.780001,21.23,191200,20.568945
2014-11-17,20.290001,20.50,19.530001,20.48,8700,19.842298
2014-11-14,20.110001,20.299999,20.110001,20.200001,3700,19.571018
2014-11-13,20.139999,20.309999,20.10,20.290001,9300,19.658216
2014-11-12,20.190001,20.299999,20.049999,20.26,9500,19.629149
2014-11-11,20.299999,20.34,20.110001,20.299999,12600,19.667903
2014-11-10,20.299999,20.559999,20.18,20.49,11600,19.851987
2014-11-07,20.23,20.40,20.15,20.379999,18900,19.745412
2014-11-06,20.129999,20.280001,20.07,20.129999,8800,19.503196
2014-11-05,20.209999,20.35,20.190001,20.309999,9700,19.677591
2014-11-04,20.34,20.40,20.219999,20.219999,5300,19.590394
2014-11-03,20.50,20.549999,20.33,20.52,15700,19.881054
2014-10-31,20.549999,20.60,20.25,20.49,6900,19.851987
2014-10-30,20.27,20.60,19.549999,20.459999,42700,19.82292
2014-10-29,20.68,20.76,20.540001,20.549999,4800,19.910118
2014-10-28,20.76,20.780001,20.58,20.780001,13100,20.132958
2014-10-27,20.34,20.73,20.34,20.58,12700,19.939185
2014-10-24,20.51,20.74,20.51,20.58,5800,19.939185
2014-10-23,20.74,20.74,20.43,20.530001,10000,19.890742
2014-10-22,20.860001,20.90,20.780001,20.809999,4800,20.162023
2014-10-21,20.90,21.15,20.870001,20.969999,10800,20.31704
2014-10-20,21.139999,21.139999,20.76,20.98,34200,20.326729
2014-10-17,21.48,21.48,21.10,21.24,10000,20.578634
2014-10-16,21.10,21.360001,20.93,21.26,21100,20.598011
2014-10-15,21.24,21.24,20.799999,21.02,24300,20.365485
2014-10-14,20.959999,21.040001,20.809999,20.940001,10700,20.287976
2014-10-13,21.01,21.10,20.879999,20.969999,80100,20.31704
2014-10-10,21.15,21.32,21.10,21.219999,24900,20.559256
2014-10-09,21.25,21.52,21.200001,21.200001,9500,20.53988
2014-10-08,21.15,21.360001,21.10,21.280001,20400,20.617389
2014-10-07,21.219999,21.26,21.049999,21.110001,119800,20.452682
2014-10-06,21.25,21.42,21.00,21.389999,81000,20.723963
2014-10-03,21.17,21.379999,21.02,21.18,52400,20.520502
2014-10-02,21.35,21.35,21.00,21.15,7500,20.491436
2014-10-01,21.18,21.379999,21.10,21.15,6100,20.491436
2014-09-30,21.139999,21.209999,21.10,21.15,20000,20.491436
2014-09-29,21.15,21.32,21.09,21.15,70000,20.491436
2014-09-26,21.23,21.299999,21.200001,21.200001,13000,20.53988
2014-09-25,21.33,21.33,21.10,21.209999,8900,20.549567
2014-09-24,21.18,21.360001,21.16,21.24,1600,20.578634
2014-09-23,21.459999,21.459999,21.15,21.200001,12800,20.53988
2014-09-22,21.559999,21.559999,21.299999,21.370001,10500,20.704587
2014-09-19,21.040001,21.51,20.60,21.200001,13200,20.53988
2014-09-18,21.01,21.40,21.01,21.15,17200,20.491436
2014-09-17,20.940001,21.190001,20.870001,21.07,12000,20.229843
2014-09-16,20.860001,21.139999,20.51,21.08,29000,20.239444
2014-09-15,21.25,21.27,21.049999,21.10,18100,20.258647
2014-09-12,22.49,22.49,21.59,21.75,8300,20.882728
2014-09-11,21.90,21.950001,21.700001,21.75,15400,20.882728
2014-09-10,22.09,22.17,21.93,22.00,9100,21.12276
2014-09-09,21.940001,22.10,21.73,21.75,11000,20.882728
2014-09-08,21.799999,22.129999,21.76,21.860001,16200,20.988343
2014-09-05,21.860001,21.98,21.67,21.73,12300,20.863526
2014-09-04,22.00,22.139999,21.620001,21.98,11400,21.103557
2014-09-03,21.940001,22.110001,21.940001,21.969999,15800,21.093955
2014-09-02,21.799999,22.16,21.799999,21.950001,18300,21.074754
2014-08-29,21.60,21.969999,21.549999,21.90,5800,21.026747
2014-08-28,21.66,21.99,21.65,21.83,8500,20.959538
2014-08-27,21.85,21.99,21.719999,21.83,7200,20.959538
2014-08-26,21.42,21.66,21.42,21.66,16800,20.796317
2014-08-25,21.530001,21.530001,21.02,21.35,21500,20.498679
2014-08-22,21.540001,21.85,21.15,21.84,8800,20.96914
2014-08-21,21.50,21.75,21.50,21.639999,9000,20.777114
2014-08-20,21.33,21.459999,21.27,21.33,5300,20.479476
2014-08-19,21.43,21.52,21.219999,21.280001,16800,20.43147
2014-08-18,21.34,21.59,21.299999,21.35,15000,20.498679
2014-08-15,21.389999,21.620001,21.25,21.469999,16800,20.613893
2014-08-14,21.67,21.719999,21.26,21.41,29100,20.556286
2014-08-13,21.50,21.639999,21.35,21.610001,30600,20.748311
2014-08-12,21.450001,21.65,21.33,21.40,52300,20.546684
2014-08-11,22.43,22.74,21.00,21.559999,175500,20.700304
2014-08-08,21.309999,21.74,21.209999,21.469999,18700,20.613893
2014-08-07,21.469999,21.700001,21.299999,21.42,6600,20.565887
2014-08-06,22.219999,22.219999,21.459999,21.709999,33300,20.844323
2014-08-05,22.50,22.82,22.469999,22.50,8800,21.602823
2014-08-04,22.84,22.84,22.60,22.60,6100,21.698835
2014-08-01,23.280001,23.690001,22.799999,23.01,12100,22.092487
2014-07-31,23.50,23.50,23.00,23.08,12800,22.159695
2014-07-30,23.719999,23.959999,23.549999,23.549999,10400,22.610954
2014-07-29,23.940001,24.110001,23.85,23.85,5900,22.898992
2014-07-28,24.00,24.00,23.790001,23.860001,6600,22.908594
2014-07-25,23.549999,24.15,23.50,23.879999,6400,22.927795
2014-07-24,23.76,23.99,23.719999,23.99,6200,23.033409
2014-07-23,23.870001,23.98,23.540001,23.559999,9500,22.620555
2014-07-22,23.940001,24.120001,23.780001,23.790001,3800,22.841385
2014-07-21,23.98,24.16,23.879999,24.129999,4200,23.167826
2014-07-18,24.059999,24.219999,23.85,24.10,4300,23.139024
2014-07-17,24.40,24.40,24.049999,24.10,2700,23.139024
2014-07-16,24.17,24.360001,24.02,24.360001,6300,23.388656
2014-07-15,24.219999,24.450001,24.15,24.33,3900,23.359852
2014-07-14,23.90,23.98,23.82,23.940001,15100,22.985404
2014-07-11,23.92,24.030001,23.889999,23.91,10000,22.956599
2014-07-10,23.60,23.889999,23.549999,23.870001,8600,22.918195
2014-07-09,23.559999,23.870001,23.549999,23.780001,3500,22.831784
2014-07-08,23.49,23.49,23.23,23.43,13400,22.49574
2014-07-07,23.950001,24.139999,23.860001,23.950001,8800,22.995005
2014-07-03,24.389999,24.469999,24.16,24.43,6900,23.455865
2014-07-02,24.16,24.65,24.16,24.450001,14700,23.475068
2014-07-01,24.110001,24.379999,24.01,24.35,6600,23.379055
2014-06-30,23.91,24.41,23.91,24.35,10600,23.379055
2014-06-27,23.68,23.99,23.60,23.91,2300,22.956599
2014-06-26,24.01,24.059999,23.709999,23.709999,6800,22.764573
2014-06-25,24.16,24.299999,23.700001,24.200001,10700,23.235037
2014-06-24,24.57,24.82,24.469999,24.540001,5400,23.561479
2014-06-23,24.75,24.780001,24.65,24.700001,4500,23.715099
2014-06-20,24.68,24.68,24.530001,24.68,3700,23.695896
2014-06-19,24.59,24.73,24.459999,24.549999,12700,23.571079
2014-06-18,24.450001,24.450001,23.969999,24.18,13000,23.215834
2014-06-17,24.40,24.59,24.25,24.280001,7300,23.311846
2014-06-16,24.309999,24.50,24.16,24.389999,11300,23.417459
2014-06-13,24.15,24.25,24.00,24.120001,5800,22.975803
2014-06-12,24.16,24.25,23.950001,24.10,5100,22.956751
2014-06-11,24.09,24.24,23.92,23.93,22100,22.794815
2014-06-10,23.209999,23.360001,22.85,22.98,23100,21.889881
2014-06-09,23.530001,23.629999,23.059999,23.27,24500,22.166125
2014-06-06,23.030001,23.530001,23.030001,23.530001,8000,22.413791
2014-06-05,23.200001,23.530001,22.76,23.51,12800,22.394739
2014-06-04,23.67,23.74,23.290001,23.49,13900,22.375688
2014-06-03,23.33,24.120001,23.26,23.59,7200,22.470944
2014-06-02,23.459999,23.799999,22.84,23.370001,42300,22.261381
2014-05-30,24.139999,24.41,23.469999,23.469999,37500,22.356636
2014-05-29,24.00,24.280001,23.92,24.110001,9500,22.966277
2014-05-28,24.00,24.440001,24.00,24.129999,8000,22.985327
2014-05-27,23.75,24.00,23.75,23.98,20700,22.842443
2014-05-23,23.60,23.690001,23.42,23.58,5400,22.461418
2014-05-22,24.07,24.07,23.60,23.639999,10400,22.518572
2014-05-21,24.49,24.49,24.07,24.139999,5700,22.994853
2014-05-20,24.200001,24.48,24.08,24.48,5900,23.318724
2014-05-19,24.51,24.57,24.209999,24.559999,14000,23.394929
2014-05-16,24.18,24.59,23.49,24.59,6800,23.423506
2014-05-15,24.860001,25.17,23.02,24.190001,26700,23.042482
2014-05-14,24.139999,24.51,23.780001,24.23,11000,23.080583
2014-05-13,23.790001,24.200001,23.790001,24.030001,13200,22.890072
2014-05-12,23.290001,24.08,23.290001,23.85,29100,22.718611
2014-05-09,22.629999,22.98,22.50,22.92,13500,21.832727
2014-05-08,23.120001,23.219999,22.68,22.780001,19200,21.699369
2014-05-07,23.299999,23.299999,23.120001,23.190001,7600,22.08992
2014-05-06,23.610001,23.639999,23.43,23.48,13500,22.366162
2014-05-05,23.57,23.74,23.540001,23.690001,18500,22.566201
2014-05-02,23.870001,24.01,23.68,23.74,5300,22.613828
2014-05-01,23.83,24.00,23.799999,23.799999,4300,22.670981
2014-04-30,23.92,24.049999,23.83,23.83,3300,22.699559
2014-04-29,24.200001,24.280001,23.90,24.02,10600,22.880546
2014-04-28,24.540001,24.59,24.040001,24.280001,21100,23.128213
2014-04-25,24.07,24.34,23.950001,24.139999,7000,22.994853
2014-04-24,24.27,24.35,24.01,24.049999,6800,22.909122
2014-04-23,24.34,24.440001,24.190001,24.42,8200,23.261571
2014-04-22,23.940001,24.35,23.84,24.049999,14300,22.909122
2014-04-21,23.440001,23.469999,23.24,23.450001,12200,22.337586
2014-04-17,23.209999,23.49,23.18,23.43,23300,22.318534
2014-04-16,23.75,23.809999,23.43,23.49,35500,22.375688
2014-04-15,23.50,23.809999,23.25,23.75,52100,22.623354
2014-04-14,24.60,24.790001,23.16,23.49,55300,22.375688
2014-04-11,24.92,25.10,24.58,24.610001,29900,23.442558
2014-04-10,25.719999,25.719999,24.93,24.93,49300,23.747378
2014-04-09,25.790001,25.799999,25.66,25.700001,67600,24.480851
2014-04-08,25.58,25.68,25.459999,25.620001,14400,24.404646
2014-04-07,25.379999,25.73,25.379999,25.51,21900,24.299864
2014-04-04,25.58,25.690001,25.299999,25.360001,9600,24.15698
2014-04-03,25.50,25.719999,25.459999,25.60,15600,24.385595
2014-04-02,25.389999,25.629999,25.379999,25.469999,17200,24.26176
2014-04-01,25.030001,25.389999,25.01,25.389999,26400,24.185556
2014-03-31,25.10,25.10,24.940001,24.940001,26700,23.756904
2014-03-28,25.18,25.190001,25.00,25.110001,13100,23.918839
2014-03-27,25.41,25.41,24.93,25.07,45600,23.880736
2014-03-26,25.26,25.50,25.200001,25.40,33100,24.195081
2014-03-25,25.139999,25.469999,25.049999,25.360001,35400,24.15698
2014-03-24,24.610001,25.059999,24.610001,24.82,25800,23.642595
2014-03-21,24.82,25.049999,24.629999,24.700001,30200,23.166315
2014-03-20,24.50,24.77,24.50,24.639999,10600,23.110039
2014-03-19,24.51,24.610001,24.32,24.469999,29800,22.950595
2014-03-18,24.379999,24.58,24.299999,24.32,34900,22.809909
2014-03-17,24.23,24.25,24.040001,24.18,43900,22.678603
2014-03-14,24.190001,24.24,24.00,24.040001,10900,22.547296
2014-03-13,24.450001,24.450001,24.01,24.049999,67600,22.556674
2014-03-12,24.690001,24.719999,24.41,24.42,16700,22.9037
2014-03-11,24.059999,24.870001,24.049999,24.77,13600,23.231968
2014-03-10,24.030001,24.32,24.01,24.17,14100,22.669223
2014-03-07,24.299999,24.40,23.77,24.01,25600,22.519158
2014-03-06,22.43,24.139999,22.43,24.10,42500,22.60357
2014-03-05,22.129999,22.299999,22.00,22.16,19000,20.784029
2014-03-04,22.10,22.57,22.08,22.10,19600,20.727755
2014-03-03,21.959999,22.15,21.959999,22.01,36800,20.643343
2014-02-28,22.00,22.559999,22.00,22.02,6900,20.652723
2014-02-27,22.16,22.309999,21.950001,22.01,18400,20.643343
2014-02-26,22.00,22.280001,21.969999,22.00,35100,20.633964
2014-02-25,22.00,22.26,22.00,22.01,12700,20.643343
2014-02-24,22.07,22.469999,22.01,22.01,20800,20.643343
2014-02-21,22.219999,22.469999,22.10,22.139999,18000,20.765271
2014-02-20,21.93,22.25,21.58,22.030001,50100,20.662102
2014-02-19,21.92,21.99,21.74,21.76,28900,20.408866
2014-02-18,22.030001,22.049999,21.940001,22.030001,27200,20.662102
2014-02-14,22.10,22.10,21.940001,22.07,12000,20.699617
2014-02-13,22.059999,22.09,21.99,22.09,49200,20.718376
2014-02-12,22.00,22.10,21.940001,22.10,100400,20.727755
2014-02-11,22.02,22.09,21.940001,22.07,28500,20.699617
2014-02-10,21.76,22.09,21.700001,22.00,43600,20.633964
2014-02-07,21.469999,21.65,21.25,21.65,34100,20.305696
2014-02-06,21.690001,21.690001,21.15,21.35,22400,20.024325
2014-02-05,21.83,22.00,21.530001,21.84,14200,20.483899
2014-02-04,21.90,21.969999,21.709999,21.959999,13800,20.596447
2014-02-03,22.02,22.200001,21.719999,21.940001,65900,20.57769
2014-01-31,21.83,22.25,21.66,22.190001,9100,20.812167
2014-01-30,21.950001,22.25,21.91,22.040001,36000,20.671481
2014-01-29,21.90,22.709999,21.799999,21.91,18500,20.549552
2014-01-28,21.559999,22.01,21.49,22.00,13700,20.633964
2014-01-27,21.93,21.93,21.110001,21.59,34100,20.249422
2014-01-24,22.469999,22.66,21.41,21.74,24100,20.390108
2014-01-23,22.50,22.620001,22.41,22.57,12500,21.168571
2014-01-22,22.059999,22.42,22.00,22.17,21500,20.793408
2014-01-21,22.77,22.77,22.00,22.10,59400,20.727755
2014-01-17,22.809999,22.84,22.629999,22.700001,11900,21.2905
2014-01-16,22.60,22.92,22.50,22.549999,16900,21.149812
2014-01-15,22.65,22.790001,22.49,22.540001,26500,21.140435
2014-01-14,22.42,22.50,22.299999,22.48,43200,21.084159
2014-01-13,22.57,22.57,22.15,22.219999,100200,20.840303
2014-01-10,22.52,22.870001,22.360001,22.60,27500,21.196709
2014-01-09,22.540001,22.84,22.50,22.57,19100,21.168571
2014-01-08,22.85,22.85,22.52,22.52,24500,21.121676
2014-01-07,22.59,22.959999,22.50,22.790001,21100,21.374912
2014-01-06,22.27,22.68,22.16,22.57,19500,21.168571
2014-01-03,22.00,22.549999,21.92,22.059999,14400,20.690238
2014-01-02,22.040001,22.129999,21.860001,22.00,33400,20.633964
2013-12-31,21.799999,21.879999,21.25,21.639999,12500,20.296317
2013-12-30,21.290001,21.67,21.219999,21.48,18400,20.146252
2013-12-27,21.110001,21.49,20.719999,21.00,8200,19.696057
2013-12-26,21.09,21.17,20.889999,21.040001,6900,19.733574
2013-12-24,20.77,21.32,20.77,20.93,15000,19.630403
2013-12-23,20.59,20.940001,20.50,20.77,107200,19.480338
2013-12-20,21.190001,21.190001,20.50,20.65,29600,19.367789
2013-12-19,20.879999,20.950001,20.530001,20.610001,18200,19.330273
2013-12-18,20.50,21.059999,20.309999,20.82,33700,19.36779
2013-12-17,20.280001,20.50,20.25,20.42,24400,18.99569
2013-12-16,20.360001,20.50,20.25,20.40,27900,18.977085
2013-12-13,20.10,20.559999,20.08,20.32,36200,18.902665
2013-12-12,20.60,20.620001,20.030001,20.25,113300,18.837548
2013-12-11,20.92,21.25,20.59,20.60,17100,19.163135
2013-12-10,21.10,21.25,20.67,20.860001,19300,19.405
2013-12-09,20.34,21.190001,20.34,21.09,26600,19.618957
2013-12-06,20.09,20.25,19.969999,20.25,36000,18.837548
2013-12-05,19.93,20.110001,19.93,20.07,14100,18.670103
2013-12-04,19.709999,19.879999,19.52,19.75,22300,18.372423
2013-12-03,19.83,20.120001,19.75,19.889999,15800,18.502657
2013-12-02,19.92,20.00,19.84,19.84,16800,18.456146
2013-11-29,19.860001,19.91,19.77,19.83,6500,18.446843
2013-11-27,19.870001,20.280001,19.790001,19.950001,99100,18.558474
2013-11-26,19.90,20.24,19.90,19.99,15800,18.595683
2013-11-25,20.530001,20.540001,19.969999,20.00,50000,18.604985
2013-11-22,20.209999,20.48,20.16,20.379999,9400,18.958479
2013-11-21,20.33,20.450001,20.15,20.16,15400,18.753825
2013-11-20,20.129999,20.370001,19.809999,20.190001,23000,18.781733
2013-11-19,20.75,20.92,20.049999,20.299999,80100,18.88406
2013-11-18,19.82,20.41,19.77,20.41,106800,18.986388
2013-11-15,18.99,19.17,18.90,19.17,262100,17.832879
2013-11-14,18.530001,19.00,18.530001,19.00,36300,17.674736
2013-11-13,18.50,18.65,18.50,18.60,190000,17.302637
2013-11-12,18.18,18.209999,18.08,18.200001,8400,16.930537
2013-11-11,18.25,18.379999,18.17,18.379999,21100,17.097981
2013-11-08,18.24,18.35,18.219999,18.290001,18000,17.01426
2013-11-07,18.379999,18.40,18.27,18.33,17200,17.051469
2013-11-06,18.42,18.450001,18.389999,18.41,85700,17.125889
2013-11-05,18.34,18.57,18.33,18.389999,37100,17.107284
2013-11-04,18.48,18.51,18.34,18.42,19600,17.135192
2013-11-01,18.209999,18.52,18.139999,18.52,15300,17.228217
2013-10-31,18.43,18.43,18.190001,18.379999,9400,17.097981
2013-10-30,18.35,18.43,18.35,18.379999,12500,17.097981
2013-10-29,18.549999,18.60,18.33,18.370001,72300,17.08868
2013-10-28,18.639999,18.719999,18.40,18.50,63100,17.209612
2013-10-25,18.34,18.620001,18.33,18.549999,28100,17.256123
2013-10-24,18.60,18.60,18.25,18.290001,22100,17.01426
2013-10-23,19.00,19.00,18.719999,18.719999,53800,17.414266
2013-10-22,19.379999,19.42,19.07,19.09,39700,17.758459
2013-10-21,19.219999,19.389999,19.110001,19.25,36500,17.907299
2013-10-18,18.450001,18.450001,18.40,18.450001,4700,17.1631
2013-10-17,18.450001,18.530001,18.33,18.469999,8500,17.181703
2013-10-16,18.51,18.620001,18.27,18.40,25900,17.116586
2013-10-15,18.49,18.52,18.360001,18.48,10200,17.191006
2013-10-14,18.10,18.48,18.10,18.43,13600,17.144494
2013-10-11,18.32,18.35,18.120001,18.120001,34700,16.856118
2013-10-10,18.389999,18.42,18.10,18.25,13000,16.977049
2013-10-09,18.040001,18.540001,18.040001,18.450001,23900,17.1631
2013-10-08,18.23,18.370001,17.90,17.90,21600,16.651462
2013-10-07,18.209999,18.549999,18.16,18.190001,18900,16.921235
2013-10-04,17.870001,18.23,17.76,18.059999,4600,16.800301
2013-10-03,18.07,18.120001,17.73,17.879999,12900,16.632856
2013-10-02,18.24,18.24,17.84,18.00,51800,16.744487
2013-10-01,18.459999,18.549999,18.33,18.40,5700,17.116586
2013-09-30,18.379999,18.549999,18.299999,18.450001,33900,17.1631
2013-09-27,18.34,18.50,18.25,18.450001,11500,17.1631
2013-09-26,18.43,18.540001,18.40,18.450001,101400,17.1631
2013-09-25,18.41,18.48,18.40,18.40,20700,17.116586
2013-09-24,18.50,18.57,18.27,18.389999,35600,17.107284
2013-09-23,18.450001,18.50,18.219999,18.43,19400,17.144494
2013-09-20,18.450001,18.540001,18.35,18.49,9700,17.200309
2013-09-19,18.01,18.48,18.01,18.469999,9900,17.181703
2013-09-18,18.389999,18.50,18.049999,18.23,7300,16.958444
2013-09-17,18.639999,18.65,18.15,18.40,35500,17.116586
2013-09-16,18.450001,18.700001,18.379999,18.450001,52500,17.1631
2013-09-13,18.26,18.50,18.17,18.49,7600,17.200309
2013-09-12,18.41,18.50,18.370001,18.370001,12600,16.930537
2013-09-11,18.379999,18.629999,18.379999,18.450001,98300,17.004268
2013-09-10,18.50,18.530001,18.370001,18.450001,19600,17.004268
2013-09-09,18.290001,18.59,18.200001,18.42,15200,16.976618
2013-09-06,18.469999,18.469999,18.00,18.17,10500,16.746208
2013-09-05,18.629999,18.66,18.34,18.49,9500,17.041133
2013-09-04,18.50,18.65,18.370001,18.389999,30700,16.948969
2013-09-03,18.52,18.52,18.129999,18.32,35000,16.884454
2013-08-30,18.15,18.530001,18.15,18.49,6300,17.041133
2013-08-29,18.10,18.370001,18.10,18.360001,20000,16.92132
2013-08-28,17.74,18.08,17.719999,17.90,8100,16.497365
2013-08-27,18.120001,18.120001,17.700001,17.700001,21700,16.313038
2013-08-26,18.280001,18.440001,18.139999,18.24,11800,16.810723
2013-08-23,18.16,18.530001,18.049999,18.27,25200,16.838373
2013-08-22,18.219999,18.700001,18.09,18.16,11300,16.736992
2013-08-21,18.42,18.48,18.139999,18.24,20800,16.810723
2013-08-20,18.549999,18.639999,18.450001,18.450001,25500,17.004268
2013-08-19,18.65,18.700001,18.459999,18.49,25900,17.041133
2013-08-16,18.280001,18.58,18.209999,18.35,13800,16.912104
2013-08-15,18.639999,18.73,18.200001,18.280001,31300,16.847589
2013-08-14,18.74,18.76,18.49,18.60,31200,17.142514
2013-08-13,18.35,18.610001,18.35,18.559999,39800,17.105647
2013-08-12,18.09,18.25,18.01,18.059999,9600,16.644827
2013-08-09,17.969999,18.190001,17.870001,18.030001,18400,16.617179
2013-08-08,18.209999,18.379999,17.860001,17.870001,28900,16.469717
2013-08-07,18.23,18.48,18.17,18.209999,16900,16.783073
2013-08-06,18.27,18.309999,18.030001,18.030001,13800,16.617179
2013-08-05,18.290001,18.50,18.290001,18.35,61300,16.912104
2013-08-02,17.90,17.92,17.799999,17.860001,26600,16.4605
2013-08-01,18.030001,18.030001,17.809999,17.84,116900,16.442067
2013-07-31,17.969999,18.00,17.870001,17.90,28400,16.497365
2013-07-30,17.950001,17.98,17.83,17.84,28100,16.442067
2013-07-29,17.799999,17.950001,17.67,17.84,69500,16.442067
2013-07-26,17.549999,17.809999,17.549999,17.74,48200,16.349903
2013-07-25,17.299999,17.66,17.200001,17.43,219200,16.064194
2013-07-24,17.34,17.469999,17.25,17.32,28800,15.962813
2013-07-23,17.280001,17.309999,17.200001,17.280001,17800,15.925949
2013-07-22,17.370001,17.370001,17.190001,17.280001,57500,15.925949
2013-07-19,17.35,17.50,17.030001,17.17,58600,15.824568
2013-07-18,17.43,17.50,17.280001,17.33,45400,15.97203
2013-07-17,17.139999,17.32,17.120001,17.209999,39400,15.861432
2013-07-16,17.09,17.10,16.969999,17.07,12800,15.732403
2013-07-15,16.889999,17.10,16.889999,17.08,31500,15.74162
2013-07-12,17.00,17.049999,16.860001,16.99,53100,15.658672
2013-07-11,16.66,17.08,16.66,17.08,16200,15.74162
2013-07-10,16.700001,16.82,16.60,16.68,53400,15.372964
2013-07-09,16.40,16.700001,16.35,16.66,21900,15.354531
2013-07-08,16.51,16.629999,16.42,16.49,9300,15.197852
2013-07-05,16.559999,16.66,16.559999,16.57,10700,15.271583
2013-07-03,16.52,16.74,16.52,16.620001,21400,15.317666
2013-07-02,16.75,16.75,16.35,16.389999,13700,15.105687
2013-07-01,16.90,16.93,16.57,16.82,27100,15.501993
2013-06-28,16.610001,16.90,16.610001,16.870001,11100,15.548076
2013-06-27,16.66,16.85,16.549999,16.76,34700,15.446695
2013-06-26,16.469999,16.73,16.200001,16.559999,26200,15.262366
2013-06-25,16.450001,16.65,16.139999,16.459999,20100,15.170202
2013-06-24,16.49,16.49,16.10,16.27,20300,14.995092
2013-06-21,16.68,16.77,16.450001,16.74,16600,15.299233
2013-06-20,16.60,16.98,16.60,16.610001,8200,15.180422
2013-06-19,16.76,16.82,16.59,16.59,7000,15.162143
2013-06-18,16.99,16.99,16.780001,16.780001,21500,15.335791
2013-06-17,16.75,16.969999,16.67,16.75,16600,15.308372
2013-06-14,16.83,16.870001,16.620001,16.73,6000,15.290093
2013-06-13,16.559999,16.90,16.559999,16.83,11300,15.381487
2013-06-12,16.91,16.940001,16.65,16.74,8700,15.299233
2013-06-11,16.780001,16.889999,16.50,16.860001,9800,15.408906
2013-06-10,16.82,16.99,16.799999,16.82,7000,15.372347
2013-06-07,16.49,16.73,16.49,16.73,12600,15.290093
2013-06-06,16.60,16.60,16.34,16.42,28400,15.006775
2013-06-05,16.450001,16.700001,16.32,16.549999,36900,15.125585
2013-06-04,16.629999,16.67,16.34,16.530001,23900,15.107308
2013-06-03,16.85,16.85,16.57,16.620001,11500,15.189562
2013-05-31,17.09,17.09,16.889999,16.940001,5700,15.48202
2013-05-30,17.15,17.17,17.049999,17.110001,10400,15.637389
2013-05-29,16.969999,17.110001,16.85,17.049999,32200,15.582552
2013-05-28,17.040001,17.049999,16.780001,16.84,12800,15.390626
2013-05-24,16.959999,16.959999,16.77,16.85,13100,15.399766
2013-05-23,16.790001,16.940001,16.50,16.90,22400,15.445462
2013-05-22,16.870001,17.08,16.719999,16.77,20500,15.326651
2013-05-21,16.98,17.02,16.84,17.02,8300,15.555135
2013-05-20,16.77,16.99,16.77,16.98,15600,15.518577
2013-05-17,16.59,16.620001,16.42,16.42,10400,15.006775
2013-05-16,16.60,16.67,16.52,16.59,16900,15.162143
2013-05-15,16.379999,16.559999,16.290001,16.389999,23400,14.979356
2013-05-14,16.360001,16.549999,16.360001,16.469999,4300,15.052471
2013-05-13,16.50,16.76,16.50,16.67,20200,15.235258
2013-05-10,16.469999,16.49,16.290001,16.360001,10000,14.951939
2013-05-09,16.58,16.58,16.32,16.32,5700,14.915381
2013-05-08,16.52,16.629999,16.41,16.530001,23300,15.107308
2013-05-07,16.299999,16.49,16.26,16.41,41300,14.997635
2013-05-06,16.059999,16.200001,15.99,16.110001,27000,14.723456
2013-05-03,16.18,16.18,15.91,15.97,47600,14.595505
2013-05-02,16.190001,16.190001,15.93,16.040001,15500,14.659481
2013-05-01,16.00,16.02,15.90,16.02,105800,14.641202
2013-04-30,15.98,16.01,15.92,16.00,22000,14.622923
2013-04-29,15.98,16.00,15.97,16.00,23700,14.622923
2013-04-26,15.88,16.00,15.86,15.89,25400,14.522391
2013-04-25,16.07,16.120001,15.68,15.86,18100,14.494972
2013-04-24,16.00,16.00,15.89,15.99,8900,14.613783
2013-04-23,15.67,15.90,15.61,15.83,12200,14.467554
2013-04-22,15.47,15.49,15.40,15.47,6500,14.138539
2013-04-19,15.42,15.42,15.08,15.37,13200,14.047145
2013-04-18,15.64,15.64,15.31,15.31,4200,13.99231
2013-04-17,15.90,15.90,15.66,15.74,4300,14.3853
2013-04-16,15.94,15.99,15.80,15.87,7200,14.504112
2013-04-15,15.81,15.81,15.62,15.79,6800,14.430997
2013-04-12,16.00,16.00,15.72,15.72,10900,14.367022
2013-04-11,15.88,16.049999,15.81,15.95,21500,14.577226
2013-04-10,15.82,15.82,15.77,15.81,16200,14.449276
2013-04-09,15.57,15.57,15.28,15.45,17700,14.12026
2013-04-08,15.50,15.62,15.50,15.57,1300,14.229932
2013-04-05,15.68,15.77,15.62,15.62,4700,14.275628
2013-04-04,15.89,15.89,15.58,15.65,7500,14.303046
2013-04-03,16.10,16.120001,15.86,16.00,41100,14.622923
2013-04-02,15.62,15.67,15.38,15.45,8100,14.12026
2013-04-01,15.71,15.81,15.50,15.63,49900,14.284768
2013-03-28,15.90,15.90,15.55,15.69,12200,14.339603
2013-03-27,16.120001,16.24,16.120001,16.129999,14500,14.741733
2013-03-26,16.07,16.190001,16.07,16.110001,10200,14.723456
2013-03-25,15.93,16.219999,15.87,15.98,50500,14.604644
2013-03-22,15.79,15.81,15.48,15.79,17700,14.430997
2013-03-21,15.54,15.85,15.38,15.70,24200,14.348743
2013-03-20,15.72,15.83,15.53,15.72,38700,14.367022
2013-03-19,16.120001,16.18,15.25,15.49,218400,14.156817
2013-03-18,16.65,16.700001,16.32,16.389999,53500,14.677757
2013-03-15,16.33,16.629999,16.280001,16.41,26000,14.695668
2013-03-14,16.35,16.50,16.32,16.33,20200,14.624026
2013-03-13,16.34,16.40,16.18,16.40,66000,14.686713
2013-03-12,16.370001,16.370001,16.15,16.27,32400,14.570295
2013-03-11,15.99,16.440001,15.99,16.360001,65400,14.650893
2013-03-08,15.67,15.85,15.63,15.82,34500,14.167305
2013-03-07,15.70,15.72,15.60,15.70,28300,14.059841
2013-03-06,15.55,15.64,15.47,15.64,25300,14.00611
2013-03-05,15.61,15.65,15.40,15.55,57600,13.925512
2013-03-04,15.45,15.50,15.31,15.35,71700,13.746406
2013-03-01,15.08,15.30,15.08,15.15,11800,13.567299
2013-02-28,15.14,15.20,15.10,15.12,18500,13.540433
2013-02-27,15.11,15.15,15.07,15.07,25900,13.495656
2013-02-26,15.06,15.15,15.03,15.14,5700,13.558344
2013-02-25,15.00,15.10,15.00,15.07,8600,13.495656
2013-02-22,15.07,15.07,14.99,15.04,15000,13.468791
2013-02-21,14.99,15.09,14.90,15.07,11500,13.495656
2013-02-20,14.77,15.00,14.77,15.00,59400,13.432969
2013-02-19,14.70,14.78,14.66,14.72,22200,13.182221
2013-02-15,14.71,14.81,14.70,14.79,2500,13.244908
2013-02-14,14.68,14.90,14.61,14.70,5100,13.16431
2013-02-13,14.77,14.80,14.60,14.79,8100,13.244908
2013-02-12,14.52,14.68,14.52,14.68,7100,13.1464
2013-02-11,14.64,14.67,14.56,14.60,54600,13.074757
2013-02-08,14.56,14.68,14.56,14.68,2000,13.1464
2013-02-07,14.60,14.65,14.45,14.60,12300,13.074757
2013-02-06,14.55,14.69,14.53,14.65,18000,13.119533
2013-02-05,14.58,14.76,14.54,14.63,21700,13.101623
2013-02-04,14.50,14.82,14.46,14.54,11700,13.021025
2013-02-01,14.37,14.47,14.35,14.38,6700,12.87774
2013-01-31,14.13,14.33,14.13,14.26,1300,12.770276
2013-01-30,13.95,14.20,13.95,14.20,10600,12.716544
2013-01-29,13.96,14.08,13.84,13.84,24500,12.394153
2013-01-28,14.00,14.10,14.00,14.00,14900,12.537438
2013-01-25,14.20,14.20,14.00,14.05,6800,12.582215
2013-01-24,14.08,14.10,13.97,14.09,10900,12.618036
2013-01-23,14.00,14.11,13.84,14.00,36700,12.537438
2013-01-22,14.31,14.45,14.05,14.13,7700,12.653857
2013-01-18,14.02,14.31,14.00,14.31,21800,12.815053
2013-01-17,14.03,14.32,14.00,14.10,11600,12.626992
2013-01-16,13.99,14.04,13.99,13.99,6600,12.528483
2013-01-15,14.13,14.13,13.99,13.99,7500,12.528483
2013-01-14,14.02,14.33,14.00,14.19,11300,12.707589
2013-01-11,13.92,14.07,13.92,14.03,5300,12.564304
2013-01-10,14.05,14.05,13.80,13.91,23800,12.45684
2013-01-09,14.06,14.06,13.93,14.00,10300,12.537438
2013-01-08,13.91,14.05,13.91,14.05,11400,12.582215
2013-01-07,13.70,13.98,13.70,13.90,19100,12.447885
2013-01-04,13.50,13.77,13.50,13.77,1300,12.331466
2013-01-03,13.90,13.90,13.78,13.78,4700,12.340421
2013-01-02,13.70,13.99,13.69,13.91,25700,12.45684
2012-12-31,13.45,13.58,13.29,13.57,20500,12.152359
2012-12-28,12.92,12.98,12.84,12.87,15100,11.525488
2012-12-27,12.96,13.22,12.93,12.96,9600,11.606086
2012-12-26,13.10,13.10,12.76,12.96,19200,11.606086
2012-12-24,13.18,13.18,13.00,13.10,5500,11.73146
2012-12-21,13.12,13.31,13.10,13.14,11300,11.767282
2012-12-20,13.10,13.44,13.10,13.32,21500,11.821013
2012-12-19,13.35,13.35,13.20,13.23,14400,11.741141
2012-12-18,12.93,13.25,12.93,13.17,12700,11.687894
2012-12-17,12.87,12.94,12.84,12.93,7400,11.474903
2012-12-14,12.89,12.96,12.80,12.87,11900,11.421655
2012-12-13,13.08,13.09,12.84,12.93,13100,11.474903
2012-12-12,13.07,13.32,13.07,13.20,3700,11.714517
2012-12-11,13.25,13.25,13.00,13.01,14600,11.5459
2012-12-10,13.18,13.29,13.11,13.29,8600,11.794389
2012-12-07,13.10,13.17,13.00,13.08,45600,11.608022
2012-12-06,13.04,13.31,13.04,13.31,19000,11.812139
2012-12-05,12.81,13.05,12.75,13.00,29400,11.537025
2012-12-04,13.01,13.04,12.75,12.75,46200,11.315159
2012-12-03,13.08,13.09,12.96,13.05,53400,11.581398
2012-11-30,12.96,13.07,12.90,13.07,20500,11.599147
2012-11-29,13.00,13.10,12.92,13.05,11800,11.581398
2012-11-28,12.89,12.99,12.80,12.90,5400,11.448278
2012-11-27,12.95,12.96,12.80,12.80,4800,11.359532
2012-11-26,12.93,13.06,12.90,13.03,9300,11.563649
2012-11-23,12.80,13.15,12.80,12.93,7700,11.474903
2012-11-21,12.80,12.85,12.56,12.76,7500,11.324034
2012-11-20,13.10,13.19,12.91,12.95,9500,11.492652
2012-11-19,13.00,13.17,13.00,13.17,11200,11.687894
2012-11-16,12.85,12.97,12.71,12.95,20400,11.492652
2012-11-15,12.77,12.90,12.77,12.85,14000,11.403906
2012-11-14,12.82,12.85,12.66,12.66,38600,11.235287
2012-11-13,12.80,12.95,12.80,12.87,4000,11.421655
2012-11-12,12.90,12.90,12.65,12.80,14700,11.359532
2012-11-09,12.78,12.89,12.76,12.81,15200,11.368407
2012-11-08,12.84,12.90,12.83,12.88,11100,11.430529
2012-11-07,12.79,12.86,12.79,12.85,7500,11.403906
2012-11-06,12.73,12.80,12.65,12.80,11600,11.359532
2012-11-05,12.58,12.70,12.30,12.70,13200,11.270786
2012-11-02,12.54,12.68,12.50,12.68,9200,11.253037
2012-11-01,12.45,12.56,12.44,12.46,15900,11.057795
2012-10-31,12.60,12.60,12.35,12.36,19500,10.969048
2012-10-26,12.60,12.80,12.60,12.71,5300,11.27966
2012-10-25,12.84,12.90,12.59,12.64,73100,11.217538
2012-10-24,12.85,12.87,12.70,12.70,7200,11.270786
2012-10-23,12.76,12.93,12.75,12.89,16100,11.439404
2012-10-22,12.77,12.95,12.75,12.81,13000,11.368407
2012-10-19,12.89,12.89,12.75,12.78,10700,11.341783
2012-10-18,12.82,12.90,12.76,12.79,12000,11.350657
2012-10-17,12.94,13.00,12.53,12.90,11000,11.448278
2012-10-16,12.81,12.90,12.77,12.90,19800,11.448278
2012-10-15,12.51,12.69,12.51,12.61,56300,11.190914
2012-10-12,12.44,12.54,12.40,12.40,10100,11.004546
2012-10-11,12.28,12.49,12.20,12.46,21100,11.057795
2012-10-10,12.64,12.64,12.40,12.46,9900,11.057795
2012-10-09,12.54,12.71,12.54,12.61,11400,11.190914
2012-10-08,12.59,12.59,12.21,12.45,17000,11.04892
2012-10-05,12.50,12.74,12.49,12.65,10300,11.226412
2012-10-04,12.35,12.41,12.25,12.41,14500,11.013421
2012-10-03,11.95,12.17,11.95,12.10,7900,10.738308
2012-10-02,11.98,11.98,11.84,11.95,10000,10.605188
2012-10-01,11.70,11.88,11.66,11.86,24000,10.525316
2012-09-28,11.54,11.66,11.53,11.66,16100,10.347824
2012-09-27,11.49,11.65,11.48,11.53,47800,10.232453
2012-09-26,11.52,11.52,11.26,11.42,26800,10.134833
2012-09-25,11.27,11.56,11.27,11.47,16400,10.179206
2012-09-24,11.22,11.34,11.22,11.28,15500,10.010587
2012-09-21,11.34,11.51,11.30,11.33,5600,10.054961
2012-09-20,11.45,11.53,11.20,11.36,22200,10.081584
2012-09-19,11.72,11.84,11.66,11.75,33800,10.214704
2012-09-18,11.67,11.75,11.65,11.68,9700,10.153851
2012-09-17,11.65,11.79,11.63,11.63,9500,10.110384
2012-09-14,11.72,11.77,11.66,11.66,12300,10.136464
2012-09-13,11.47,12.00,11.46,12.00,9600,10.432039
2012-09-12,11.40,11.44,11.26,11.39,19300,9.901744
2012-09-11,11.35,11.40,11.35,11.40,9700,9.910436
2012-09-10,11.22,11.42,11.20,11.33,7400,9.849583
2012-09-07,11.29,11.40,11.17,11.37,9000,9.884356
2012-09-06,11.18,11.26,11.05,11.26,11900,9.78873
2012-09-05,11.16,11.16,11.01,11.08,17900,9.632249
2012-09-04,11.14,11.16,11.02,11.16,24700,9.701796
2012-08-31,11.06,11.19,11.02,11.11,8100,9.658329
2012-08-30,11.09,11.21,11.05,11.08,18900,9.632249
2012-08-29,10.97,11.20,10.95,11.05,12300,9.606169
2012-08-28,10.87,11.00,10.82,10.95,7500,9.519235
2012-08-27,10.85,10.90,10.76,10.87,21700,9.449688
2012-08-24,10.76,10.85,10.76,10.85,4300,9.432302
2012-08-23,10.75,10.80,10.74,10.80,28800,9.388835
2012-08-22,10.77,10.80,10.75,10.79,21300,9.380141
2012-08-21,10.91,10.93,10.75,10.84,13800,9.423608
2012-08-20,10.90,11.02,10.77,10.97,10800,9.536622
2012-08-17,10.75,10.95,10.75,10.90,32300,9.475768
2012-08-16,10.75,10.95,10.74,10.82,18500,9.406221
2012-08-15,10.72,10.88,10.70,10.76,41100,9.354061
2012-08-14,10.89,10.91,10.75,10.91,15300,9.484462
2012-08-13,11.00,11.00,10.65,10.96,53700,9.527929
2012-08-10,11.02,11.07,10.99,11.03,1300,9.588782
2012-08-09,11.05,11.19,11.05,11.09,6500,9.640942
2012-08-08,11.08,11.11,11.05,11.11,1600,9.658329
2012-08-07,11.23,11.27,11.19,11.21,6400,9.745263
2012-08-06,11.10,11.42,11.09,11.21,21700,9.745263
2012-08-03,10.98,11.34,10.87,11.34,16700,9.858277
2012-08-02,10.93,11.07,10.92,10.92,8100,9.493155
2012-08-01,11.29,11.29,11.00,11.07,3000,9.623555
2012-07-31,11.33,11.33,10.81,11.30,10400,9.823503
2012-07-30,11.26,11.34,11.00,11.30,8800,9.823503
2012-07-27,10.90,11.31,10.90,11.27,6100,9.797423
2012-07-26,10.99,11.09,10.87,11.09,5200,9.640942
2012-07-25,11.04,11.05,10.80,11.00,10900,9.562702
2012-07-24,10.80,11.15,10.80,11.02,10500,9.580089
2012-07-23,10.90,11.08,10.82,10.88,4800,9.458382
2012-07-20,11.35,11.49,11.25,11.31,3000,9.832197
2012-07-19,11.38,11.45,11.25,11.36,4100,9.875663
2012-07-18,11.33,11.53,11.33,11.49,3500,9.988677
2012-07-17,10.95,11.51,10.95,11.31,15700,9.832197
2012-07-16,11.04,11.07,10.90,11.07,10500,9.623555
2012-07-13,10.85,11.11,10.85,11.04,4400,9.597475
2012-07-12,10.76,10.99,10.75,10.93,6100,9.501849
2012-07-11,10.79,10.83,10.75,10.76,3900,9.354061
2012-07-10,10.90,10.90,10.75,10.85,7500,9.432302
2012-07-09,10.76,11.01,10.75,10.82,7300,9.406221
2012-07-06,10.77,10.77,10.75,10.75,7700,9.345368
2012-07-05,10.68,10.79,10.59,10.72,11000,9.319288
2012-07-03,10.73,10.90,10.73,10.75,1500,9.345368
2012-07-02,10.99,11.07,10.67,10.79,5900,9.380141
2012-06-29,10.90,10.97,10.80,10.97,45400,9.536622
2012-06-28,10.97,11.00,10.70,10.70,6500,9.301901
2012-06-27,11.09,11.15,10.93,11.01,12600,9.571396
2012-06-26,11.00,11.10,10.93,11.07,13100,9.623555
2012-06-25,11.05,11.12,10.91,10.99,9700,9.554008
2012-06-22,11.25,11.33,11.06,11.22,12500,9.753956
2012-06-21,11.31,11.31,11.20,11.29,8000,9.81481
2012-06-20,11.39,11.50,11.25,11.44,8300,9.94521
2012-06-19,11.31,11.39,11.17,11.25,7400,9.780036
2012-06-18,11.34,11.36,11.17,11.31,7400,9.832197
2012-06-15,11.24,11.38,11.24,11.37,13800,9.884356
2012-06-14,11.38,11.45,11.12,11.19,27900,9.727876
2012-06-13,11.55,11.56,11.43,11.49,31100,9.988677
2012-06-12,11.66,11.70,11.52,11.55,22900,10.040837
2012-06-11,11.88,11.88,11.49,11.49,53000,9.988677
2012-06-08,11.73,11.97,11.73,11.76,22600,10.223398
2012-06-07,12.07,12.21,11.72,11.73,32600,10.092997
2012-06-06,12.00,12.25,12.00,12.19,9800,10.488801
2012-06-05,11.70,12.00,11.70,11.92,6600,10.256482
2012-06-04,11.72,11.83,11.55,11.75,13200,10.110207
2012-06-01,11.89,11.89,11.54,11.72,30600,10.084394
2012-05-31,11.85,12.06,11.85,11.92,17200,10.256482
2012-05-30,12.52,12.52,11.60,11.95,54500,10.282295
2012-05-29,12.72,12.73,12.60,12.69,22600,10.919023
2012-05-25,12.51,12.69,12.47,12.67,13900,10.901814
2012-05-24,12.71,12.71,12.40,12.51,29900,10.764144
2012-05-23,12.88,13.10,12.69,13.06,15000,11.237387
2012-05-22,13.27,13.27,13.06,13.08,14300,11.254596
2012-05-21,13.05,13.24,13.00,13.17,15800,11.332036
2012-05-18,13.03,13.08,12.90,12.90,21000,11.099716
2012-05-17,13.14,13.28,13.00,13.03,9200,11.211574
2012-05-16,13.11,13.23,13.06,13.20,5600,11.357849
2012-05-15,13.18,13.45,13.02,13.25,30200,11.400871
2012-05-14,13.45,13.46,13.27,13.27,6200,11.418081
2012-05-11,13.30,13.38,13.20,13.32,14100,11.461102
2012-05-10,13.34,13.50,13.16,13.23,27000,11.383662
2012-05-09,13.40,13.48,13.10,13.20,58900,11.357849
2012-05-08,13.36,13.54,13.29,13.45,8300,11.57296
2012-05-07,13.16,13.37,13.16,13.28,5300,11.426684
2012-05-04,13.44,13.58,13.15,13.17,12000,11.332036
2012-05-03,13.38,13.64,13.38,13.47,5000,11.590169
2012-05-02,13.39,13.60,13.30,13.51,13000,11.624587
2012-05-01,13.37,13.64,13.32,13.43,16000,11.555751
2012-04-30,13.67,13.67,13.26,13.44,34700,11.564355
2012-04-27,13.74,13.75,13.55,13.59,7800,11.693422
2012-04-26,13.56,13.62,13.50,13.60,3400,11.702027
2012-04-25,13.43,13.61,13.43,13.52,17000,11.633191
2012-04-24,13.54,13.75,13.24,13.39,12000,11.521334
2012-04-23,13.33,13.40,13.22,13.40,15200,11.529937
2012-04-20,13.47,13.51,13.17,13.34,60800,11.478311
2012-04-19,13.55,13.67,13.26,13.35,20200,11.486916
2012-04-18,13.81,13.81,13.58,13.58,27600,11.684817
2012-04-17,13.85,13.85,13.70,13.71,10800,11.796675
2012-04-16,13.70,13.92,13.61,13.63,19400,11.72784
2012-04-13,13.81,13.81,13.60,13.79,4600,11.865511
2012-04-12,13.47,13.75,13.46,13.71,8100,11.796675
2012-04-11,13.93,14.02,13.39,13.42,10200,11.547147
2012-04-10,13.98,13.98,13.71,13.72,23800,11.80528
2012-04-09,13.92,14.07,13.64,14.03,50100,12.072017
2012-04-05,13.55,13.64,13.39,13.53,20600,11.641795
2012-04-04,13.54,13.54,13.32,13.51,18200,11.624587
2012-04-03,13.54,13.54,13.37,13.54,29900,11.6504
2012-04-02,13.43,13.54,13.32,13.50,11300,11.615982
2012-03-30,13.37,13.56,13.26,13.44,42600,11.564355
2012-03-29,13.25,13.50,13.15,13.25,61000,11.400871
2012-03-28,13.10,13.20,13.03,13.15,21300,11.314827
2012-03-27,13.46,13.46,12.79,13.02,71900,11.20297
2012-03-26,13.55,13.74,13.47,13.53,38700,11.641795
2012-03-23,13.44,13.54,13.44,13.47,13300,11.590169
2012-03-22,13.51,13.55,13.45,13.48,20200,11.598773
2012-03-21,13.49,13.57,13.36,13.48,30900,11.598773
2012-03-20,13.80,13.80,13.54,13.55,18800,11.659004
2012-03-19,14.18,14.18,13.85,13.86,56900,11.925741
2012-03-16,14.46,14.50,14.26,14.29,101600,12.295732
2012-03-15,15.38,15.72,15.26,15.67,114800,12.424799
2012-03-14,15.36,15.50,15.24,15.38,71200,12.194857
2012-03-13,15.11,15.39,15.05,15.24,70000,12.08385
2012-03-12,14.82,15.10,14.74,15.10,45000,11.972844
2012-03-09,14.66,14.89,14.60,14.71,21700,11.663611
2012-03-08,14.78,14.79,14.60,14.70,23800,11.655682
2012-03-07,14.64,14.73,14.57,14.69,24000,11.647753
2012-03-06,14.56,14.64,14.50,14.50,47000,11.497101
2012-03-05,14.85,14.89,14.62,14.71,44100,11.663611
2012-03-02,14.75,14.75,14.44,14.44,19400,11.449527
2012-03-01,14.40,15.13,14.40,14.68,65500,11.639824
2012-02-29,14.00,14.32,13.89,14.25,85700,11.298875
2012-02-28,13.69,13.77,13.64,13.74,17600,10.894494
2012-02-27,13.65,13.85,13.56,13.82,25000,10.957927
2012-02-24,13.83,13.89,13.69,13.85,28700,10.981714
2012-02-23,13.50,13.78,13.48,13.63,54100,10.807275
2012-02-22,13.55,13.69,13.45,13.47,25400,10.680411
2012-02-21,13.39,13.39,13.04,13.18,18300,10.450469
2012-02-17,13.85,13.85,13.45,13.50,81100,10.704198
2012-02-16,13.85,13.99,13.59,13.61,8900,10.791417
2012-02-15,13.86,14.01,13.71,13.71,9600,10.870708
2012-02-14,13.80,13.89,13.73,13.87,37500,10.997572
2012-02-13,13.75,13.85,13.48,13.55,89200,10.743843
2012-02-10,13.81,13.98,13.65,13.71,5800,10.870708
2012-02-09,13.76,13.98,13.76,13.76,7900,10.910353
2012-02-08,13.93,13.97,13.79,13.80,5100,10.942069
2012-02-07,13.99,14.00,13.76,13.79,12800,10.93414
2012-02-06,13.61,13.86,13.60,13.80,3600,10.942069
2012-02-03,13.48,13.99,13.48,13.72,24300,10.878637
2012-02-02,13.31,13.44,13.30,13.43,12100,10.648695
2012-02-01,13.15,13.40,13.15,13.35,6300,10.585263
2012-01-31,13.22,13.22,12.97,13.13,9000,10.410824
2012-01-30,13.17,13.30,13.07,13.20,7000,10.466327
2012-01-27,13.41,13.56,13.37,13.37,17600,10.60112
2012-01-26,13.15,13.48,13.12,13.45,14800,10.664552
2012-01-25,13.35,13.60,13.18,13.38,18900,10.609049
2012-01-24,13.54,13.65,13.26,13.42,8600,10.640766
2012-01-23,13.85,13.87,13.70,13.78,9300,10.926211
2012-01-20,14.00,14.08,14.00,14.00,1900,11.10065
2012-01-19,13.91,14.07,13.90,13.95,10900,11.061004
2012-01-18,13.59,14.18,13.59,14.18,18600,11.243372
2012-01-17,13.52,13.93,13.52,13.71,48000,10.870708
2012-01-13,14.04,14.05,13.87,13.89,8800,11.01343
2012-01-12,13.91,14.05,13.86,14.00,6400,11.10065
2012-01-11,14.18,14.28,14.09,14.22,5500,11.275089
2012-01-10,14.44,14.50,14.26,14.45,8200,11.457456
2012-01-09,13.91,14.26,13.91,14.23,10200,11.283017
2012-01-06,14.16,14.28,14.10,14.17,2800,11.235443
2012-01-05,13.97,14.19,13.85,14.07,4100,11.156153
2012-01-04,13.98,14.19,13.77,14.13,35400,11.203727
2012-01-03,13.87,14.00,13.60,13.77,7200,10.918282
2011-12-30,13.77,13.77,13.51,13.66,4600,10.831062
2011-12-29,13.92,13.92,13.48,13.70,13100,10.862778
2011-12-28,13.85,13.99,13.69,13.81,4100,10.949998
2011-12-27,13.83,13.95,13.64,13.79,8200,10.93414
2011-12-23,13.71,14.00,13.71,13.95,10400,11.061004
2011-12-22,13.60,13.82,13.59,13.74,8900,10.894494
2011-12-21,13.39,13.60,13.20,13.57,11900,10.759701
2011-12-20,13.34,13.46,13.21,13.26,10700,10.513901
2011-12-19,13.16,13.38,13.10,13.29,7100,10.537688
2011-12-16,13.08,13.09,12.37,13.03,11600,10.331533
2011-12-15,13.00,13.28,12.92,12.97,15700,10.283959
2011-12-14,12.89,13.00,12.66,12.94,14500,10.260172
2011-12-13,12.61,12.78,12.50,12.78,8700,10.133307
2011-12-12,12.67,12.87,12.58,12.73,6300,10.093662
2011-12-09,12.45,12.70,12.45,12.67,5800,10.046088
2011-12-08,12.53,12.59,12.22,12.23,6400,9.69721
2011-12-07,13.49,13.49,12.69,12.91,8800,10.236385
2011-12-06,12.66,12.85,12.65,12.82,9300,10.165023
2011-12-05,12.76,12.81,12.60,12.80,11500,10.149165
2011-12-02,12.69,12.87,12.60,12.76,4300,10.117449
2011-12-01,12.68,12.79,12.38,12.50,7700,9.911294
2011-11-30,12.66,12.93,12.59,12.74,21100,10.101591
2011-11-29,12.53,12.59,12.41,12.41,16300,9.839933
2011-11-28,12.00,12.73,11.77,12.50,19700,9.911294
2011-11-25,12.10,12.10,11.76,11.76,9500,9.324546
2011-11-23,12.30,12.37,12.25,12.26,1600,9.720998
2011-11-22,12.75,12.76,12.33,12.53,18400,9.935081
2011-11-21,12.68,12.99,12.53,12.71,8600,10.077804
2011-11-18,13.01,13.26,12.97,13.08,4100,10.371178
2011-11-17,12.72,13.26,12.72,13.01,5200,10.315675
2011-11-16,12.49,13.23,12.49,12.90,12800,10.228455
2011-11-15,12.50,12.67,12.41,12.60,17900,9.990585
2011-11-14,12.69,12.73,12.54,12.72,7300,10.085733
2011-11-11,12.90,12.99,12.70,12.73,15600,10.093662
2011-11-10,12.77,12.85,12.56,12.66,7600,10.038159
2011-11-09,12.71,12.99,12.59,12.73,15800,10.093662
2011-11-08,12.86,13.22,12.75,13.05,10900,10.347391
2011-11-07,12.98,13.04,12.75,12.82,4000,10.165023
2011-11-04,13.06,13.26,13.00,13.24,2500,10.498043
2011-11-03,12.83,13.69,12.76,13.05,11100,10.347391
2011-11-02,12.78,12.80,12.72,12.75,8800,10.10952
2011-11-01,13.16,13.30,12.65,12.80,23000,10.149165
2011-10-31,13.44,13.44,13.14,13.31,9100,10.553546
2011-10-28,13.56,13.56,13.28,13.45,15900,10.664552
2011-10-27,12.63,13.61,12.63,13.61,31200,10.791417
2011-10-26,12.46,12.46,12.17,12.39,17400,9.824075
2011-10-25,12.70,12.75,12.06,12.25,40800,9.713068
2011-10-24,12.80,12.86,12.54,12.82,24100,10.165023
2011-10-21,12.99,13.00,12.74,12.90,39900,10.228455
2011-10-20,12.95,12.97,12.88,12.88,2000,10.212598
2011-10-19,13.00,13.15,12.93,12.95,1300,10.268101
2011-10-18,12.82,13.31,12.82,12.92,4500,10.244314
2011-10-17,12.82,12.99,12.80,12.93,8100,10.252243
2011-10-14,12.40,12.60,12.37,12.55,5200,9.95094
2011-10-13,12.38,12.42,12.35,12.42,3000,9.847862
2011-10-12,12.36,12.50,12.36,12.49,13000,9.903365
2011-10-11,12.29,12.50,12.16,12.35,6200,9.792359
2011-10-10,12.28,12.50,12.15,12.32,10300,9.768571
2011-10-07,11.91,12.24,11.90,12.04,3800,9.546559
2011-10-06,11.88,11.91,11.70,11.74,3200,9.308687
2011-10-05,11.83,12.07,11.72,11.80,6000,9.356262
2011-10-04,11.53,11.82,11.48,11.72,6100,9.29283
2011-10-03,11.58,11.89,11.38,11.70,15700,9.276971
2011-09-30,11.90,12.00,11.62,11.65,2500,9.237326
2011-09-29,12.03,12.07,11.95,11.96,13400,9.483126
2011-09-28,12.30,12.30,11.56,11.92,7100,9.45141
2011-09-27,12.00,12.22,11.86,12.22,4000,9.689282
2011-09-26,11.63,11.85,11.46,11.65,20000,9.237326
2011-09-23,11.74,11.94,11.50,11.70,16500,9.276971
2011-09-22,11.72,11.83,11.65,11.65,8300,9.237326
2011-09-21,12.26,12.48,12.12,12.13,7000,9.61792
2011-09-20,12.20,12.49,12.06,12.25,6300,9.713068
2011-09-19,12.26,12.50,12.26,12.34,5100,9.78443
2011-09-16,12.50,12.50,12.40,12.48,1300,9.895436
2011-09-15,12.40,12.50,12.23,12.45,39900,9.871649
2011-09-14,11.64,12.00,11.57,11.87,18300,9.411765
2011-09-13,11.39,11.88,11.39,11.87,16600,9.411765
2011-09-12,11.50,12.16,11.27,11.70,36500,9.276971
2011-09-09,12.72,12.72,12.29,12.41,5900,9.839933
2011-09-08,12.77,12.91,12.58,12.82,10400,10.165023
2011-09-07,12.60,13.00,12.60,12.93,25200,10.252243
2011-09-06,12.22,12.51,12.22,12.36,21500,9.800288
2011-09-02,13.35,13.35,12.91,13.00,19100,10.307746
2011-09-01,13.23,13.52,13.17,13.39,19700,10.616979
2011-08-31,12.50,13.00,12.50,13.00,8700,10.307746
2011-08-30,12.59,12.59,12.33,12.50,4300,9.911294
2011-08-29,12.30,12.59,12.30,12.52,11800,9.927153
2011-08-26,12.38,12.40,11.95,12.26,6700,9.720998
2011-08-25,12.39,12.39,12.06,12.22,4000,9.689282
2011-08-24,12.24,12.64,11.78,12.35,26500,9.792359
2011-08-23,12.25,12.38,12.12,12.27,9900,9.728927
2011-08-22,12.09,12.13,11.57,11.97,36400,9.491056
2011-08-19,11.75,12.14,11.61,11.70,34000,9.276971
2011-08-18,11.88,12.06,11.62,11.84,28100,9.387978
2011-08-17,12.20,12.44,12.00,12.25,37300,9.713068
2011-08-16,12.34,12.40,12.10,12.25,35900,9.713068
2011-08-15,12.36,12.54,12.28,12.49,35800,9.903365
2011-08-12,12.51,12.55,12.17,12.34,22700,9.78443
2011-08-11,12.29,12.92,12.28,12.68,31200,10.054017
2011-08-10,12.44,12.50,12.21,12.37,26100,9.808217
2011-08-09,12.56,13.00,12.56,12.98,56500,10.291888
2011-08-08,12.52,12.75,12.37,12.55,122700,9.95094
2011-08-05,13.17,13.21,12.85,13.01,62700,10.315675
2011-08-04,13.41,13.60,13.25,13.27,40400,10.52183
2011-08-03,13.35,13.60,13.32,13.46,17100,10.672482
2011-08-02,13.49,13.68,13.37,13.42,43700,10.640766
2011-08-01,13.73,13.82,13.55,13.61,11000,10.791417
2011-07-29,13.58,13.74,13.50,13.59,14700,10.775559
2011-07-28,13.88,13.99,13.56,13.62,15700,10.799346
2011-07-27,14.01,14.01,13.89,13.96,28100,11.068933
2011-07-26,14.15,14.15,14.05,14.11,12500,11.187869
2011-07-25,14.10,14.28,14.10,14.16,10000,11.227514
2011-07-22,14.10,14.42,14.10,14.38,8400,11.401953
2011-07-21,14.13,14.32,14.13,14.15,16700,11.219585
2011-07-20,14.25,14.36,14.20,14.20,5000,11.25923
2011-07-19,14.17,14.37,14.17,14.28,5500,11.322662
2011-07-18,14.16,14.16,13.96,14.15,25400,11.219585
2011-07-15,14.10,14.40,14.00,14.13,30100,11.203727
2011-07-14,14.01,14.23,13.99,13.99,7800,11.09272
2011-07-13,14.20,14.21,13.97,13.97,21200,11.076863
2011-07-12,14.25,14.25,14.06,14.16,5300,11.227514
2011-07-11,14.21,14.42,14.20,14.20,12000,11.25923
2011-07-08,14.70,14.78,14.52,14.72,14500,11.67154
2011-07-07,14.51,14.86,14.44,14.82,12300,11.75083
2011-07-06,14.37,14.37,14.17,14.27,10900,11.314734
2011-07-05,14.17,14.35,14.04,14.35,9300,11.378166
2011-07-01,14.02,14.35,14.02,14.26,8600,11.306805
2011-06-30,14.18,14.29,13.51,14.09,39000,11.172011
2011-06-29,14.30,14.30,14.15,14.22,4400,11.275089
2011-06-28,14.11,14.24,14.06,14.19,4600,11.251301
2011-06-27,13.90,14.26,13.90,14.06,4800,11.148224
2011-06-24,13.65,14.00,13.65,13.82,61600,10.957927
2011-06-23,13.44,13.80,13.26,13.80,20700,10.942069
2011-06-22,13.71,13.97,13.71,13.77,22400,10.918282
2011-06-21,13.88,14.00,13.77,13.92,23900,11.037217
2011-06-20,14.13,14.27,14.02,14.20,23100,11.25923
2011-06-17,14.36,14.73,14.36,14.40,12000,11.417811
2011-06-16,14.45,14.51,14.32,14.36,17200,11.386095
2011-06-15,14.60,15.05,14.36,14.69,27800,11.647753
2011-06-14,14.34,14.92,14.34,14.67,10300,11.631895
2011-06-13,14.75,14.80,14.30,14.30,37500,11.338521
2011-06-10,15.05,15.25,14.87,14.92,21000,11.830121
2011-06-09,14.96,15.17,14.96,15.17,11400,12.028347
2011-06-08,15.17,15.22,14.90,15.07,22700,11.949056
2011-06-07,15.02,15.44,15.02,15.16,11000,12.020418
2011-06-06,15.33,15.33,15.02,15.15,16100,12.012488
2011-06-03,15.19,15.20,15.03,15.15,9900,12.012488
2011-06-02,15.03,15.33,15.03,15.28,10400,12.115566
2011-06-01,15.01,15.35,15.01,15.14,43200,12.00456
2011-05-31,15.12,15.17,14.79,15.06,33600,11.941128
2011-05-27,15.20,15.36,15.20,15.33,17700,12.155211
2011-05-26,15.05,15.23,15.01,15.20,17000,12.052134
2011-05-25,14.95,15.33,14.95,15.22,21400,12.067992
2011-05-24,15.39,15.41,15.13,15.34,13000,12.16314
2011-05-23,15.01,15.31,15.01,15.31,17100,12.139354
2011-05-20,15.29,15.29,15.10,15.21,16800,12.060063
2011-05-19,15.29,15.48,15.15,15.48,36000,12.274146
2011-05-18,14.77,15.28,14.77,15.25,49100,12.091779
2011-05-17,15.00,15.13,14.80,14.80,21700,11.734973
2011-05-16,15.00,15.19,15.00,15.01,22000,11.901482
2011-05-13,15.17,15.37,15.15,15.30,23600,12.131424
2011-05-12,14.99,15.29,14.95,15.20,5400,12.052134
2011-05-11,15.30,15.30,15.03,15.17,11200,12.028347
2011-05-10,15.41,15.52,15.41,15.45,4100,12.25036
2011-05-09,15.40,15.54,15.40,15.46,16200,12.258289
2011-05-06,15.63,15.63,15.16,15.39,25000,12.202786
2011-05-05,15.28,15.72,15.22,15.64,25300,12.401012
2011-05-04,15.96,15.97,15.20,15.61,16000,12.377224
2011-05-03,16.290001,16.290001,16.00,16.120001,33800,12.781606
2011-05-02,16.34,16.370001,16.15,16.27,63600,12.900541
2011-04-29,16.10,16.309999,16.09,16.26,17000,12.892612
2011-04-28,15.72,16.219999,15.72,16.219999,46800,12.860895
2011-04-27,15.95,15.95,15.56,15.82,8300,12.543734
2011-04-26,15.74,15.97,15.71,15.95,15900,12.646811
2011-04-25,15.79,15.79,15.54,15.74,13700,12.480302
2011-04-21,15.80,15.80,15.64,15.69,3500,12.440656
2011-04-20,15.61,15.80,15.54,15.80,23300,12.527876
2011-04-19,15.50,15.65,15.47,15.50,27100,12.290005
2011-04-18,15.21,15.58,15.21,15.50,49300,12.290005
2011-04-15,15.50,15.56,15.36,15.56,25700,12.337579
2011-04-14,15.10,15.54,15.10,15.54,14700,12.321721
2011-04-13,15.16,15.23,15.09,15.15,9100,12.012488
2011-04-12,14.97,15.20,14.85,15.11,32200,11.980772
2011-04-11,15.23,15.30,15.12,15.30,10500,12.131424
2011-04-08,15.23,15.29,15.20,15.23,13300,12.075921
2011-04-07,15.11,15.28,15.11,15.27,13200,12.107637
2011-04-06,15.21,15.21,14.97,15.10,10100,11.972844
2011-04-05,15.10,15.39,15.00,15.39,6300,12.202786
2011-04-04,15.39,15.39,14.92,15.19,23800,12.044204
2011-04-01,15.01,15.07,14.89,14.91,6500,11.822192
2011-03-31,15.12,15.20,14.95,15.00,14000,11.893553
2011-03-30,15.20,15.21,14.86,15.05,15600,11.933198
2011-03-29,15.05,15.23,14.87,14.90,41900,11.814262
2011-03-28,15.06,15.39,14.94,15.13,28800,11.996631
2011-03-25,14.83,15.10,14.73,14.87,17500,11.790476
2011-03-24,15.32,15.32,14.64,14.84,46100,11.766689
2011-03-23,15.40,15.50,15.30,15.32,7100,12.147282
2011-03-22,15.52,15.61,15.35,15.41,21200,12.218643
2011-03-21,15.20,15.59,15.20,15.41,71600,12.218643
2011-03-18,16.450001,16.50,15.56,16.40,68900,12.210714
2011-03-17,15.85,16.43,15.84,16.110001,46700,11.994794
2011-03-16,15.54,15.94,15.42,15.51,26200,11.54806
2011-03-15,15.43,15.72,15.26,15.39,58700,11.458714
2011-03-14,16.01,16.129999,15.91,16.059999,18700,11.957565
2011-03-11,15.83,16.219999,15.80,16.15,26000,12.024575
2011-03-10,16.700001,16.719999,16.360001,16.40,33900,12.210714
2011-03-09,16.75,16.959999,16.700001,16.700001,35600,12.434082
2011-03-08,16.639999,16.83,16.57,16.75,9700,12.471309
2011-03-07,16.629999,16.65,16.530001,16.540001,8300,12.314953
2011-03-04,16.469999,16.58,16.219999,16.50,11400,12.28517
2011-03-03,16.48,16.58,16.290001,16.379999,29300,12.195823
2011-03-02,15.97,16.23,15.95,16.16,30000,12.032021
2011-03-01,15.99,16.00,15.81,15.94,39100,11.868219
2011-02-28,15.85,15.98,15.57,15.95,19600,11.875664
2011-02-25,15.72,16.01,15.72,15.85,19100,11.801209
2011-02-24,15.62,15.81,15.56,15.60,6100,11.61507
2011-02-23,15.77,15.83,15.66,15.69,11300,11.68208
2011-02-22,15.90,15.97,15.75,15.77,40600,11.741645
2011-02-18,16.50,16.620001,16.360001,16.40,26600,12.210714
2011-02-17,16.790001,16.790001,16.48,16.559999,15300,12.329843
2011-02-16,17.02,17.02,16.549999,16.65,27900,12.396853
2011-02-15,16.24,16.48,16.049999,16.299999,22000,12.136259
2011-02-14,16.10,16.49,16.10,16.18,35100,12.046913
2011-02-11,16.059999,16.280001,16.01,16.110001,35900,11.994794
2011-02-10,15.71,16.16,15.65,16.120001,18000,12.00224
2011-02-09,16.43,16.43,16.040001,16.219999,27100,12.076694
2011-02-08,16.389999,16.540001,16.25,16.50,32900,12.28517
2011-02-07,15.78,16.290001,15.78,16.08,30700,11.972457
2011-02-04,15.86,15.86,15.60,15.60,19700,11.61507
2011-02-03,15.65,15.90,15.59,15.77,15800,11.741645
2011-02-02,15.73,15.85,15.48,15.78,12700,11.74909
2011-02-01,15.50,15.80,15.42,15.68,32500,11.674635
2011-01-31,15.70,15.70,15.06,15.56,54700,11.585288
2011-01-28,16.950001,16.950001,16.200001,16.40,23500,12.210714
2011-01-27,16.84,17.16,16.66,17.01,43100,12.664894
2011-01-26,17.200001,17.200001,16.809999,16.90,35000,12.582992
2011-01-25,17.49,17.530001,17.00,17.110001,23400,12.73935
2011-01-24,17.719999,17.74,17.379999,17.629999,18500,13.126518
2011-01-21,17.75,17.879999,17.709999,17.719999,13700,13.193528
2011-01-20,18.129999,18.129999,17.75,17.77,15800,13.230756
2011-01-19,18.58,18.58,18.15,18.18,30700,13.536024
2011-01-18,18.209999,18.51,18.129999,18.299999,25500,13.62537
2011-01-14,18.209999,18.35,18.00,18.08,32200,13.461568
2011-01-13,18.030001,18.200001,17.879999,18.18,14100,13.536024
2011-01-12,18.01,18.02,17.940001,17.969999,17300,13.379667
2011-01-11,17.83,18.00,17.75,17.940001,7800,13.357331
2011-01-10,17.77,17.879999,17.559999,17.74,9200,13.208419
2011-01-07,18.120001,18.120001,17.76,17.870001,11700,13.305212
2011-01-06,18.200001,18.200001,17.950001,17.98,8000,13.387112
2011-01-05,18.09,18.200001,18.02,18.110001,22700,13.483905
2011-01-04,18.030001,18.139999,17.92,17.92,36900,13.342439
2011-01-03,17.610001,18.02,17.610001,17.799999,17200,13.253092
2010-12-31,17.48,17.540001,17.32,17.49,5600,13.02228
2010-12-30,17.360001,17.60,17.360001,17.379999,7800,12.940379
2010-12-29,17.50,17.559999,17.299999,17.389999,8200,12.947824
2010-12-28,17.50,17.799999,17.290001,17.530001,21100,13.052063
2010-12-27,17.059999,17.290001,16.799999,17.26,6500,12.851033
2010-12-23,17.10,17.15,16.969999,17.040001,10500,12.687231
2010-12-22,17.360001,17.50,17.26,17.26,20300,12.851033
2010-12-21,17.40,17.60,17.35,17.50,13000,13.029726
2010-12-20,17.40,17.40,17.129999,17.25,26300,12.843587
2010-12-17,17.24,17.440001,17.24,17.34,25000,12.910597
2010-12-16,17.040001,17.290001,16.93,17.16,15800,12.776577
2010-12-15,17.51,17.68,17.35,17.35,25100,12.918043
2010-12-14,17.01,17.549999,16.809999,17.440001,25100,12.985053
2010-12-13,17.389999,17.469999,16.99,17.030001,23100,12.679785
2010-12-10,16.379999,16.629999,16.24,16.52,22500,12.300062
2010-12-09,16.25,16.41,16.040001,16.209999,15300,12.069248
2010-12-08,16.17,16.23,15.96,16.129999,13700,12.009684
2010-12-07,16.440001,16.50,16.139999,16.17,9700,12.039467
2010-12-06,16.27,16.389999,16.01,16.25,23300,12.099031
2010-12-03,16.059999,16.34,16.030001,16.07,10300,11.965011
2010-12-02,16.00,16.35,15.91,16.23,20200,12.08414
2010-12-01,15.89,15.89,15.52,15.77,28400,11.741645
2010-11-30,15.10,15.55,15.10,15.39,64000,11.458714
2010-11-29,15.16,15.41,15.05,15.20,60600,11.317248
2010-11-26,15.54,15.63,15.50,15.60,2700,11.61507
2010-11-24,15.21,15.71,15.21,15.55,12300,11.577842
2010-11-23,15.05,15.18,14.90,15.15,36200,11.28002
2010-11-22,15.54,15.91,15.13,15.70,36400,11.689525
2010-11-19,15.95,15.95,15.75,15.79,23800,11.756536
2010-11-18,15.85,16.040001,15.81,15.82,10300,11.778872
2010-11-17,15.20,15.34,15.20,15.33,14900,11.41404
2010-11-16,15.01,15.26,15.01,15.16,31900,11.287465
2010-11-15,15.25,15.47,15.25,15.38,10200,11.451268
2010-11-12,15.50,15.70,15.30,15.38,17800,11.451268
2010-11-11,15.55,15.82,15.51,15.54,11800,11.570397
2010-11-10,15.90,16.25,15.60,16.09,30300,11.979902
2010-11-09,16.190001,16.190001,15.91,16.00,5200,11.912892
2010-11-08,16.07,16.129999,15.91,16.120001,9400,12.00224
2010-11-05,16.15,16.15,15.80,16.07,12000,11.965011
2010-11-04,16.35,16.35,16.01,16.07,18000,11.965011
2010-11-03,15.90,15.99,15.80,15.82,15400,11.778872
2010-11-02,15.72,15.80,15.62,15.66,5300,11.659743
2010-11-01,15.65,15.86,15.52,15.55,16100,11.577842
2010-10-29,15.48,15.66,15.31,15.55,17800,11.577842
2010-10-28,15.13,15.63,15.13,15.48,19200,11.525723
2010-10-27,15.20,15.20,15.00,15.01,9600,11.175782
2010-10-26,15.36,15.50,15.20,15.20,7100,11.317248
2010-10-25,15.53,15.86,15.51,15.51,9100,11.54806
2010-10-22,15.35,15.38,15.26,15.26,9400,11.361921
2010-10-21,15.25,15.33,15.25,15.32,8900,11.406594
2010-10-20,15.10,15.32,15.10,15.25,6500,11.354476
2010-10-19,15.25,15.26,14.96,15.10,31100,11.242792
2010-10-18,15.01,15.40,15.01,15.40,15100,11.466159
2010-10-15,15.59,15.59,15.25,15.46,18000,11.510832
2010-10-14,15.05,15.24,14.92,15.22,12000,11.332139
2010-10-13,15.03,15.05,14.69,15.05,13300,11.205565
2010-10-12,14.85,14.90,14.67,14.75,28100,10.982198
2010-10-11,15.06,15.15,14.90,15.06,7200,11.21301
2010-10-08,14.73,14.73,14.50,14.57,4100,10.848177
2010-10-07,14.81,14.81,14.59,14.67,14300,10.922633
2010-10-06,14.80,14.95,14.61,14.82,12700,11.034316
2010-10-05,14.63,14.86,14.61,14.65,36600,10.907742
2010-10-04,14.51,14.51,14.33,14.49,8000,10.788613
2010-10-01,14.39,14.41,14.31,14.39,9300,10.714158
2010-09-30,14.39,14.67,14.36,14.40,12800,10.721603
2010-09-29,14.18,14.45,14.18,14.39,12000,10.714158
2010-09-28,14.29,14.36,14.22,14.34,16000,10.67693
2010-09-27,14.39,14.40,14.22,14.29,9800,10.639702
2010-09-24,14.82,14.85,14.61,14.61,17200,10.87796
2010-09-23,14.74,14.76,14.53,14.56,4500,10.840732
2010-09-22,14.81,14.89,14.53,14.65,5200,10.907742
2010-09-21,14.70,14.81,14.60,14.66,5200,10.915187
2010-09-20,14.44,14.80,14.44,14.79,15600,11.01198
2010-09-17,14.33,14.37,14.12,14.37,6900,10.699266
2010-09-16,14.26,14.36,14.12,14.30,14000,10.647148
2010-09-15,13.86,14.14,13.85,14.14,9200,10.528019
2010-09-14,13.91,14.26,13.85,14.05,22700,10.461009
2010-09-13,14.33,14.34,14.00,14.27,30000,10.624811
2010-09-10,14.49,14.49,14.05,14.28,14300,10.632256
2010-09-09,14.25,14.38,14.00,14.34,11200,10.67693
2010-09-08,14.21,14.39,14.14,14.22,9800,10.587583
2010-09-07,14.17,14.40,14.05,14.12,30200,10.513127
2010-09-03,14.05,14.05,13.82,13.88,12000,10.334434
2010-09-02,13.75,13.77,13.54,13.65,8100,10.163186
2010-09-01,13.50,13.89,13.33,13.51,23600,10.058949
2010-08-31,13.57,13.63,13.41,13.45,9500,10.014275
2010-08-30,13.67,13.75,13.56,13.63,7700,10.148295
2010-08-27,13.41,13.41,13.07,13.34,11500,9.932374
2010-08-26,13.18,13.30,13.18,13.19,9300,9.82069
2010-08-25,13.05,13.35,13.05,13.22,10300,9.843027
2010-08-24,13.05,13.28,13.05,13.24,12400,9.857918
2010-08-23,13.30,13.45,13.02,13.02,12000,9.694116
2010-08-20,13.60,13.67,13.52,13.65,4800,10.163186
2010-08-19,13.87,13.87,13.46,13.55,7200,10.088731
2010-08-18,13.76,13.93,13.71,13.84,13000,10.304652
2010-08-17,13.50,13.92,13.50,13.71,10900,10.20786
2010-08-16,12.99,13.15,12.99,13.07,10000,9.731344
2010-08-13,13.06,13.15,12.80,13.06,6300,9.723899
2010-08-12,13.10,13.16,12.90,13.00,15100,9.679225
2010-08-11,13.40,13.40,13.03,13.04,67200,9.709007
2010-08-10,13.44,13.47,13.18,13.45,16900,10.014275
2010-08-09,13.61,14.00,13.50,13.65,18600,10.163186
2010-08-06,13.60,13.71,13.40,13.66,3900,10.170632
2010-08-05,13.65,13.90,13.41,13.69,18400,10.192968
2010-08-04,13.60,13.79,13.40,13.57,39800,10.103622
2010-08-03,13.56,14.01,13.51,13.60,20800,10.125959
2010-08-02,14.20,14.37,14.01,14.06,43400,10.468454
2010-07-30,13.96,14.47,13.84,14.44,46800,10.751385
2010-07-29,14.00,14.23,13.90,13.90,13500,10.349325
2010-07-28,14.04,14.13,13.88,13.97,20400,10.401444
2010-07-27,13.75,14.02,13.71,13.97,22700,10.401444
2010-07-26,13.70,13.88,13.58,13.87,19600,10.326988
2010-07-23,13.70,13.87,13.70,13.70,11400,10.200414
2010-07-22,13.98,13.98,13.70,13.70,19300,10.200414
2010-07-21,14.05,14.05,13.75,13.79,13800,10.267424
2010-07-20,14.00,14.09,13.86,13.97,13800,10.401444
2010-07-19,13.94,14.09,13.75,14.09,26500,10.490791
2010-07-16,14.93,15.01,14.86,14.91,5500,11.101326
2010-07-15,15.02,15.19,15.02,15.19,5200,11.309802
2010-07-14,15.32,15.40,15.19,15.22,8400,11.332139
2010-07-13,15.05,15.30,15.00,15.23,10600,11.339584
2010-07-12,15.00,15.05,14.89,14.90,4500,11.093881
2010-07-09,14.74,15.02,14.74,15.02,10300,11.183228
2010-07-08,14.91,15.00,14.79,14.87,4300,11.071544
2010-07-07,14.90,15.07,14.77,15.05,8900,11.205565
2010-07-06,15.24,15.41,14.98,14.98,13000,11.153445
2010-07-02,14.70,14.84,14.65,14.83,8400,11.041762
2010-07-01,15.24,15.26,14.41,14.70,31800,10.94497
2010-06-30,15.77,15.77,15.00,15.08,62600,11.227901
2010-06-29,15.85,15.94,15.62,15.77,39500,11.741645
2010-06-28,15.85,16.120001,15.81,16.10,13400,11.987348
2010-06-25,15.82,16.02,15.75,15.92,12600,11.853328
2010-06-24,15.90,16.01,15.80,15.82,18600,11.778872
2010-06-23,16.07,16.07,15.85,15.86,36900,11.808654
2010-06-22,16.200001,16.25,16.00,16.040001,85700,11.942675
2010-06-21,15.98,15.98,15.50,15.59,20500,11.607625
2010-06-18,15.79,15.95,15.73,15.86,14500,11.808654
2010-06-17,15.95,15.95,15.71,15.78,19200,11.74909
2010-06-16,15.97,15.97,15.74,15.85,33500,11.801209
2010-06-15,15.18,15.70,15.18,15.70,15900,11.689525
2010-06-14,15.21,15.78,15.00,15.12,21500,11.257683
2010-06-11,14.52,14.99,14.52,14.78,15700,11.004534
2010-06-10,14.63,14.66,14.35,14.58,15500,10.855623
2010-06-09,14.25,14.50,14.21,14.42,22100,10.736494
2010-06-08,14.50,14.65,14.10,14.39,35400,10.714158
2010-06-07,14.97,14.97,14.50,14.57,33100,10.848177
2010-06-04,14.92,15.04,14.75,14.93,16600,11.116218
2010-06-03,15.22,15.43,15.00,15.09,38900,11.235347
2010-06-02,15.15,15.35,14.94,15.35,52000,11.428931
2010-06-01,14.61,14.96,14.48,14.62,41700,10.885405
2010-05-28,14.15,14.15,13.81,14.02,23500,10.438672
2010-05-27,13.94,14.27,13.68,14.10,36900,10.498237
2010-05-26,13.59,13.87,13.34,13.37,79600,9.954711
2010-05-25,12.70,13.26,12.51,13.25,57600,9.865364
2010-05-24,13.42,13.45,13.06,13.25,24200,9.865364
2010-05-21,12.86,13.50,12.85,13.49,47600,10.044057
2010-05-20,13.45,13.51,13.00,13.27,50300,9.880255
2010-05-19,13.93,13.93,13.70,13.82,25400,10.289761
2010-05-18,14.54,14.54,14.02,14.04,17600,10.453563
2010-05-17,14.42,14.78,14.16,14.49,29800,10.788613
2010-05-14,14.73,14.93,14.50,14.84,47100,11.049208
2010-05-13,14.81,14.99,14.50,14.79,18700,11.01198
2010-05-12,14.82,15.12,14.56,15.02,21800,11.183228
2010-05-11,14.73,14.98,14.45,14.87,23400,11.071544
2010-05-10,14.70,15.11,14.53,15.11,43900,11.250237
2010-05-07,14.11,14.11,13.36,13.72,57500,10.215305
2010-05-06,14.62,14.68,13.35,13.98,56600,10.408889
2010-05-05,14.70,14.74,14.23,14.67,61500,10.922633
2010-05-04,15.07,15.07,14.75,15.00,14400,11.168337
2010-05-03,15.22,15.47,15.15,15.22,21700,11.332139
2010-04-30,15.11,15.20,14.90,14.91,16500,11.101326
2010-04-29,15.06,15.20,15.03,15.20,17400,11.317248
2010-04-28,15.25,15.27,14.74,15.04,28500,11.198119
2010-04-27,15.50,15.76,15.23,15.26,16900,11.361921
2010-04-26,15.55,15.75,15.55,15.70,18000,11.689525
2010-04-23,15.19,15.51,15.16,15.35,24700,11.428931
2010-04-22,15.10,15.21,15.01,15.21,17500,11.324693
2010-04-21,15.45,15.45,15.15,15.40,20400,11.466159
2010-04-20,15.31,15.41,15.31,15.41,9300,11.473604
2010-04-19,15.53,15.54,15.17,15.30,24600,11.391703
2010-04-16,15.72,15.72,15.50,15.51,20100,11.54806
2010-04-15,15.72,15.91,15.70,15.89,19300,11.830991
2010-04-14,16.00,16.10,15.60,16.059999,34200,11.957565
2010-04-13,15.80,15.87,15.56,15.75,29500,11.726753
2010-04-12,15.92,15.96,15.65,15.80,62000,11.763981
2010-04-09,15.75,15.81,15.51,15.72,22300,11.704417
2010-04-08,15.98,16.00,15.60,15.78,27700,11.74909
2010-04-07,16.030001,16.23,16.00,16.049999,24500,11.95012
2010-04-06,16.110001,16.25,16.030001,16.190001,137800,12.054358
2010-04-05,15.71,15.90,15.71,15.90,36000,11.838436
2010-04-01,15.75,15.85,15.54,15.71,29600,11.696971
2010-03-31,16.00,16.00,15.76,15.92,29000,11.853328
2010-03-30,16.200001,16.200001,16.00,16.049999,50000,11.95012
2010-03-29,16.00,16.25,15.90,16.00,114200,11.912892
2010-03-26,15.07,15.29,14.95,15.25,53100,11.354476
2010-03-25,14.99,15.02,14.79,14.93,37700,11.116218
2010-03-24,14.77,14.91,14.29,14.87,55400,11.071544
2010-03-23,14.38,14.86,14.38,14.81,42800,11.026871
2010-03-22,14.75,14.75,13.78,14.41,114400,10.729049
2010-03-19,15.26,15.44,14.78,15.26,166600,11.361921
2010-03-18,16.50,16.99,16.50,16.889999,127900,11.458713
2010-03-17,16.379999,16.58,16.25,16.50,75800,11.194125
2010-03-16,16.52,16.610001,15.50,16.200001,191200,10.990596
2010-03-15,16.25,16.559999,16.08,16.309999,109500,11.065222
2010-03-12,16.15,16.23,15.94,16.01,142900,10.861693
2010-03-11,16.25,16.25,16.00,16.00,108000,10.854909
2010-03-10,15.92,16.040001,15.92,16.00,42500,10.854909
2010-03-09,15.75,15.96,15.60,15.79,54400,10.712438
2010-03-08,15.80,15.80,15.51,15.75,49900,10.685301
2010-03-05,15.53,15.65,15.43,15.55,14900,10.549615
2010-03-04,15.44,15.44,15.28,15.40,21500,10.44785
2010-03-03,15.36,15.49,15.35,15.49,26900,10.508909
2010-03-02,15.44,15.44,15.22,15.39,25000,10.441066
2010-03-01,15.20,15.56,15.13,15.22,63100,10.325732
2010-02-26,15.46,15.60,15.42,15.42,19500,10.461419
2010-02-25,15.48,15.50,15.25,15.46,23400,10.488556
2010-02-24,15.55,15.69,15.52,15.69,25300,10.644595
2010-02-23,15.93,15.93,15.54,15.62,23600,10.597105
2010-02-22,15.83,16.09,15.71,15.76,88500,10.692085
2010-02-19,15.51,15.69,15.28,15.66,24600,10.624242
2010-02-18,15.60,15.64,15.41,15.49,66500,10.508909
2010-02-17,14.89,15.24,14.77,14.91,88400,10.115418
2010-02-16,14.28,14.65,14.28,14.39,26000,9.762634
2010-02-12,13.50,13.88,13.50,13.75,12500,9.328437
2010-02-11,13.46,13.52,13.44,13.49,5600,9.152045
2010-02-10,13.61,13.61,13.29,13.52,3200,9.172398
2010-02-09,13.56,13.79,13.49,13.56,6400,9.199536
2010-02-08,13.66,13.67,13.40,13.41,2800,9.09777
2010-02-05,13.29,13.44,13.29,13.44,6400,9.118123
2010-02-04,13.85,13.85,13.33,13.33,17500,9.043496
2010-02-03,13.81,13.99,13.78,13.99,10000,9.491261
2010-02-02,13.52,13.59,13.45,13.57,6300,9.206319
2010-02-01,13.00,13.27,13.00,13.27,15700,9.00279
2010-01-29,13.03,13.16,12.79,12.90,17700,8.75177
2010-01-28,13.42,13.42,12.99,12.99,21600,8.812829
2010-01-27,13.54,13.54,13.30,13.46,24700,9.131692
2010-01-26,13.73,13.87,13.66,13.75,15400,9.328437
2010-01-25,14.17,14.20,13.82,13.87,21400,9.409849
2010-01-22,14.54,14.61,14.27,14.30,12200,9.701575
2010-01-21,14.53,14.63,14.41,14.45,10800,9.80334
2010-01-20,14.63,14.66,14.30,14.37,20500,9.749065
2010-01-19,14.20,14.64,14.20,14.64,30400,9.932242
2010-01-15,13.86,13.86,13.50,13.80,24800,9.362359
2010-01-14,13.95,14.14,13.93,14.14,7700,9.593026
2010-01-13,14.02,14.09,13.82,14.08,23200,9.55232
2010-01-12,14.19,14.29,14.10,14.24,12600,9.660869
2010-01-11,14.00,14.34,13.99,14.34,37400,9.728712
2010-01-08,13.50,13.60,13.50,13.55,4200,9.192751
2010-01-07,13.54,13.73,13.41,13.66,9700,9.267378
2010-01-06,13.42,13.74,13.42,13.45,24300,9.124908
2010-01-05,13.20,13.49,13.20,13.49,15100,9.152045
2010-01-04,12.89,13.16,12.77,13.16,10800,8.928163
2009-12-31,13.06,13.06,12.79,12.82,15400,8.697496
2009-12-30,13.08,13.09,12.90,12.90,14200,8.75177
2009-12-29,13.24,13.24,13.10,13.15,11600,8.921378
2009-12-28,13.23,13.23,13.01,13.05,3700,8.853535
2009-12-24,13.09,13.25,13.09,13.24,2900,8.982437
2009-12-23,13.30,13.34,12.90,12.96,15700,8.792476
2009-12-22,13.00,13.35,13.00,13.35,16800,9.057065
2009-12-21,13.05,13.16,13.00,13.00,10400,8.819614
2009-12-18,13.15,13.20,13.02,13.06,9200,8.86032
2009-12-17,13.05,13.19,13.02,13.19,22300,8.948515
2009-12-16,13.17,13.25,13.08,13.09,16000,8.880672
2009-12-15,13.27,13.35,13.18,13.19,22300,8.948515
2009-12-14,13.31,13.57,13.31,13.44,32600,9.118123
2009-12-11,13.68,13.68,13.44,13.57,15100,9.206319
2009-12-10,13.01,13.64,12.89,13.60,27100,9.226673
2009-12-09,12.99,13.09,12.86,13.02,13400,8.833182
2009-12-08,12.87,12.87,12.67,12.70,12800,8.616084
2009-12-07,12.99,13.01,12.93,12.97,2500,8.799261
2009-12-04,13.07,13.16,12.93,12.93,11300,8.772123
2009-12-03,13.27,13.27,13.02,13.18,5900,8.941731
2009-12-02,13.19,13.50,13.19,13.28,5000,9.009574
2009-12-01,12.96,13.20,12.96,13.20,4900,8.9553
2009-11-30,12.98,12.99,12.88,12.92,5900,8.765339
2009-11-27,13.09,13.09,12.90,13.00,8000,8.819614
2009-11-25,13.31,13.46,13.25,13.28,14900,9.009574
2009-11-24,13.16,13.20,13.01,13.17,12200,8.934947
2009-11-23,13.16,13.36,13.09,13.36,11700,9.063849
2009-11-20,12.58,12.85,12.58,12.79,6300,8.677143
2009-11-19,12.98,12.98,12.78,12.87,18600,8.731417
2009-11-18,12.92,12.95,12.62,12.85,18900,8.717849
2009-11-17,12.85,13.34,12.77,13.19,26700,8.948515
2009-11-16,12.65,12.85,11.60,12.60,26000,8.548241
2009-11-13,12.38,12.65,12.37,12.65,7500,8.582162
2009-11-12,12.52,12.52,12.00,12.35,12200,8.378633
2009-11-11,12.90,12.90,12.56,12.69,12400,8.609299
2009-11-10,13.09,13.09,12.76,12.81,7700,8.690712
2009-11-09,13.00,13.13,12.76,13.13,25000,8.90781
2009-11-06,12.87,12.87,12.56,12.60,7100,8.548241
2009-11-05,12.49,13.00,12.34,13.00,48200,8.819614
2009-11-04,12.45,12.50,12.30,12.45,13800,8.446476
2009-11-03,12.02,12.25,12.01,12.24,66500,8.304005
2009-11-02,12.39,12.39,12.20,12.35,42300,8.378633
2009-10-30,12.28,12.44,12.25,12.36,20900,8.385417
2009-10-29,12.29,12.49,12.11,12.30,11600,8.344711
2009-10-28,12.21,12.38,12.07,12.19,16200,8.270083
2009-10-27,12.49,12.49,12.00,12.07,23400,8.188672
2009-10-26,12.66,12.66,12.15,12.50,22100,8.480398
2009-10-23,12.70,12.73,12.50,12.52,6300,8.493967
2009-10-22,12.62,12.70,12.45,12.70,15900,8.616084
2009-10-21,12.58,12.60,12.42,12.43,15200,8.432908
2009-10-20,12.61,12.75,12.34,12.60,44800,8.548241
2009-10-19,12.36,12.38,12.18,12.36,22500,8.385417
2009-10-16,12.09,12.36,12.01,12.01,12000,8.147966
2009-10-15,12.25,12.27,12.00,12.06,16600,8.181888
2009-10-14,12.30,12.47,12.21,12.47,21300,8.460045
2009-10-13,11.97,12.13,11.66,11.73,17900,7.958005
2009-10-12,11.65,11.99,11.47,11.99,70100,8.134397
2009-10-09,10.53,10.75,10.53,10.75,7500,7.293142
2009-10-08,10.56,10.73,10.45,10.73,16600,7.279573
2009-10-07,10.73,10.73,10.61,10.63,4400,7.21173
2009-10-06,10.49,10.71,10.49,10.64,7900,7.218515
2009-10-05,10.40,10.50,10.31,10.49,10800,7.11675
2009-10-02,10.17,10.20,10.11,10.11,11700,6.858945
2009-10-01,10.24,10.41,10.12,10.19,9200,6.91322
2009-09-30,10.50,10.50,10.20,10.32,63700,7.001416
2009-09-29,10.45,10.54,10.35,10.49,60700,7.11675
2009-09-28,9.85,10.12,9.68,10.05,15900,6.81824
2009-09-25,10.04,10.04,9.64,9.92,25200,6.730044
2009-09-24,9.87,10.20,9.84,10.20,43900,6.920004
2009-09-23,9.86,10.17,9.86,9.87,62800,6.696122
2009-09-22,9.74,9.80,9.55,9.73,9800,6.601141
2009-09-21,9.62,9.65,9.39,9.59,8500,6.506161
2009-09-18,9.52,9.60,9.32,9.58,30500,6.499377
2009-09-17,9.50,9.55,9.36,9.40,4300,6.377259
2009-09-16,9.40,9.47,9.32,9.47,21900,6.424749
2009-09-15,9.21,9.30,9.16,9.28,7700,6.295847
2009-09-14,9.18,9.30,9.18,9.24,28700,6.26871
2009-09-11,9.40,9.45,9.34,9.37,2900,6.356906
2009-09-10,9.31,9.43,9.31,9.35,9600,6.343338
2009-09-09,9.39,9.46,9.31,9.40,6300,6.377259
2009-09-08,9.30,9.66,9.30,9.48,19400,6.431533
2009-09-04,9.30,9.38,9.30,9.38,4000,6.36369
2009-09-03,9.25,9.28,9.13,9.19,2800,6.234788
2009-09-02,9.20,9.40,9.11,9.25,5000,6.275494
2009-09-01,9.36,9.44,9.21,9.22,13800,6.255141
2009-08-31,9.33,9.40,9.00,9.40,17800,6.377259
2009-08-28,9.50,9.59,9.41,9.52,17600,6.458671
2009-08-27,9.61,9.67,9.55,9.55,4500,6.479024
2009-08-26,9.59,9.77,9.50,9.66,15800,6.553651
2009-08-25,9.44,9.61,9.42,9.58,18300,6.499377
2009-08-24,9.56,9.63,9.40,9.43,19500,6.397612
2009-08-21,9.49,9.65,9.44,9.63,22900,6.533298
2009-08-20,9.44,9.50,9.36,9.44,6900,6.404396
2009-08-19,9.23,9.50,9.23,9.50,5000,6.445102
2009-08-18,9.20,9.30,9.19,9.30,23500,6.309416
2009-08-17,9.00,9.29,9.00,9.20,19400,6.241573
2009-08-14,9.00,9.15,9.00,9.14,17700,6.200867
2009-08-13,9.30,9.30,9.13,9.18,12200,6.228004
2009-08-12,9.14,9.19,8.75,9.06,58800,6.146592
2009-08-11,9.53,9.53,9.37,9.38,13700,6.36369
2009-08-10,9.70,9.72,9.50,9.70,19700,6.580788
2009-08-07,9.56,9.74,9.56,9.72,12400,6.594357
2009-08-06,9.60,9.77,9.44,9.56,6900,6.485808
2009-08-05,9.39,9.59,9.10,9.57,18100,6.492592
2009-08-04,9.60,9.60,9.30,9.39,23600,6.370475
2009-08-03,9.99,10.24,9.75,9.82,14500,6.6622
2009-07-31,9.75,9.85,9.75,9.80,10500,6.648632
2009-07-30,9.88,9.95,9.74,9.75,16500,6.61471
2009-07-29,10.04,10.04,9.81,9.84,8100,6.675769
2009-07-28,9.95,9.97,9.80,9.97,17900,6.763965
2009-07-27,9.93,9.98,9.78,9.98,110100,6.770749
2009-07-24,9.06,9.59,9.01,9.43,15400,6.397612
2009-07-23,9.22,9.33,9.08,9.26,24600,6.282279
2009-07-22,8.90,9.19,8.87,9.00,19300,6.105886
2009-07-21,8.94,9.10,8.85,8.88,13100,6.024475
2009-07-20,8.99,9.00,8.86,8.97,11900,6.085534
2009-07-17,8.85,8.88,8.75,8.80,11500,5.9702
2009-07-16,8.78,8.90,8.67,8.90,11700,6.038043
2009-07-15,8.51,8.95,8.51,8.70,20400,5.902357
2009-07-14,8.41,8.42,8.28,8.37,7600,5.678474
2009-07-13,8.27,8.37,8.27,8.37,10800,5.678474
2009-07-10,8.25,8.26,8.22,8.26,3500,5.603847
2009-07-09,8.29,8.52,8.15,8.20,15200,5.563141
2009-07-08,8.30,8.31,8.15,8.26,10400,5.603847
2009-07-07,8.41,8.42,8.28,8.34,9100,5.658121
2009-07-06,8.30,8.42,8.10,8.21,15300,5.569925
2009-07-02,8.66,8.73,8.54,8.59,5100,5.827729
2009-07-01,8.61,8.77,8.59,8.74,15500,5.929494
2009-06-30,8.38,8.47,8.07,8.25,43000,5.597062
2009-06-29,8.63,8.83,8.55,8.58,12900,5.820945
2009-06-26,8.85,8.85,8.36,8.50,8800,5.76667
2009-06-25,8.51,8.95,8.51,8.95,2900,6.071965
2009-06-24,8.51,8.56,8.25,8.55,5600,5.800592
2009-06-23,8.45,8.60,8.36,8.53,8500,5.787023
2009-06-22,8.41,8.55,8.22,8.40,30600,5.698827
2009-06-19,8.46,8.53,8.09,8.16,5700,5.536003
2009-06-18,8.15,8.59,8.05,8.25,12400,5.597062
2009-06-17,8.15,8.27,8.02,8.21,12800,5.569925
2009-06-16,8.55,8.69,8.17,8.33,22800,5.651337
2009-06-15,8.80,8.82,8.40,8.50,34500,5.76667
2009-06-12,9.00,9.32,9.00,9.24,14300,6.26871
2009-06-11,9.15,9.19,9.00,9.10,10800,6.17373
2009-06-10,9.16,9.16,9.05,9.09,22900,6.166945
2009-06-09,8.88,9.05,8.88,9.00,14900,6.105886
2009-06-08,8.75,8.90,8.75,8.85,10100,6.004122
2009-06-05,8.91,8.94,8.85,8.86,4800,6.010906
2009-06-04,9.03,9.03,8.84,8.90,16500,6.038043
2009-06-03,8.85,9.00,8.82,8.91,7400,6.044827
2009-06-02,8.98,9.07,8.91,8.96,10300,6.078749
2009-06-01,8.93,9.05,8.90,9.00,33600,6.105886
2009-05-29,8.71,8.88,8.71,8.88,15700,6.024475
2009-05-28,8.71,8.71,8.49,8.69,12300,5.895572
2009-05-27,8.90,8.90,8.50,8.51,22300,5.773455
2009-05-26,8.70,8.90,8.70,8.83,13700,5.990553
2009-05-22,8.81,8.81,8.60,8.78,19000,5.956631
2009-05-21,8.60,8.60,8.49,8.50,9900,5.76667
2009-05-20,8.69,8.85,8.54,8.81,44300,5.976985
2009-05-19,8.00,8.71,7.93,8.39,74400,5.692043
2009-05-18,8.06,8.17,7.43,7.75,65900,5.257847
2009-05-15,7.54,7.54,7.47,7.50,2700,5.088239
2009-05-14,7.52,7.59,7.40,7.47,9500,5.067885
2009-05-13,7.38,7.53,7.38,7.49,6400,5.081454
2009-05-12,7.75,7.75,7.40,7.62,12400,5.16965
2009-05-11,7.70,7.83,7.61,7.70,17600,5.223925
2009-05-08,7.60,7.78,7.60,7.70,17600,5.223925
2009-05-07,7.79,7.81,7.50,7.51,14600,5.095023
2009-05-06,7.75,7.77,7.65,7.72,18400,5.237493
2009-05-05,7.60,7.80,7.50,7.72,16800,5.237493
2009-05-04,7.84,7.91,7.73,7.90,12900,5.359611
2009-05-01,7.85,7.97,7.70,7.93,14700,5.379964
2009-04-30,7.81,7.89,7.75,7.84,9700,5.318905
2009-04-29,7.43,7.90,7.43,7.71,25500,5.230709
2009-04-28,7.42,7.72,7.42,7.50,6200,5.088239
2009-04-27,7.45,7.50,7.30,7.47,32800,5.067885
2009-04-24,6.89,6.99,6.83,6.98,15400,4.735454
2009-04-23,7.00,7.00,6.80,6.81,8600,4.620121
2009-04-22,6.80,6.89,6.75,6.80,33300,4.613336
2009-04-21,6.69,6.88,6.62,6.85,26600,4.647258
2009-04-20,6.89,6.89,6.50,6.67,39800,4.52514
2009-04-17,7.63,7.63,7.12,7.41,24000,5.02718
2009-04-16,7.37,7.56,7.29,7.53,7300,5.108592
2009-04-15,7.25,7.44,7.24,7.43,18300,5.040748
2009-04-14,7.20,7.36,7.20,7.24,19500,4.911846
2009-04-13,7.45,7.62,7.30,7.36,17700,4.993258
2009-04-09,7.34,7.73,7.34,7.61,15600,5.162866
2009-04-08,7.78,7.78,7.28,7.30,12800,4.952552
2009-04-07,7.83,7.83,7.38,7.42,18800,5.033964
2009-04-06,7.92,7.96,7.74,7.88,15800,5.346043
2009-04-03,8.15,8.15,7.93,8.11,21400,5.502082
2009-04-02,8.18,8.38,7.97,8.25,30900,5.597062
2009-04-01,7.50,7.75,7.50,7.72,19500,5.237493
2009-03-31,7.68,7.70,7.49,7.59,26500,5.149298
2009-03-30,8.01,8.01,7.40,7.56,50100,5.128944
2009-03-27,8.49,8.49,8.23,8.27,16400,5.610631
2009-03-26,8.15,8.57,8.13,8.57,33100,5.81416
2009-03-25,7.80,8.13,7.67,7.88,27600,5.346043
2009-03-24,7.60,7.70,7.53,7.53,16800,5.108592
2009-03-23,7.14,7.61,7.14,7.60,54000,5.156082
2009-03-20,7.26,7.34,6.90,6.94,19900,4.708317
2009-03-19,7.05,7.32,7.02,7.23,30700,4.789728
2009-03-18,6.94,7.05,6.73,6.95,19800,4.604234
2009-03-17,6.69,6.90,6.62,6.90,17300,4.57111
2009-03-16,6.80,6.89,6.51,6.60,28100,4.372366
2009-03-13,6.50,6.60,6.32,6.51,18200,4.312743
2009-03-12,6.21,6.44,6.19,6.40,19000,4.23987
2009-03-11,6.29,6.33,6.11,6.18,16400,4.094124
2009-03-10,6.03,6.42,6.03,6.13,36100,4.061001
2009-03-09,6.09,6.09,5.85,6.03,42600,3.994753
2009-03-06,5.95,6.10,5.90,6.02,41900,3.988128
2009-03-05,6.20,6.20,5.76,6.11,13000,4.047751
2009-03-04,6.10,6.44,6.10,6.35,22000,4.206746
2009-03-03,5.88,6.13,5.87,6.11,36900,4.047751
2009-03-02,6.40,6.47,5.93,6.00,59500,3.974878
2009-02-27,6.54,6.54,6.34,6.49,25200,4.299493
2009-02-26,6.54,6.55,6.32,6.37,48700,4.219996
2009-02-25,6.56,6.56,6.26,6.32,41700,4.186872
2009-02-24,6.25,6.43,5.80,6.42,80400,4.25312
2009-02-23,7.24,7.24,6.20,6.44,240200,4.266369
2009-02-20,7.70,7.70,7.17,7.42,104800,4.915599
2009-02-19,7.90,8.09,7.77,7.77,23600,5.147467
2009-02-18,8.02,8.10,7.90,7.95,20700,5.266713
2009-02-17,8.17,8.29,8.00,8.04,25000,5.326337
2009-02-13,8.25,8.50,8.16,8.17,13500,5.412459
2009-02-12,8.14,8.22,8.07,8.19,19400,5.425708
2009-02-11,8.35,8.35,8.00,8.15,20200,5.399209
2009-02-10,8.55,8.59,8.29,8.29,13000,5.491957
2009-02-09,8.57,8.57,8.28,8.56,35600,5.670826
2009-02-06,8.60,8.70,8.57,8.61,18100,5.70395
2009-02-05,8.56,8.74,8.44,8.50,24400,5.631077
2009-02-04,8.70,8.89,8.54,8.54,33700,5.657577
2009-02-03,8.46,8.67,8.14,8.56,89000,5.670826
2009-02-02,8.56,8.62,8.27,8.55,36700,5.664202
2009-01-30,8.90,8.90,8.51,8.62,29900,5.710575
2009-01-29,8.60,8.89,8.57,8.67,45000,5.743699
2009-01-28,8.58,8.75,8.54,8.55,46500,5.664202
2009-01-27,8.55,8.76,8.40,8.51,75300,5.637702
2009-01-26,8.28,8.94,8.18,8.65,60000,5.730449
2009-01-23,8.20,8.30,8.03,8.28,32200,5.485332
2009-01-22,8.12,8.30,8.12,8.24,23200,5.458833
2009-01-21,8.03,8.50,8.03,8.47,30200,5.611203
2009-01-20,8.15,8.20,7.93,7.93,67700,5.253464
2009-01-16,8.09,8.13,7.81,7.97,62600,5.279963
2009-01-15,8.07,8.11,7.88,7.91,24900,5.240214
2009-01-14,8.12,8.26,8.06,8.06,21300,5.339587
2009-01-13,8.18,8.30,8.10,8.19,8000,5.425708
2009-01-12,8.31,8.45,8.12,8.26,26600,5.472082
2009-01-09,8.48,8.48,8.20,8.25,24700,5.465458
2009-01-08,8.19,8.49,8.06,8.40,24500,5.564829
2009-01-07,8.17,8.17,8.00,8.10,28000,5.366086
2009-01-06,8.06,8.39,8.00,8.26,20200,5.472082
2009-01-05,8.34,8.37,7.90,7.98,36000,5.286588
2009-01-02,7.75,8.71,7.75,8.45,52100,5.597953
2008-12-31,7.51,7.53,7.15,7.31,79500,4.842727
2008-12-30,7.50,7.69,7.37,7.59,48400,5.028221
2008-12-29,7.65,7.69,7.34,7.42,77300,4.915599
2008-12-26,7.70,7.84,7.64,7.78,14800,5.154092
2008-12-24,7.89,7.89,7.55,7.67,115600,5.081219
2008-12-23,7.96,8.08,7.90,7.95,53000,5.266713
2008-12-22,8.16,8.27,7.91,8.00,63200,5.299838
2008-12-19,8.59,8.70,8.41,8.41,36900,5.571454
2008-12-18,8.54,8.71,8.29,8.61,44100,5.70395
2008-12-17,8.75,8.80,8.51,8.74,60600,5.790072
2008-12-16,8.44,8.94,8.27,8.93,63800,5.915944
2008-12-15,8.15,8.35,7.94,8.35,53500,5.531706
2008-12-12,7.75,8.39,7.30,8.10,105900,5.366086
2008-12-11,8.00,8.05,7.83,7.84,29200,5.193841
2008-12-10,7.91,8.00,7.82,7.98,21200,5.286588
2008-12-09,7.90,8.08,7.72,7.78,49600,5.154092
2008-12-08,8.00,8.10,7.83,7.90,74600,5.23359
2008-12-05,7.83,7.90,7.49,7.83,43600,5.187216
2008-12-04,7.86,8.08,7.79,7.84,40300,5.193841
2008-12-03,7.60,8.13,7.42,7.91,37200,5.240214
2008-12-02,7.49,7.84,7.37,7.67,43500,5.081219
2008-12-01,7.72,7.72,7.25,7.33,67300,4.855976
2008-11-28,7.39,8.20,7.37,7.96,55600,5.273338
2008-11-26,6.79,7.48,6.70,7.24,80600,4.796353
2008-11-25,7.04,7.07,6.69,6.92,65100,4.58436
2008-11-24,6.02,7.48,5.97,7.14,105400,4.730105
2008-11-21,6.33,6.39,6.02,6.20,42300,4.107374
2008-11-20,6.47,6.48,6.00,6.21,68800,4.113999
2008-11-19,6.65,6.79,6.45,6.50,38200,4.306118
2008-11-18,6.56,6.82,6.53,6.60,48900,4.372366
2008-11-17,6.74,6.74,6.26,6.56,130100,4.345867
2008-11-14,7.29,7.32,7.00,7.00,39700,4.637358
2008-11-13,6.90,7.28,6.85,7.23,95200,4.789728
2008-11-12,7.02,7.20,6.80,7.05,74700,4.670482
2008-11-11,7.25,7.34,7.17,7.18,33200,4.756604
2008-11-10,7.46,7.63,7.39,7.45,51800,4.935474
2008-11-07,7.25,7.44,7.20,7.26,20100,4.809603
2008-11-06,7.25,7.46,7.20,7.35,67900,4.869226
2008-11-05,7.60,7.62,7.33,7.36,34300,4.875851
2008-11-04,7.57,8.00,7.56,7.70,48700,5.101094
2008-11-03,7.19,7.65,7.08,7.53,65600,4.988472
2008-10-31,7.27,7.53,7.26,7.48,44800,4.955348
2008-10-30,7.00,7.37,6.75,7.31,50300,4.842727
2008-10-29,7.67,7.67,7.00,7.18,41600,4.756604
2008-10-28,8.34,8.39,7.32,7.88,51900,5.22034
2008-10-27,8.49,8.73,8.40,8.53,57600,5.650952
2008-10-24,8.60,8.89,8.60,8.89,21700,5.889445
2008-10-23,9.10,9.11,8.61,8.76,33600,5.803322
2008-10-22,9.50,9.88,9.20,9.34,48800,6.18756
2008-10-21,9.92,10.32,9.64,9.65,96500,6.392929
2008-10-20,9.02,10.16,9.02,9.83,62700,6.512175
2008-10-17,8.73,8.83,8.59,8.72,45300,5.776823
2008-10-16,8.26,8.87,8.25,8.87,32100,5.876195
2008-10-15,8.65,8.80,8.31,8.31,18800,5.505207
2008-10-14,8.55,8.93,8.42,8.52,36200,5.644327
2008-10-13,8.00,8.71,8.00,8.71,23200,5.770198
2008-10-10,7.75,8.03,7.54,7.91,59600,5.240214
2008-10-09,8.81,8.92,8.30,8.46,45700,5.604578
2008-10-08,9.10,9.10,8.62,8.75,24400,5.796697
2008-10-07,9.55,9.55,9.09,9.24,87200,6.121312
2008-10-06,9.96,10.00,8.39,9.18,49300,6.081564
2008-10-03,10.63,10.64,10.16,10.16,27700,6.730794
2008-10-02,10.72,10.72,10.50,10.56,23400,6.995786
2008-10-01,10.91,10.91,10.63,10.65,11500,7.055409
2008-09-30,10.73,10.93,10.52,10.79,33700,7.148156
2008-09-29,10.75,10.98,10.55,10.63,15100,7.042159
2008-09-26,10.72,10.99,10.70,10.95,26300,7.254153
2008-09-25,11.18,11.41,10.86,11.07,14800,7.33365
2008-09-24,11.33,11.33,10.83,11.12,14500,7.366774
2008-09-23,11.14,11.28,10.75,11.12,33200,7.366774
2008-09-22,11.61,11.80,10.16,11.03,25900,7.307151
2008-09-19,10.99,11.50,10.96,11.09,10500,7.3469
2008-09-18,10.32,10.82,10.22,10.82,68800,7.16803
2008-09-17,10.87,10.87,10.38,10.50,27400,6.956037
2008-09-16,10.80,11.05,10.62,10.84,59300,7.18128
2008-09-15,11.28,11.41,11.01,11.01,44800,7.293902
2008-09-12,11.80,11.88,11.70,11.77,27000,7.797386
2008-09-11,11.75,11.82,11.43,11.78,43800,7.804011
2008-09-10,12.14,12.14,11.93,12.00,60900,7.949756
2008-09-09,11.98,12.04,11.79,11.85,58900,7.850385
2008-09-08,11.94,12.03,11.85,11.91,64100,7.890133
2008-09-05,11.95,11.95,11.75,11.87,46800,7.863634
2008-09-04,11.92,12.17,11.85,12.02,40600,7.963006
2008-09-03,11.80,12.00,11.79,11.91,25000,7.890133
2008-09-02,11.83,11.93,11.72,11.86,56700,7.857009
2008-08-29,12.01,12.01,11.72,11.89,13000,7.876884
2008-08-28,11.88,12.01,11.69,11.99,17800,7.943131
2008-08-27,11.69,11.95,11.53,11.88,28200,7.870259
2008-08-26,11.82,11.82,11.68,11.77,12400,7.797386
2008-08-25,12.20,12.21,11.79,11.90,27900,7.883508
2008-08-22,12.06,12.24,12.00,12.18,14800,8.069003
2008-08-21,12.02,12.06,11.51,11.88,65100,7.870259
2008-08-20,12.09,12.15,11.95,12.05,19100,7.98288
2008-08-19,12.02,12.15,11.90,12.01,25300,7.956381
2008-08-18,12.24,12.51,12.06,12.14,28900,8.042504
2008-08-15,12.01,12.18,12.01,12.10,28600,8.016005
2008-08-14,12.01,12.35,11.62,12.13,30900,8.035879
2008-08-13,11.56,11.97,11.52,11.92,21300,7.896758
2008-08-12,11.95,11.96,11.70,11.89,36900,7.876884
2008-08-11,11.42,12.02,11.41,11.84,29200,7.84376
2008-08-08,11.38,11.64,11.24,11.61,11500,7.691389
2008-08-07,11.72,11.77,11.48,11.48,12600,7.605267
2008-08-06,11.25,11.80,11.25,11.71,14300,7.757637
2008-08-05,11.47,11.58,11.27,11.38,27600,7.539019
2008-08-04,11.50,11.53,11.26,11.53,12100,7.638391
2008-08-01,11.60,11.73,11.57,11.57,2600,7.66489
2008-07-31,11.70,11.87,11.59,11.59,17300,7.67814
2008-07-30,11.86,12.10,11.63,11.75,17200,7.784136
2008-07-29,11.90,12.11,11.83,12.02,19800,7.963006
2008-07-28,11.81,11.90,11.65,11.76,33800,7.790761
2008-07-25,12.16,12.16,11.76,12.06,27200,7.989505
2008-07-24,12.09,12.09,11.77,11.82,8100,7.83051
2008-07-23,12.02,12.22,11.80,12.02,39600,7.963006
2008-07-22,11.43,11.79,11.40,11.63,16100,7.704639
2008-07-21,11.49,11.63,11.28,11.43,22800,7.572143
2008-07-18,11.36,11.48,11.20,11.33,15900,7.505895
2008-07-17,11.30,11.39,11.25,11.34,12400,7.51252
2008-07-16,11.10,11.28,11.00,11.28,70800,7.472771
2008-07-15,11.05,11.30,11.04,11.22,14000,7.433022
2008-07-14,11.14,11.35,11.10,11.27,12100,7.466147
2008-07-11,11.25,11.25,10.92,11.10,17900,7.353525
2008-07-10,11.27,11.42,11.10,11.42,9500,7.565518
2008-07-09,11.50,11.55,10.98,11.27,21200,7.466147
2008-07-08,11.28,11.61,11.21,11.61,33100,7.691389
2008-07-07,11.15,11.36,11.03,11.31,84600,7.492646
2008-07-03,11.80,11.82,11.48,11.62,63900,7.698014
2008-07-02,12.14,12.14,11.76,11.76,36900,7.790761
2008-07-01,11.96,12.16,11.90,12.10,17700,8.016005
2008-06-30,11.87,12.07,11.83,12.00,90400,7.949756
2008-06-27,12.07,12.45,12.01,12.15,16400,8.049128
2008-06-26,12.04,12.20,11.99,12.05,38000,7.98288
2008-06-25,12.15,12.50,12.02,12.20,56200,8.082252
2008-06-24,12.56,12.57,11.91,11.97,141900,7.929882
2008-06-23,12.81,12.96,12.50,12.69,109900,8.406867
2008-06-20,12.98,13.10,12.98,13.07,47800,8.658609
2008-06-19,13.03,13.15,13.02,13.07,19600,8.658609
2008-06-18,13.10,13.14,13.00,13.00,52900,8.612236
2008-06-17,12.99,13.39,12.96,13.12,43200,8.691734
2008-06-16,12.98,13.00,12.87,12.89,24600,8.539364
2008-06-13,12.99,13.00,12.90,12.98,18100,8.598986
2008-06-12,12.97,13.17,12.80,12.92,58300,8.559238
2008-06-11,12.76,13.16,12.73,12.87,62800,8.526114
2008-06-10,12.59,13.05,12.51,12.88,67900,8.532739
2008-06-09,12.95,12.95,12.51,12.65,86100,8.380368
2008-06-06,13.11,13.11,12.85,12.95,25800,8.579112
2008-06-05,12.69,13.39,12.51,13.24,52700,8.771231
2008-06-04,12.87,12.93,12.63,12.80,46100,8.47974
2008-06-03,12.85,13.20,12.64,12.98,61800,8.598986
2008-06-02,13.26,13.31,12.51,12.78,156500,8.46649
2008-05-30,13.65,13.66,13.27,13.32,70500,8.824229
2008-05-29,13.20,13.62,13.14,13.62,88200,9.022973
2008-05-28,13.28,13.35,12.86,12.96,86300,8.585737
2008-05-27,13.15,13.81,12.77,13.47,136500,8.923602
2008-05-23,13.02,13.15,13.00,13.11,92700,8.685109
2008-05-22,12.91,13.14,12.88,13.00,96100,8.612236
2008-05-21,12.61,12.92,12.61,12.75,51300,8.446616
2008-05-20,12.39,12.72,12.11,12.68,97400,8.400243
2008-05-19,12.36,12.56,12.16,12.32,79400,8.16175
2008-05-16,12.46,12.48,12.10,12.18,53300,8.069003
2008-05-15,12.49,12.58,12.08,12.55,145300,8.31412
2008-05-14,12.10,12.40,12.04,12.15,100600,8.049128
2008-05-13,11.50,11.90,11.50,11.80,70800,7.817261
2008-05-12,11.47,11.55,11.32,11.42,79900,7.565518
2008-05-09,11.13,11.17,11.05,11.14,24100,7.380024
2008-05-08,11.50,11.54,10.90,11.25,78700,7.452897
2008-05-07,11.29,11.54,11.15,11.50,46300,7.618517
2008-05-06,11.14,11.25,11.12,11.17,28700,7.399898
2008-05-05,11.16,11.27,11.07,11.14,35200,7.380024
2008-05-02,11.00,11.03,10.70,10.99,42900,7.280652
2008-05-01,10.78,11.04,10.78,11.00,25500,7.287277
2008-04-30,10.90,10.99,10.68,10.68,31200,7.075283
2008-04-29,11.10,11.20,10.85,10.95,62300,7.254153
2008-04-28,11.38,11.38,11.04,11.17,39000,7.399898
2008-04-25,11.85,11.85,11.56,11.60,31900,7.684765
2008-04-24,11.64,11.78,11.55,11.78,23200,7.804011
2008-04-23,11.63,11.90,11.59,11.71,18000,7.757637
2008-04-22,11.55,11.60,11.50,11.55,17300,7.651641
2008-04-21,11.81,11.81,11.50,11.65,13800,7.717888
2008-04-18,11.36,11.90,11.36,11.80,30800,7.817261
2008-04-17,11.71,11.78,11.18,11.26,67300,7.459522
2008-04-16,11.35,11.86,11.35,11.77,59100,7.797386
2008-04-15,11.00,11.49,11.00,11.14,54500,7.380024
2008-04-14,10.89,11.15,10.89,10.99,86600,7.280652
2008-04-11,10.71,10.94,10.56,10.71,116400,7.095158
2008-04-10,10.36,10.78,10.36,10.71,29300,7.095158
2008-04-09,10.55,10.55,10.26,10.36,41100,6.863289
2008-04-08,10.31,10.51,10.30,10.51,20800,6.962662
2008-04-07,10.29,10.51,10.20,10.37,52600,6.869914
2008-04-04,10.33,10.45,10.24,10.32,15700,6.83679
2008-04-03,10.12,10.51,10.12,10.48,38600,6.942787
2008-04-02,10.26,10.39,10.10,10.19,37800,6.750668
2008-04-01,10.21,10.40,10.02,10.34,96500,6.85004
2008-03-31,10.22,10.27,10.04,10.10,35100,6.691045
2008-03-28,10.30,10.30,10.13,10.22,26600,6.770543
2008-03-27,10.40,10.40,10.08,10.28,195200,6.810291
2008-03-26,10.28,10.47,10.25,10.41,58400,6.896414
2008-03-25,10.29,10.51,10.20,10.20,50300,6.757293
2008-03-24,10.45,10.45,10.11,10.29,121000,6.816916
2008-03-20,10.53,11.30,10.53,11.27,76700,6.578424
2008-03-19,10.44,10.44,10.33,10.40,68700,6.070595
2008-03-18,10.43,10.43,10.31,10.43,73400,6.088107
2008-03-17,10.44,10.44,10.15,10.30,105800,6.012224
2008-03-14,11.14,11.38,10.60,10.75,270000,6.274894
2008-03-13,10.30,10.39,10.16,10.25,24800,5.983039
2008-03-12,10.39,10.45,10.22,10.38,21600,6.058921
2008-03-11,10.30,10.50,10.10,10.29,337500,6.006387
2008-03-10,10.36,10.36,10.00,10.00,38900,5.837111
2008-03-07,10.59,10.65,10.50,10.50,35500,6.128966
2008-03-06,10.61,10.76,10.54,10.60,23100,6.187338
2008-03-05,10.72,10.72,10.41,10.59,23100,6.181501
2008-03-04,10.70,10.76,10.61,10.67,21400,6.228197
2008-03-03,10.76,10.94,10.69,10.74,31100,6.269057
2008-02-29,11.05,11.06,10.63,10.74,31900,6.269057
2008-02-28,11.09,11.24,11.07,11.08,34100,6.467519
2008-02-27,11.40,11.58,11.02,11.14,104200,6.502542
2008-02-26,11.56,11.56,11.40,11.50,15200,6.712678
2008-02-25,11.60,11.60,11.42,11.55,54500,6.741863
2008-02-22,11.62,11.64,11.50,11.50,90500,6.712678
2008-02-21,11.49,11.94,11.49,11.60,91700,6.771049
2008-02-20,11.03,11.08,10.89,10.97,6600,6.403311
2008-02-19,11.37,11.41,11.02,11.10,16100,6.479193
2008-02-15,11.14,11.36,11.09,11.25,11900,6.56675
2008-02-14,11.24,11.35,11.12,11.28,9300,6.584261
2008-02-13,11.15,11.26,11.11,11.26,10100,6.572587
2008-02-12,11.21,11.25,11.12,11.18,35300,6.52589
2008-02-11,11.02,11.06,10.97,11.01,16100,6.426659
2008-02-08,11.01,11.09,10.91,11.03,25800,6.438333
2008-02-07,11.21,11.21,11.02,11.02,10800,6.432496
2008-02-06,11.46,11.46,11.25,11.26,12900,6.572587
2008-02-05,11.65,11.68,11.42,11.46,9700,6.689329
2008-02-04,11.97,11.99,11.68,11.73,23100,6.846931
2008-02-01,11.89,11.96,11.56,11.81,37600,6.893628
2008-01-31,11.20,11.90,11.16,11.79,90000,6.881954
2008-01-30,11.11,11.39,10.96,11.28,96000,6.584261
2008-01-29,11.11,11.20,10.80,10.95,25600,6.391636
2008-01-28,11.00,11.27,10.80,11.11,127000,6.48503
2008-01-25,10.79,10.96,10.72,10.92,44600,6.374125
2008-01-24,10.60,11.13,10.60,10.71,80700,6.251546
2008-01-23,9.98,10.14,9.90,10.05,31200,5.866297
2008-01-22,10.01,10.20,9.92,10.15,43800,5.924667
2008-01-18,10.50,10.54,10.42,10.45,45700,6.099781
2008-01-17,10.49,10.50,10.36,10.49,43500,6.123129
2008-01-16,10.57,10.71,10.51,10.68,14200,6.234035
2008-01-15,10.77,10.81,10.59,10.60,22200,6.187338
2008-01-14,10.89,10.89,10.75,10.81,9800,6.309917
2008-01-11,10.56,10.94,10.56,10.78,40300,6.292405
2008-01-10,10.81,10.85,10.53,10.58,24400,6.175663
2008-01-09,11.04,11.19,10.88,11.02,42600,6.432496
2008-01-08,11.00,11.19,10.92,11.05,128300,6.450008
2008-01-07,10.83,11.36,10.83,11.03,119900,6.438333
2008-01-04,10.93,11.02,10.79,10.79,20500,6.298243
2008-01-03,10.90,11.13,10.81,11.07,20200,6.461682
2008-01-02,11.10,11.24,10.85,10.93,31700,6.379962
2007-12-31,11.10,11.20,10.92,11.07,95900,6.461682
2007-12-28,10.84,11.11,10.55,11.00,52200,6.420822
2007-12-27,10.57,11.10,10.46,10.69,68100,6.239871
2007-12-26,10.06,10.50,10.06,10.50,65400,6.128966
2007-12-24,10.05,10.20,9.95,10.11,17400,5.901319
2007-12-21,10.15,10.22,10.01,10.12,20300,5.907156
2007-12-20,10.21,10.21,10.00,10.09,23400,5.889645
2007-12-19,10.22,10.24,10.00,10.20,59400,5.953853
2007-12-18,10.14,10.38,10.13,10.25,20700,5.983039
2007-12-17,10.07,10.29,10.00,10.00,99300,5.837111
2007-12-14,10.44,10.54,10.33,10.41,31500,6.076432
2007-12-13,10.47,10.59,10.19,10.49,61100,6.123129
2007-12-12,10.56,10.69,10.40,10.48,15500,6.117292
2007-12-11,10.52,10.67,10.22,10.50,35400,6.128966
2007-12-10,10.43,10.61,10.38,10.51,22300,6.134804
2007-12-07,10.25,10.54,10.24,10.45,52900,6.099781
2007-12-06,10.31,10.42,10.09,10.23,19600,5.971364
2007-12-05,10.17,10.23,10.00,10.23,27700,5.971364
2007-12-04,10.22,10.28,10.00,10.00,46200,5.837111
2007-12-03,10.29,10.41,10.14,10.26,25600,5.988876
2007-11-30,10.06,10.42,10.01,10.30,95400,6.012224
2007-11-29,10.04,10.13,9.90,9.96,47900,5.813762
2007-11-28,9.94,10.07,9.94,10.02,104900,5.848785
2007-11-27,9.85,10.12,9.75,9.93,97600,5.796251
2007-11-26,9.97,9.97,9.62,9.75,245300,5.691183
2007-11-23,10.20,10.31,9.67,9.96,49300,5.813762
2007-11-21,10.21,10.28,10.10,10.15,91900,5.924667
2007-11-20,10.97,10.97,10.37,10.50,87400,6.128966
2007-11-19,11.02,11.48,10.86,10.98,283100,6.409147
2007-11-16,10.74,10.85,10.63,10.74,15300,6.269057
2007-11-15,10.54,10.78,10.52,10.73,16600,6.26322
2007-11-14,10.92,10.92,10.42,10.54,27300,6.152315
2007-11-13,10.25,10.68,10.25,10.68,29200,6.234035
2007-11-12,10.70,10.70,10.06,10.12,131600,5.907156
2007-11-09,10.75,10.83,10.60,10.75,130100,6.274894
2007-11-08,10.82,10.84,10.51,10.76,142100,6.280731
2007-11-07,11.34,11.40,11.02,11.07,33000,6.461682
2007-11-06,11.56,11.73,11.21,11.35,96300,6.625121
2007-11-05,11.33,11.73,11.33,11.50,17600,6.712678
2007-11-02,11.51,11.54,11.22,11.35,21000,6.625121
2007-11-01,11.47,11.62,11.47,11.51,21500,6.718515
2007-10-31,11.44,11.58,11.41,11.58,9600,6.759374
2007-10-30,11.39,11.47,11.36,11.40,13300,6.654306
2007-10-29,11.24,11.47,11.15,11.47,12300,6.695166
2007-10-26,11.85,11.85,11.23,11.52,19000,6.724352
2007-10-25,11.41,11.69,11.34,11.50,19400,6.712678
2007-10-24,11.52,11.52,11.26,11.43,38000,6.671818
2007-10-23,11.54,11.73,11.54,11.71,13200,6.835257
2007-10-22,11.82,11.82,11.36,11.54,23700,6.736026
2007-10-19,11.68,11.88,11.68,11.88,16700,6.934488
2007-10-18,11.80,11.90,11.77,11.80,19500,6.887791
2007-10-17,11.83,11.93,11.55,11.86,95300,6.922813
2007-10-16,11.32,11.40,11.22,11.35,10600,6.625121
2007-10-15,11.56,11.59,11.10,11.32,125300,6.607609
2007-10-12,11.70,11.70,11.59,11.59,6400,6.765212
2007-10-11,11.67,11.70,11.57,11.69,36700,6.823582
2007-10-10,11.84,12.00,11.65,11.70,119900,6.82942
2007-10-09,11.79,11.83,11.69,11.75,25300,6.858605
2007-10-08,12.02,12.16,11.80,11.87,12600,6.928651
2007-10-05,12.00,12.21,11.88,12.06,21200,7.039556
2007-10-04,12.12,12.23,11.89,11.93,9800,6.963673
2007-10-03,12.19,12.39,12.04,12.17,72600,7.103764
2007-10-02,12.18,12.41,11.93,12.20,38700,7.121275
2007-10-01,12.12,12.29,11.98,12.17,18500,7.103764
2007-09-28,11.73,12.08,11.73,12.05,16300,7.033719
2007-09-27,11.81,11.84,11.70,11.74,8800,6.852768
2007-09-26,11.80,11.94,11.73,11.83,17100,6.905302
2007-09-25,11.70,11.91,11.70,11.82,16300,6.899465
2007-09-24,12.07,12.11,11.72,11.75,24900,6.858605
2007-09-21,11.95,12.22,11.91,12.18,11800,7.109601
2007-09-20,12.00,12.13,11.92,12.02,11600,7.016208
2007-09-19,12.20,12.33,12.06,12.15,15500,7.092089
2007-09-18,11.80,12.39,11.72,12.20,32100,7.121275
2007-09-17,11.56,11.79,11.56,11.72,11400,6.841094
2007-09-14,11.85,11.85,11.61,11.66,14900,6.806071
2007-09-13,11.78,11.80,11.60,11.69,12500,6.823582
2007-09-12,11.75,11.79,11.57,11.70,20300,6.82942
2007-09-11,11.50,11.74,11.50,11.68,19800,6.817746
2007-09-10,11.48,11.65,11.45,11.54,76200,6.736026
2007-09-07,11.61,11.64,11.47,11.50,34300,6.712678
2007-09-06,11.59,11.95,11.55,11.62,26200,6.782723
2007-09-05,11.68,11.73,11.57,11.62,47200,6.782723
2007-09-04,11.70,11.74,11.57,11.70,42000,6.82942
2007-08-31,11.65,11.81,11.60,11.66,48900,6.806071
2007-08-30,11.43,11.70,11.40,11.63,44200,6.78856
2007-08-29,11.45,11.59,11.41,11.59,21700,6.765212
2007-08-28,11.49,11.64,11.43,11.43,76900,6.671818
2007-08-27,11.44,11.44,11.18,11.32,188700,6.607609
2007-08-24,11.47,11.60,11.36,11.60,28300,6.771049
2007-08-23,11.74,11.77,11.39,11.39,120700,6.648469
2007-08-22,11.79,11.92,11.71,11.82,35700,6.899465
2007-08-21,11.43,12.02,11.35,11.79,200100,6.881954
2007-08-20,11.40,11.82,10.92,11.46,295800,6.689329
2007-08-17,12.65,12.79,11.96,12.00,162600,7.004533
2007-08-16,12.78,12.81,12.42,12.48,155300,7.284714
2007-08-15,13.16,13.47,13.04,13.10,100500,7.646615
2007-08-14,13.31,13.64,13.26,13.30,32700,7.763358
2007-08-13,13.26,13.47,13.24,13.38,48500,7.810054
2007-08-10,13.04,13.25,13.00,13.10,145800,7.646615
2007-08-09,13.11,13.27,12.94,13.10,236500,7.646615
2007-08-08,13.39,13.62,13.25,13.37,40100,7.804217
2007-08-07,13.15,13.55,13.14,13.32,40900,7.775032
2007-08-06,12.91,13.30,12.83,13.24,226100,7.728335
2007-08-03,13.31,13.34,13.01,13.04,86900,7.611593
2007-08-02,13.07,13.45,13.03,13.34,39600,7.786706
2007-08-01,13.25,13.25,12.96,13.19,108800,7.699149
2007-07-31,13.17,13.35,13.10,13.10,107100,7.646615
2007-07-30,12.99,13.31,12.83,13.27,301000,7.745846
2007-07-27,13.48,13.49,13.20,13.28,50400,7.751683
2007-07-26,13.35,13.52,13.12,13.43,87000,7.83924
2007-07-25,13.53,13.80,13.53,13.60,70900,7.938471
2007-07-24,13.50,13.62,13.48,13.54,83300,7.903448
2007-07-23,13.45,13.52,13.27,13.51,64400,7.885937
2007-07-20,13.45,13.65,13.45,13.54,44800,7.903448
2007-07-19,13.25,13.62,13.20,13.58,33600,7.926797
2007-07-18,13.19,13.31,13.13,13.22,36500,7.716661
2007-07-17,13.30,13.71,13.30,13.43,88000,7.83924
2007-07-16,13.33,13.35,13.06,13.34,47600,7.786706
2007-07-13,13.25,13.37,13.13,13.33,19300,7.780869
2007-07-12,13.27,13.36,13.06,13.17,33400,7.687475
2007-07-11,12.85,13.46,12.85,13.23,122600,7.722497
2007-07-10,11.96,12.81,11.96,12.70,289100,7.413131
2007-07-09,12.00,12.11,11.89,12.05,130000,7.033719
2007-07-06,12.15,12.28,12.07,12.07,53300,7.045393
2007-07-05,12.15,12.20,12.01,12.20,102600,7.121275
2007-07-03,12.17,12.39,12.17,12.30,19900,7.179646
2007-07-02,12.44,12.45,12.16,12.24,40600,7.144624
2007-06-29,12.47,12.67,12.47,12.51,66400,7.302226
2007-06-28,12.35,12.50,12.30,12.48,41900,7.284714
2007-06-27,12.58,12.58,12.42,12.47,40000,7.278877
2007-06-26,12.63,12.72,12.55,12.64,33700,7.378108
2007-06-25,12.62,12.77,12.50,12.65,57000,7.383945
2007-06-22,12.73,12.73,12.62,12.66,24000,7.389782
2007-06-21,12.54,12.68,12.42,12.63,24200,7.372271
2007-06-20,12.80,12.82,12.61,12.61,12800,7.360597
2007-06-19,12.67,12.95,12.65,12.87,27900,7.512362
2007-06-18,12.95,12.97,12.77,12.77,45500,7.453991
2007-06-15,12.93,13.31,12.93,12.97,29300,7.570733
2007-06-14,13.05,13.13,12.91,12.95,31900,7.559058
2007-06-13,13.01,13.09,12.91,13.08,62300,7.634941
2007-06-12,13.13,13.19,13.00,13.09,33700,7.640778
2007-06-11,13.39,13.41,13.20,13.20,55000,7.704986
2007-06-08,13.65,13.65,13.30,13.44,56200,7.845077
2007-06-07,13.84,13.84,13.50,13.50,27600,7.8801
2007-06-06,13.78,13.91,13.60,13.71,13000,8.002679
2007-06-05,13.87,13.93,13.71,13.80,43100,8.055213
2007-06-04,13.70,13.88,13.60,13.73,41500,8.014353
2007-06-01,13.90,14.05,13.90,13.91,23900,8.119421
2007-05-31,13.77,14.09,13.77,13.93,15300,8.131096
2007-05-30,14.04,14.06,13.62,13.75,34400,8.026027
2007-05-29,13.98,14.50,13.82,14.08,80600,8.218652
2007-05-25,14.43,14.47,13.83,13.99,81500,8.166118
2007-05-24,14.19,14.30,14.10,14.10,36700,8.230327
2007-05-23,14.73,14.73,14.51,14.54,22400,8.487159
2007-05-22,14.30,14.76,14.30,14.69,16700,8.574716
2007-05-21,14.55,14.55,14.33,14.33,19200,8.36458
2007-05-18,14.94,14.94,14.69,14.75,21000,8.609739
2007-05-17,15.00,15.01,14.64,14.83,23500,8.656435
2007-05-16,15.17,15.37,15.00,15.14,45500,8.837386
2007-05-15,14.63,15.18,14.63,15.08,30000,8.802363
2007-05-14,14.73,14.93,14.65,14.75,58100,8.609739
2007-05-11,14.50,14.65,14.37,14.57,11700,8.50467
2007-05-10,14.56,14.57,14.34,14.34,37200,8.370417
2007-05-09,14.40,14.62,14.36,14.50,19200,8.463811
2007-05-08,14.25,14.52,14.16,14.44,46800,8.428788
2007-05-07,14.41,14.55,14.30,14.39,43000,8.399603
2007-05-04,14.36,14.45,14.20,14.23,45100,8.306209
2007-05-03,14.00,14.30,13.90,14.21,40700,8.294535
2007-05-02,13.82,13.89,13.71,13.87,88100,8.096073
2007-05-01,14.09,14.09,13.65,13.74,102800,8.02019
2007-04-30,13.78,13.85,13.52,13.65,271600,7.967656
2007-04-27,13.87,13.94,13.87,13.90,3200,8.113584
2007-04-26,14.00,14.00,13.88,13.88,43600,8.10191
2007-04-25,14.25,14.25,13.88,13.96,77000,8.148607
2007-04-24,14.00,14.14,13.98,14.05,26400,8.201141
2007-04-23,14.38,14.38,14.00,14.00,28100,8.171955
2007-04-20,14.09,14.14,14.02,14.05,15500,8.201141
2007-04-19,14.14,14.20,13.99,14.08,38700,8.218652
2007-04-18,14.15,14.35,14.01,14.17,60500,8.271186
2007-04-17,14.03,14.27,14.00,14.10,46600,8.230327
2007-04-16,13.80,14.02,13.80,13.87,41200,8.096073
2007-04-13,13.74,13.92,13.74,13.92,7700,8.125258
2007-04-12,13.85,13.92,13.78,13.83,25600,8.072724
2007-04-11,13.65,13.84,13.57,13.70,15900,7.996842
2007-04-10,13.47,13.72,13.34,13.55,23200,7.909285
2007-04-09,13.80,13.80,13.59,13.66,53800,7.973493
2007-04-05,13.66,13.91,13.39,13.81,103900,8.06105
2007-04-04,13.61,13.92,13.50,13.75,39700,8.026027
2007-04-03,13.51,13.51,13.26,13.41,19000,7.827566
2007-04-02,13.65,13.74,13.19,13.31,26900,7.769195
2007-03-30,13.33,13.33,13.19,13.32,20300,7.775032
2007-03-29,13.28,13.38,13.20,13.38,31600,7.810054
2007-03-28,13.72,13.72,13.37,13.53,36400,7.897611
2007-03-27,13.71,13.90,13.65,13.73,63900,8.014353
2007-03-26,13.59,13.83,13.23,13.75,185500,8.026027
2007-03-23,14.40,14.49,14.25,14.33,47800,8.36458
2007-03-22,14.58,14.76,14.30,14.31,12900,8.352906
2007-03-21,14.32,14.44,14.21,14.40,16600,8.405439
2007-03-20,14.44,14.61,14.13,14.28,36100,8.335394
2007-03-19,14.40,14.57,14.25,14.25,12200,8.317883
2007-03-16,14.30,14.52,14.30,14.40,10300,8.285779
2007-03-15,14.75,14.75,14.35,14.48,36800,8.331811
2007-03-14,14.12,15.01,14.12,15.01,151900,8.636774
2007-03-13,14.72,14.80,14.45,14.47,20000,8.326057
2007-03-12,14.76,14.85,14.68,14.75,17800,8.487169
2007-03-09,14.85,14.90,14.55,14.67,16000,8.441137
2007-03-08,14.73,14.93,14.70,14.70,24400,8.458399
2007-03-07,14.62,14.66,14.42,14.50,16400,8.343319
2007-03-06,14.58,14.66,14.48,14.63,50300,8.418121
2007-03-05,14.49,14.74,14.23,14.25,57400,8.199469
2007-03-02,14.79,14.90,14.76,14.85,22200,8.54471
2007-03-01,15.20,15.20,14.62,14.99,50300,8.625265
2007-02-28,14.91,15.23,14.80,14.97,31600,8.613758
2007-02-27,14.85,14.91,14.50,14.58,37000,8.389351
2007-02-26,15.23,15.23,14.93,14.94,60100,8.596495
2007-02-23,14.99,15.13,14.96,14.99,31400,8.625265
2007-02-22,15.00,15.17,14.89,14.94,46000,8.596495
2007-02-21,15.30,15.30,14.71,14.90,80400,8.573479
2007-02-20,15.80,15.80,15.15,15.48,84400,8.907212
2007-02-16,15.58,15.77,15.34,15.72,81900,9.045309
2007-02-15,15.56,15.71,15.35,15.48,60300,8.907212
2007-02-14,15.25,15.55,15.21,15.44,152800,8.884196
2007-02-13,14.92,15.14,14.88,15.13,70200,8.705822
2007-02-12,14.64,14.87,14.64,14.71,14600,8.464153
2007-02-09,14.60,14.89,14.60,14.77,13800,8.498678
2007-02-08,15.00,15.00,14.64,14.72,15100,8.469907
2007-02-07,14.99,15.08,14.76,14.92,76300,8.584988
2007-02-06,15.18,15.18,14.77,14.87,20900,8.556217
2007-02-05,14.90,15.02,14.70,15.02,57800,8.642528
2007-02-02,14.73,14.97,14.64,14.93,51200,8.590742
2007-02-01,14.76,14.85,14.61,14.61,71100,8.406613
2007-01-31,14.88,14.88,14.68,14.70,59800,8.458399
2007-01-30,15.10,15.10,14.94,14.99,8700,8.625265
2007-01-29,15.19,15.21,14.99,15.15,49000,8.71733
2007-01-26,15.03,15.03,14.77,15.01,13100,8.636774
2007-01-25,14.99,15.33,14.95,15.00,17300,8.63102
2007-01-24,14.97,15.04,14.75,14.91,193600,8.579233
2007-01-23,14.84,15.24,14.71,15.00,105900,8.63102
2007-01-22,14.81,14.88,14.57,14.76,126300,8.492923
2007-01-19,14.41,14.60,14.40,14.60,100400,8.400859
2007-01-18,14.70,14.77,14.30,14.52,85400,8.354827
2007-01-17,15.04,15.04,14.62,14.65,52200,8.429629
2007-01-16,15.13,15.13,14.97,15.00,84500,8.63102
2007-01-12,15.05,15.05,14.79,14.90,237100,8.573479
2007-01-11,14.74,15.00,14.62,14.92,99600,8.584988
2007-01-10,14.81,14.81,14.55,14.62,52100,8.412367
2007-01-09,14.90,14.91,14.64,14.80,65500,8.515939
2007-01-08,15.15,15.16,14.66,14.92,103400,8.584988
2007-01-05,15.51,15.51,15.14,15.28,31900,8.792132
2007-01-04,15.78,15.79,15.45,15.51,34400,8.924474
2007-01-03,15.34,15.71,15.16,15.57,133800,8.958998
2006-12-29,15.05,15.13,14.81,15.05,53200,8.65979
2006-12-28,14.63,14.96,14.63,14.90,55000,8.573479
2006-12-27,14.82,14.82,14.60,14.62,96700,8.412367
2006-12-26,14.94,14.98,14.60,14.65,119600,8.429629
2006-12-22,14.67,14.74,14.56,14.61,47100,8.406613
2006-12-21,14.89,14.89,14.66,14.66,12300,8.435383
2006-12-20,15.14,15.15,14.74,14.80,33700,8.515939
2006-12-19,15.44,15.44,14.94,15.00,71600,8.63102
2006-12-18,15.47,15.67,15.25,15.25,58100,8.77487
2006-12-15,15.98,15.98,15.54,15.63,29600,8.993522
2006-12-14,16.200001,16.200001,15.62,15.70,20900,9.0338
2006-12-13,16.01,16.01,15.62,15.75,21600,9.062571
2006-12-12,16.50,16.50,16.059999,16.10,20600,9.263961
2006-12-11,16.549999,16.73,16.440001,16.50,69500,9.494122
2006-12-08,16.02,16.02,15.85,15.95,11800,9.177651
2006-12-07,15.79,16.00,15.78,15.90,19300,9.148881
2006-12-06,15.62,15.76,15.50,15.59,12700,8.970506
2006-12-05,15.45,15.55,15.28,15.50,51800,8.91872
2006-12-04,15.98,16.01,15.45,15.50,69000,8.91872
2006-12-01,15.96,15.96,15.61,15.80,38200,9.091341
2006-11-30,16.200001,16.34,15.99,15.99,4000,9.200667
2006-11-29,16.16,16.24,16.00,16.16,12300,9.298485
2006-11-28,16.16,16.389999,16.07,16.280001,11900,9.367534
2006-11-27,16.200001,16.209999,16.15,16.15,9900,9.292731
2006-11-24,16.23,16.26,16.00,16.10,7600,9.263961
2006-11-22,16.860001,16.870001,16.50,16.57,25600,9.534399
2006-11-21,16.799999,17.059999,16.620001,16.879999,10100,9.712774
2006-11-20,17.00,17.00,16.549999,16.629999,6500,9.568923
2006-11-17,17.139999,17.469999,17.139999,17.299999,13600,9.954442
2006-11-16,17.450001,17.620001,17.110001,17.15,12300,9.868132
2006-11-15,17.40,17.559999,17.370001,17.49,118000,10.063769
2006-11-14,18.040001,18.040001,17.040001,17.68,16600,10.173095
2006-11-13,17.50,18.23,17.50,17.90,78900,10.299683
2006-11-10,17.030001,17.17,16.940001,17.17,4100,9.87964
2006-11-09,16.84,16.950001,16.84,16.84,3100,9.689758
2006-11-08,17.17,17.17,16.66,16.75,19200,9.637972
2006-11-07,16.99,17.030001,16.889999,17.030001,7300,9.799085
2006-11-06,16.950001,16.99,16.719999,16.93,15800,9.741544
2006-11-03,16.389999,16.610001,16.360001,16.610001,5900,9.557416
2006-11-02,16.66,16.66,16.280001,16.440001,20100,9.459598
2006-11-01,17.299999,17.309999,16.85,17.00,25000,9.781822
2006-10-31,17.01,17.41,17.00,17.309999,17900,9.960196
2006-10-30,16.969999,16.98,16.280001,16.719999,46300,9.620709
2006-10-27,17.639999,17.639999,16.98,16.98,16000,9.770314
2006-10-26,16.940001,17.639999,16.84,17.57,27900,10.109801
2006-10-25,16.790001,17.02,16.790001,16.950001,15600,9.753053
2006-10-24,16.309999,16.889999,16.219999,16.790001,77400,9.660988
2006-10-23,16.030001,16.32,15.75,16.030001,206500,9.223683
2006-10-20,15.46,15.50,15.46,15.46,24500,8.895704
2006-10-19,15.47,15.65,15.40,15.46,25500,8.895704
2006-10-18,15.11,15.34,15.11,15.22,7600,8.757608
2006-10-17,14.99,15.32,14.99,15.21,14000,8.751854
2006-10-16,15.30,15.51,14.99,15.10,60200,8.68856
2006-10-13,15.42,15.52,15.37,15.40,37600,8.86118
2006-10-12,15.35,15.55,15.35,15.55,3300,8.94749
2006-10-11,15.38,15.55,15.31,15.35,24800,8.83241
2006-10-10,14.89,15.30,14.89,15.14,29300,8.711576
2006-10-09,14.87,15.10,14.81,14.89,45600,8.567726
2006-10-06,14.80,14.90,14.80,14.90,30000,8.573479
2006-10-05,14.90,14.94,14.79,14.81,5700,8.521694
2006-10-04,14.37,14.90,14.37,14.80,68200,8.515939
2006-10-03,14.24,14.40,14.24,14.27,20100,8.210977
2006-10-02,14.33,14.35,14.05,14.25,71000,8.199469
2006-09-29,14.38,14.40,14.34,14.35,12800,8.257009
2006-09-28,14.74,14.74,14.37,14.40,5800,8.285779
2006-09-27,14.41,14.70,14.41,14.60,6600,8.400859
2006-09-26,14.64,14.71,14.46,14.56,21500,8.377843
2006-09-25,14.80,14.82,14.58,14.74,19600,8.481415
2006-09-22,14.99,14.99,14.65,14.74,29700,8.481415
2006-09-21,14.80,15.01,14.60,14.94,23600,8.596495
2006-09-20,15.21,15.21,14.60,14.91,35200,8.579233
2006-09-19,15.07,15.34,14.92,15.06,12000,8.665544
2006-09-18,15.04,15.29,15.04,15.06,27900,8.665544
2006-09-15,15.15,15.30,15.07,15.20,30200,8.7461
2006-09-14,15.11,15.30,15.05,15.13,74100,8.705822
2006-09-13,14.99,15.04,14.90,15.04,7100,8.654036
2006-09-12,14.92,14.92,14.54,14.84,24300,8.538955
2006-09-11,14.81,14.81,14.48,14.48,40600,8.331811
2006-09-08,14.85,15.00,14.82,14.93,15300,8.590742
2006-09-07,14.66,15.11,14.60,14.86,44800,8.550463
2006-09-06,14.40,14.74,14.40,14.57,65700,8.383597
2006-09-05,13.98,14.12,13.95,14.07,24200,8.095896
2006-09-01,13.83,13.94,13.83,13.88,31000,7.98657
2006-08-31,14.10,14.15,13.78,13.84,32000,7.963554
2006-08-30,14.24,14.24,14.01,14.10,13500,8.113159
2006-08-29,14.05,14.16,14.00,14.05,30000,8.084388
2006-08-28,13.95,14.19,13.95,14.05,21100,8.084388
2006-08-25,14.28,14.28,14.09,14.15,2300,8.141928
2006-08-24,14.15,14.27,14.06,14.07,15400,8.095896
2006-08-23,14.22,14.33,13.90,14.06,40200,8.090143
2006-08-22,14.48,14.48,14.18,14.18,10500,8.159191
2006-08-21,14.27,14.53,14.18,14.48,49200,8.331811
2006-08-18,14.41,14.41,14.10,14.28,61200,8.21673
2006-08-17,14.72,14.72,14.10,14.23,47600,8.18796
2006-08-16,14.98,14.98,14.55,14.60,72100,8.400859
2006-08-15,14.23,14.51,14.14,14.45,15400,8.314549
2006-08-14,14.20,14.30,13.98,14.05,23100,8.084388
2006-08-11,14.06,14.22,13.93,14.10,14700,8.113159
2006-08-10,14.19,14.21,14.03,14.10,8600,8.113159
2006-08-09,14.44,14.56,14.27,14.33,33900,8.245501
2006-08-08,14.33,14.40,14.13,14.23,53000,8.18796
2006-08-07,14.40,14.40,13.83,14.05,24800,8.084388
2006-08-04,14.40,14.41,14.24,14.40,34200,8.285779
2006-08-03,14.56,14.56,14.33,14.37,12300,8.268517
2006-08-02,14.27,14.73,14.27,14.62,45900,8.412367
2006-08-01,14.24,14.24,13.99,13.99,8600,8.049864
2006-07-31,14.30,14.45,14.12,14.43,56600,8.303041
2006-07-28,14.00,14.00,13.76,13.99,27900,8.049864
2006-07-27,14.12,14.32,13.85,13.86,48100,7.975062
2006-07-26,14.10,14.19,13.65,13.90,33800,7.998078
2006-07-25,14.52,14.67,14.35,14.49,69600,8.337565
2006-07-24,14.45,14.73,14.16,14.52,54700,8.354827
2006-07-21,14.95,14.95,14.00,14.37,53800,8.268517
2006-07-20,14.98,15.10,14.93,14.95,21500,8.602249
2006-07-19,14.66,14.99,14.62,14.93,28500,8.590742
2006-07-18,14.72,14.93,14.50,14.74,57200,8.481415
2006-07-17,14.39,14.89,13.99,14.25,91000,8.199469
2006-07-14,13.61,13.70,13.11,13.36,34700,7.687361
2006-07-13,13.94,14.00,13.52,13.65,42000,7.854228
2006-07-12,14.50,14.50,13.95,14.08,43300,8.10165
2006-07-11,15.14,15.16,14.91,15.09,33500,8.682806
2006-07-10,15.34,15.35,15.00,15.14,53300,8.711576
2006-07-07,15.18,15.23,15.00,15.19,51000,8.740346
2006-07-06,15.06,15.38,15.06,15.24,14800,8.769116
2006-07-05,14.81,15.11,14.66,14.99,70300,8.625265
2006-07-03,14.22,14.80,14.13,14.66,131500,8.435383
2006-06-30,13.84,14.15,13.84,14.01,113300,8.061372
2006-06-29,13.95,14.05,13.67,13.83,77900,7.9578
2006-06-28,14.02,14.45,13.92,14.00,141400,8.055618
2006-06-27,14.34,14.37,13.92,14.05,337300,8.084388
2006-06-26,14.41,14.41,13.92,14.10,47700,8.113159
2006-06-23,14.40,14.42,14.22,14.42,35600,8.297287
2006-06-22,14.91,14.91,14.24,14.36,28500,8.262763
2006-06-21,14.52,15.00,14.40,14.62,63600,8.412367
2006-06-20,14.69,14.69,14.37,14.54,302600,8.366335
2006-06-19,15.01,15.01,14.50,14.68,20700,8.446891
2006-06-16,14.83,14.88,14.53,14.88,13500,8.561972
2006-06-15,14.00,14.88,14.00,14.88,81200,8.561972
2006-06-14,13.90,14.32,13.79,13.95,43900,8.026848
2006-06-13,13.87,14.15,13.66,13.85,42300,7.969308
2006-06-12,14.03,14.13,13.96,14.00,129500,8.055618
2006-06-09,14.10,14.15,13.87,14.02,295400,8.067127
2006-06-08,14.09,14.11,13.81,13.96,120900,8.032602
2006-06-07,14.27,14.52,14.03,14.23,125300,8.18796
2006-06-06,14.79,14.83,14.16,14.30,65500,8.228239
2006-06-05,15.31,15.50,14.75,14.81,192800,8.521694
2006-06-02,15.01,15.06,14.88,14.95,83100,8.602249
2006-06-01,14.83,14.99,14.71,14.94,18600,8.596495
2006-05-31,14.82,14.96,14.63,14.87,55600,8.556217
2006-05-30,14.85,15.05,14.61,14.69,161700,8.452645
2006-05-26,14.06,14.18,13.80,14.15,160400,8.141928
2006-05-25,14.12,14.40,13.71,14.00,222600,8.055618
2006-05-24,15.11,15.11,14.05,14.12,372100,8.124666
2006-05-23,15.49,15.73,15.07,15.16,147000,8.723084
2006-05-22,15.78,15.78,15.55,15.55,33900,8.94749
2006-05-19,16.190001,16.50,16.190001,16.35,6700,9.407812
2006-05-18,16.309999,16.610001,15.58,16.26,34100,9.356025
2006-05-17,16.639999,16.690001,16.16,16.309999,30900,9.384795
2006-05-16,16.23,16.65,16.23,16.52,42400,9.50563
2006-05-15,16.40,16.40,15.83,16.15,74000,9.292731
2006-05-12,15.27,15.61,15.26,15.36,113800,8.838164
2006-05-11,15.53,15.80,15.36,15.36,85300,8.838164
2006-05-10,16.290001,16.290001,15.13,15.27,348900,8.786378
2006-05-09,16.530001,16.530001,16.200001,16.35,72200,9.407812
2006-05-08,16.799999,16.83,16.40,16.50,79900,9.494122
2006-05-05,16.860001,17.00,16.68,16.799999,127200,9.666742
2006-05-04,16.93,16.93,16.75,16.82,32000,9.67825
2006-05-03,16.940001,17.15,16.889999,16.98,77400,9.770314
2006-05-02,17.280001,17.370001,16.700001,16.889999,61000,9.718528
2006-05-01,16.60,17.200001,16.32,16.73,26300,9.626464
2006-04-28,16.50,16.77,16.43,16.639999,17500,9.574677
2006-04-27,16.66,16.690001,16.110001,16.43,17700,9.453844
2006-04-26,16.52,16.799999,16.450001,16.68,9400,9.597694
2006-04-25,16.879999,16.93,16.59,16.799999,32500,9.666742
2006-04-24,16.799999,16.950001,16.629999,16.629999,30200,9.568923
2006-04-21,17.00,17.049999,16.68,16.799999,18100,9.666742
2006-04-20,17.26,17.26,16.85,16.93,30500,9.741544
2006-04-19,16.959999,17.32,16.91,17.200001,127600,9.896903
2006-04-18,17.10,17.10,16.82,16.98,8400,9.770314
2006-04-17,16.870001,17.379999,16.85,17.00,51700,9.781822
2006-04-13,16.209999,16.870001,16.209999,16.76,17900,9.643726
2006-04-12,16.00,16.209999,15.94,16.15,5000,9.292731
2006-04-11,16.790001,16.85,15.56,15.95,36100,9.177651
2006-04-10,16.889999,17.15,16.73,16.82,14100,9.67825
2006-04-07,16.57,16.82,16.549999,16.82,9600,9.67825
2006-04-06,16.50,16.85,16.50,16.75,28500,9.637972
2006-04-05,16.049999,16.50,16.01,16.469999,57500,9.476859
2006-04-04,15.75,15.97,15.58,15.97,51100,9.189159
2006-04-03,15.32,15.53,15.32,15.53,35700,8.935982
2006-03-31,15.75,15.75,15.07,15.13,126800,8.705822
2006-03-30,15.69,15.84,15.63,15.74,20200,8.964752
2006-03-29,16.040001,16.040001,15.67,15.74,39000,8.964752
2006-03-28,16.16,16.450001,15.97,16.08,77600,9.1584
2006-03-27,15.89,16.40,15.77,16.24,56200,9.249528
2006-03-24,15.82,15.89,15.71,15.83,18800,9.016012
2006-03-23,15.96,16.049999,15.75,15.81,6600,9.004621
2006-03-22,16.01,16.15,15.84,16.049999,22900,9.141313
2006-03-21,15.79,16.17,15.79,15.97,32400,9.095749
2006-03-20,15.87,16.120001,15.70,15.71,60100,8.947666
2006-03-17,16.27,16.27,15.69,15.81,48900,9.004621
2006-03-16,15.80,16.50,15.75,16.290001,17700,9.278007
2006-03-15,16.00,16.139999,15.43,15.80,148700,8.998926
2006-03-14,16.290001,16.52,16.030001,16.049999,107400,9.141313
2006-03-13,16.459999,16.75,16.35,16.370001,45900,9.323571
2006-03-10,17.00,17.02,16.469999,16.48,64200,9.386221
2006-03-09,16.969999,17.17,16.870001,17.00,69700,9.682388
2006-03-08,16.85,17.030001,16.75,17.00,107800,9.682388
2006-03-07,16.700001,17.01,16.67,16.84,151300,9.59126
2006-03-06,17.01,17.059999,16.75,16.790001,133000,9.562783
2006-03-03,17.00,17.26,16.99,17.01,34100,9.688084
2006-03-02,16.85,17.09,16.700001,17.00,32500,9.682388
2006-03-01,17.00,17.43,17.00,17.00,33900,9.682388
2006-02-28,16.85,17.60,16.549999,17.00,92800,9.682388
2006-02-27,16.10,17.049999,16.08,16.93,97600,9.64252
2006-02-24,15.02,16.25,14.98,16.139999,119500,9.192573
2006-02-23,15.72,15.95,14.83,14.97,210800,8.526197
2006-02-22,16.58,16.780001,15.66,15.80,239500,8.998926
2006-02-21,16.51,16.84,16.40,16.629999,37400,9.471653
2006-02-17,16.25,16.66,16.25,16.440001,21900,9.363439
2006-02-16,16.190001,16.379999,16.110001,16.309999,47800,9.289397
2006-02-15,16.67,16.780001,16.18,16.24,101000,9.249528
2006-02-14,16.940001,16.99,16.690001,16.950001,31900,9.653911
2006-02-13,17.389999,17.389999,16.709999,16.99,24100,9.676692
2006-02-10,17.120001,17.42,16.950001,17.34,37500,9.876036
2006-02-09,17.32,17.700001,17.200001,17.209999,29900,9.801994
2006-02-08,17.00,17.24,16.42,17.139999,438500,9.762125
2006-02-07,17.940001,17.940001,16.41,17.00,109600,9.682388
2006-02-06,18.00,18.00,17.84,18.00,23300,10.25194
2006-02-03,18.00,18.200001,17.940001,18.00,60300,10.25194
2006-02-02,18.10,18.190001,17.700001,18.059999,45600,10.286113
2006-02-01,17.67,18.200001,17.629999,18.07,62000,10.291809
2006-01-31,18.07,18.07,17.459999,17.76,31000,10.115248
2006-01-30,18.15,18.15,17.610001,18.040001,60500,10.274723
2006-01-27,18.690001,18.690001,17.950001,18.190001,41200,10.360156
2006-01-26,18.23,18.66,18.23,18.59,63100,10.587976
2006-01-25,17.59,18.450001,17.59,18.120001,71700,10.320287
2006-01-24,17.27,17.790001,17.27,17.57,42400,10.007033
2006-01-23,17.66,17.809999,17.209999,17.32,67400,9.864645
2006-01-20,18.120001,18.18,17.360001,17.559999,72200,10.001337
2006-01-19,18.23,18.33,17.90,18.030001,118200,10.269027
2006-01-18,18.200001,18.40,17.85,18.129999,50800,10.325982
2006-01-17,18.00,18.40,17.799999,18.200001,162700,10.365851
2006-01-13,17.42,17.90,17.35,17.879999,34300,10.183594
2006-01-12,17.98,18.200001,17.50,17.60,227400,10.02412
2006-01-11,17.99,18.10,17.60,17.860001,149500,10.172203
2006-01-10,16.610001,18.33,16.549999,17.860001,485800,10.172203
2006-01-09,16.26,16.889999,16.00,16.43,77900,9.357744
2006-01-06,16.200001,16.309999,15.94,16.139999,46000,9.192573
2006-01-05,15.96,16.35,15.60,16.290001,127300,9.278007
2006-01-04,16.99,16.99,16.17,16.379999,49800,9.329265
2006-01-03,16.389999,16.98,16.379999,16.440001,84400,9.363439
2005-12-30,15.55,16.40,15.55,15.95,94100,9.084358
2005-12-29,15.70,16.18,15.70,15.84,23200,9.021708
2005-12-28,15.67,16.049999,15.50,15.90,70600,9.05588
2005-12-27,16.34,16.379999,16.01,16.08,61600,9.1584
2005-12-23,17.10,17.129999,16.52,16.540001,181000,9.420395
2005-12-22,15.69,17.030001,15.60,16.65,254700,9.483045
2005-12-21,15.58,15.72,15.35,15.52,29300,8.839451
2005-12-20,15.50,15.57,15.35,15.50,41800,8.82806
2005-12-19,15.95,15.95,15.40,15.51,135600,8.833755
2005-12-16,16.15,16.379999,15.91,16.00,65100,9.112836
2005-12-15,15.77,16.280001,15.77,16.15,109600,9.198269
2005-12-14,15.30,16.23,14.90,15.87,476600,9.038794
2005-12-13,14.99,15.36,14.68,15.00,95200,8.543284
2005-12-12,14.92,14.99,14.63,14.90,62000,8.486328
2005-12-09,14.84,14.88,14.70,14.70,50200,8.372418
2005-12-08,14.20,14.90,14.20,14.90,70600,8.486328
2005-12-07,14.50,14.50,14.25,14.44,73500,8.224334
2005-12-06,14.56,14.79,14.45,14.57,41700,8.298376
2005-12-05,15.00,15.00,14.52,14.60,74900,8.315463
2005-12-02,14.86,15.13,14.63,14.94,166700,8.50911
2005-12-01,14.39,14.67,14.34,14.49,74900,8.252812
2005-11-30,14.77,14.77,14.43,14.54,65400,8.28129
2005-11-29,14.43,14.75,14.42,14.55,68600,8.286985
2005-11-28,14.29,14.64,14.18,14.26,103000,8.121815
2005-11-25,14.61,14.61,14.23,14.43,71100,8.218639
2005-11-23,14.46,14.98,14.46,14.75,171400,8.400896
2005-11-22,13.88,14.76,13.88,14.66,117800,8.349636
2005-11-21,14.26,14.26,13.90,14.09,120100,8.024991
2005-11-18,14.67,14.75,14.23,14.35,59500,8.173075
2005-11-17,14.09,14.79,14.09,14.66,154800,8.349636
2005-11-16,13.70,13.73,13.64,13.67,130600,7.785779
2005-11-15,13.94,14.09,13.70,13.75,210500,7.831343
2005-11-14,14.44,14.78,14.08,14.36,272100,8.17877
2005-11-11,14.52,15.40,14.52,15.33,198800,8.731236
2005-11-10,14.26,14.88,14.26,14.58,85700,8.304072
2005-11-09,14.82,15.02,14.25,14.58,95300,8.304072
2005-11-08,13.91,15.00,13.91,14.47,315400,8.241421
2005-11-07,14.29,14.29,13.85,14.08,107300,8.019296
2005-11-04,13.75,14.46,13.50,13.88,240200,7.905385
2005-11-03,13.39,14.12,13.15,13.70,182200,7.802866
2005-11-02,12.65,13.40,12.65,13.26,90400,7.552263
2005-11-01,13.00,13.06,12.98,13.00,35800,7.404179
2005-10-31,12.55,13.23,12.55,13.00,74300,7.404179
2005-10-28,12.86,12.86,12.55,12.73,32600,7.2504
2005-10-27,12.99,12.99,12.50,12.86,101600,7.324442
2005-10-26,11.75,12.75,11.75,12.55,294800,7.147881
2005-10-25,11.86,12.39,11.86,12.01,58700,6.840323
2005-10-24,11.90,11.90,11.76,11.80,43700,6.720717
2005-10-21,11.75,12.00,11.75,11.91,12100,6.783367
2005-10-20,11.85,12.01,11.85,11.90,28300,6.777671
2005-10-19,11.66,11.78,11.55,11.74,101100,6.686543
2005-10-18,11.90,12.09,11.85,12.00,34300,6.834627
2005-10-17,12.10,12.13,11.32,11.84,73900,6.743499
2005-10-14,12.11,12.40,12.11,12.25,20400,6.977015
2005-10-13,12.20,12.77,12.11,12.11,28700,6.897277
2005-10-12,12.75,12.75,12.15,12.28,40300,6.994101
2005-10-11,12.45,12.58,12.00,12.35,260500,7.03397
2005-10-10,12.80,12.81,12.38,12.50,58800,7.119403
2005-10-07,13.00,13.00,12.68,12.76,106200,7.267487
2005-10-06,12.60,12.89,12.60,12.89,125000,7.341529
2005-10-05,13.00,13.07,12.75,12.80,227400,7.290269
2005-10-04,13.06,13.16,13.00,13.03,48900,7.421266
2005-10-03,13.15,13.15,13.00,13.03,259700,7.421266
2005-09-30,13.17,13.55,13.00,13.15,172300,7.489612
2005-09-29,13.36,13.59,13.00,13.10,938800,7.461135
2005-09-28,13.15,13.79,13.10,13.47,2976100,7.671869
