Date,Open,High,Low,Close,Volume,Adj Close
2015-08-07,1.45,1.45,1.44,1.45,800,1.45
2015-08-06,1.40,1.45,1.40,1.41,20100,1.41
2015-08-05,1.47,1.60,1.40,1.40,73700,1.40
2015-08-04,1.44,1.47,1.40,1.44,50600,1.44
2015-08-03,1.53,1.53,1.44,1.46,21500,1.46
2015-07-31,1.49,1.52,1.49,1.50,4900,1.50
2015-07-30,1.52,1.52,1.50,1.50,3900,1.50
2015-07-29,1.45,1.52,1.45,1.50,7900,1.50
2015-07-28,1.40,1.50,1.40,1.50,5000,1.50
2015-07-27,1.49,1.50,1.49,1.50,600,1.50
2015-07-24,1.41,1.48,1.41,1.48,9500,1.48
2015-07-23,1.46,1.47,1.41,1.47,8700,1.47
2015-07-22,1.40,1.44,1.40,1.44,65500,1.44
2015-07-21,1.40,1.40,1.36,1.40,17800,1.40
2015-07-20,1.35,1.40,1.35,1.40,7900,1.40
2015-07-17,1.35,1.39,1.35,1.39,10300,1.39
2015-07-16,1.37,1.38,1.35,1.38,40200,1.38
2015-07-15,1.38,1.39,1.36,1.36,5900,1.36
2015-07-14,1.33,1.39,1.32,1.38,54700,1.38
2015-07-13,1.33,1.37,1.32,1.37,19600,1.37
2015-07-10,1.31,1.37,1.31,1.33,92700,1.33
2015-07-09,1.35,1.38,1.30,1.35,174500,1.35
2015-07-08,1.35,1.39,1.35,1.35,89000,1.35
2015-07-07,1.38,1.40,1.35,1.37,2900,1.37
2015-07-06,1.40,1.41,1.36,1.41,5500,1.41
2015-07-02,1.39,1.39,1.37,1.37,2800,1.37
2015-07-01,1.37,1.39,1.37,1.37,4100,1.37
2015-06-30,1.41,1.42,1.35,1.35,8200,1.35
2015-06-29,1.41,1.42,1.39,1.42,3600,1.42
2015-06-26,1.39,1.42,1.37,1.37,11900,1.37
2015-06-25,1.42,1.42,1.38,1.38,6700,1.38
2015-06-24,1.38,1.41,1.37,1.41,2800,1.41
2015-06-23,1.38,1.38,1.37,1.38,15400,1.38
2015-06-22,1.37,1.38,1.37,1.38,2400,1.38
2015-06-19,1.36,1.42,1.35,1.35,6600,1.35
2015-06-18,1.42,1.42,1.40,1.41,1300,1.41
2015-06-17,1.37,1.42,1.37,1.40,3400,1.40
2015-06-16,1.37,1.40,1.37,1.38,1600,1.38
2015-06-15,1.37,1.41,1.37,1.41,300,1.41
2015-06-12,1.41,1.42,1.37,1.41,900,1.41
2015-06-11,1.44,1.44,1.36,1.39,3600,1.39
2015-06-10,1.50,1.50,1.36,1.42,29000,1.42
2015-06-09,1.40,1.41,1.38,1.39,19900,1.39
2015-06-08,1.37,1.41,1.30,1.38,89000,1.38
2015-06-05,1.30,1.44,1.30,1.40,514600,1.40
2015-06-04,1.30,1.30,1.29,1.29,405800,1.29
2015-06-03,1.31,1.31,1.29,1.29,61700,1.29
2015-06-02,1.34,1.35,1.29,1.33,17100,1.33
2015-06-01,1.39,1.39,1.32,1.36,4000,1.36
2015-05-29,1.35,1.39,1.30,1.39,18500,1.39
2015-05-28,1.37,1.37,1.32,1.32,4000,1.32
2015-05-27,1.32,1.39,1.30,1.30,32900,1.30
2015-05-26,1.32,1.41,1.32,1.32,9700,1.32
2015-05-22,1.53,1.54,1.30,1.38,19000,1.38
2015-05-21,1.40,1.56,1.32,1.37,23700,1.37
2015-05-20,1.37,1.56,1.32,1.36,72400,1.36
2015-05-19,1.31,1.39,1.27,1.30,241300,1.30
2015-05-18,1.27,1.35,1.27,1.35,12600,1.35
2015-05-15,1.27,1.33,1.25,1.28,21300,1.28
2015-05-14,1.29,1.29,1.24,1.24,4600,1.24
2015-05-13,1.30,1.30,1.29,1.30,7800,1.30
2015-05-12,1.29,1.30,1.29,1.29,5600,1.29
2015-05-11,1.29,1.30,1.29,1.29,6400,1.29
2015-05-08,1.29,1.31,1.29,1.31,12400,1.31
2015-05-07,1.33,1.34,1.31,1.34,1100,1.34
2015-05-06,1.29,1.31,1.29,1.31,4200,1.31
2015-05-05,1.30,1.33,1.29,1.32,1500,1.32
2015-05-04,1.29,1.33,1.29,1.29,6500,1.29
2015-05-01,1.32,1.34,1.26,1.30,19300,1.30
2015-04-30,1.34,1.45,1.23,1.29,174200,1.29
2015-04-29,1.25,1.29,1.21,1.29,65000,1.29
2015-04-28,1.22,1.26,1.22,1.23,2900,1.23
2015-04-27,1.30,1.31,1.23,1.23,13400,1.23
2015-04-24,1.30,1.34,1.30,1.34,9400,1.34
2015-04-23,1.34,1.35,1.34,1.35,700,1.35
2015-04-22,1.32,1.38,1.29,1.30,43900,1.30
2015-04-21,1.34,1.34,1.30,1.32,15300,1.32
2015-04-20,1.32,1.34,1.29,1.30,42300,1.30
2015-04-17,1.42,1.46,1.32,1.35,10700,1.35
2015-04-16,1.45,1.47,1.34,1.38,40900,1.38
2015-04-15,1.28,1.46,1.28,1.37,89800,1.37
2015-04-14,1.37,1.37,1.30,1.33,37700,1.33
2015-04-13,1.36,1.39,1.30,1.30,17100,1.30
2015-04-10,1.37,1.43,1.32,1.36,400,1.36
2015-04-09,1.31,1.36,1.31,1.34,1500,1.34
2015-04-08,1.37,1.42,1.30,1.33,104300,1.33
2015-04-07,1.30,1.37,1.29,1.35,49600,1.35
2015-04-06,1.31,1.37,1.29,1.35,48900,1.35
2015-04-02,1.34,1.37,1.31,1.36,9100,1.36
2015-04-01,1.31,1.37,1.30,1.30,20800,1.30
2015-03-31,1.37,1.37,1.31,1.31,9600,1.31
2015-03-30,1.31,1.36,1.31,1.34,11300,1.34
2015-03-27,1.32,1.32,1.32,1.32,100,1.32
2015-03-26,1.31,1.33,1.31,1.33,1700,1.33
2015-03-25,1.33,1.34,1.30,1.31,37500,1.31
2015-03-24,1.32,1.35,1.32,1.35,14000,1.35
2015-03-23,1.35,1.38,1.35,1.35,10000,1.35
2015-03-20,1.35,1.35,1.32,1.32,1100,1.32
2015-03-19,1.35,1.35,1.32,1.35,800,1.35
2015-03-18,1.34,1.35,1.32,1.33,8300,1.33
2015-03-17,1.32,1.33,1.32,1.33,3700,1.33
2015-03-16,1.35,1.35,1.32,1.34,500,1.34
2015-03-13,1.35,1.35,1.32,1.34,600,1.34
2015-03-12,1.31,1.35,1.31,1.31,4200,1.31
2015-03-11,1.33,1.36,1.32,1.32,2000,1.32
2015-03-10,1.36,1.39,1.33,1.33,2100,1.33
2015-03-09,1.36,1.37,1.36,1.36,1200,1.36
2015-03-06,1.31,1.35,1.31,1.35,1200,1.35
2015-03-05,1.31,1.37,1.28,1.34,26800,1.34
2015-03-04,1.39,1.39,1.29,1.30,19700,1.30
2015-03-03,1.32,1.37,1.32,1.37,5200,1.37
2015-03-02,1.39,1.39,1.31,1.32,21900,1.32
2015-02-27,1.38,1.40,1.32,1.39,13100,1.39
2015-02-26,1.40,1.43,1.35,1.38,21900,1.38
2015-02-25,1.40,1.41,1.38,1.39,14200,1.39
2015-02-24,1.46,1.46,1.31,1.38,20400,1.38
2015-02-23,1.51,1.51,1.46,1.46,400,1.46
2015-02-20,1.54,1.54,1.47,1.48,7000,1.48
2015-02-19,1.52,1.70,1.45,1.46,59400,1.46
2015-02-18,1.56,1.58,1.56,1.58,2000,1.58
2015-02-17,1.52,1.55,1.47,1.53,10600,1.53
2015-02-13,1.52,1.57,1.51,1.56,1900,1.56
2015-02-12,1.54,1.57,1.51,1.52,8400,1.52
2015-02-11,1.53,1.57,1.53,1.57,1800,1.57
2015-02-10,1.52,1.57,1.52,1.57,700,1.57
2015-02-09,1.52,1.57,1.51,1.57,6900,1.57
2015-02-06,1.57,1.57,1.56,1.56,800,1.56
2015-02-05,1.60,1.65,1.56,1.59,24500,1.59
2015-02-04,1.45,1.60,1.45,1.59,16900,1.59
2015-02-03,1.50,1.54,1.38,1.49,31000,1.49
2015-02-02,1.54,1.59,1.50,1.50,11500,1.50
2015-01-30,1.59,1.59,1.52,1.59,13100,1.59
2015-01-29,1.50,1.59,1.50,1.59,9000,1.59
2015-01-28,1.60,1.60,1.51,1.54,13700,1.54
2015-01-27,1.57,1.61,1.55,1.61,7300,1.61
2015-01-26,1.60,1.65,1.58,1.58,6400,1.58
2015-01-23,1.65,1.67,1.65,1.66,800,1.66
2015-01-22,1.63,1.64,1.60,1.62,3200,1.62
2015-01-21,1.58,1.60,1.55,1.60,10900,1.60
2015-01-20,1.59,1.61,1.56,1.56,8800,1.56
2015-01-16,1.65,1.68,1.58,1.58,7400,1.58
2015-01-15,1.59,1.64,1.59,1.64,800,1.64
2015-01-14,1.65,1.65,1.61,1.63,3400,1.63
2015-01-13,1.69,1.69,1.64,1.67,700,1.67
2015-01-12,1.65,1.68,1.61,1.67,7600,1.67
2015-01-09,1.64,1.65,1.56,1.64,5700,1.64
2015-01-08,1.62,1.64,1.55,1.63,21500,1.63
2015-01-07,1.55,1.65,1.55,1.61,10100,1.61
2015-01-06,1.55,1.60,1.55,1.58,9700,1.58
2015-01-05,1.49,1.54,1.35,1.54,46100,1.54
2015-01-02,1.40,1.48,1.39,1.42,900,1.42
2014-12-31,1.37,1.46,1.32,1.46,12900,1.46
2014-12-30,1.40,1.41,1.33,1.33,14200,1.33
2014-12-29,1.50,1.52,1.36,1.40,17900,1.40
2014-12-26,1.50,1.50,1.44,1.49,1700,1.49
2014-12-24,1.42,1.47,1.42,1.47,1700,1.47
2014-12-23,1.41,1.48,1.38,1.48,51600,1.48
2014-12-22,1.39,1.39,1.35,1.35,4000,1.35
2014-12-19,1.35,1.39,1.35,1.39,17000,1.39
2014-12-18,1.38,1.38,1.32,1.35,24600,1.35
2014-12-17,1.33,1.38,1.32,1.32,8200,1.32
2014-12-16,1.32,1.35,1.32,1.34,5500,1.34
2014-12-15,1.33,1.35,1.30,1.31,16700,1.31
2014-12-12,1.35,1.35,1.31,1.33,26600,1.33
2014-12-11,1.41,1.43,1.37,1.37,9200,1.37
2014-12-10,1.41,1.49,1.40,1.42,7600,1.42
2014-12-09,1.43,1.49,1.42,1.47,1200,1.47
2014-12-08,1.40,1.49,1.40,1.46,11200,1.46
2014-12-05,1.39,1.50,1.39,1.47,5200,1.47
2014-12-04,1.49,1.49,1.38,1.43,31600,1.43
2014-12-03,1.43,1.51,1.41,1.44,26300,1.44
2014-12-02,1.40,1.43,1.40,1.40,12900,1.40
2014-12-01,1.38,1.43,1.38,1.40,12200,1.40
2014-11-28,1.44,1.44,1.39,1.43,3600,1.43
2014-11-26,1.41,1.44,1.35,1.42,7400,1.42
2014-11-25,1.38,1.44,1.36,1.40,10700,1.40
2014-11-24,1.41,1.44,1.40,1.40,8100,1.40
2014-11-21,1.45,1.45,1.38,1.38,25900,1.38
2014-11-20,1.45,1.45,1.38,1.40,6000,1.40
2014-11-19,1.39,1.45,1.38,1.39,23100,1.39
2014-11-18,1.43,1.45,1.40,1.42,6400,1.42
2014-11-17,1.38,1.45,1.38,1.40,5000,1.40
2014-11-14,1.40,1.45,1.38,1.40,12300,1.40
2014-11-13,1.42,1.44,1.37,1.40,6300,1.40
2014-11-12,1.33,1.44,1.32,1.39,22200,1.39
2014-11-11,1.35,1.40,1.33,1.40,4200,1.40
2014-11-10,1.30,1.41,1.30,1.35,5500,1.35
2014-11-07,1.25,1.41,1.25,1.36,27700,1.36
2014-11-06,1.30,1.43,1.30,1.32,25100,1.32
2014-11-05,1.25,1.36,1.25,1.31,57300,1.31
2014-11-04,1.33,1.36,1.27,1.28,18200,1.28
2014-11-03,1.38,1.40,1.33,1.34,5700,1.34
2014-10-31,1.34,1.39,1.33,1.39,11600,1.39
2014-10-30,1.35,1.40,1.33,1.36,10600,1.36
2014-10-29,1.40,1.40,1.34,1.34,5800,1.34
2014-10-28,1.39,1.46,1.31,1.31,30500,1.31
2014-10-27,1.34,1.45,1.32,1.41,25900,1.41
2014-10-24,1.37,1.37,1.33,1.36,3800,1.36
2014-10-23,1.48,1.48,1.25,1.38,46700,1.38
2014-10-22,1.34,1.42,1.34,1.41,12600,1.41
2014-10-21,1.50,1.50,1.33,1.42,4600,1.42
2014-10-20,1.32,1.46,1.31,1.43,27600,1.43
2014-10-17,1.30,1.35,1.27,1.31,13900,1.31
2014-10-16,1.36,1.36,1.26,1.33,7700,1.33
2014-10-15,1.30,1.37,1.24,1.34,25800,1.34
2014-10-14,1.33,1.46,1.30,1.35,13100,1.35
2014-10-13,1.28,1.47,1.21,1.38,34700,1.38
2014-10-10,1.26,1.33,1.25,1.25,7100,1.25
2014-10-09,1.34,1.35,1.27,1.30,187300,1.30
2014-10-08,1.30,1.40,1.21,1.36,157000,1.36
2014-10-07,1.48,1.48,1.29,1.30,39900,1.30
2014-10-06,1.48,1.49,1.42,1.42,14500,1.42
2014-10-03,1.47,1.53,1.46,1.50,11900,1.50
2014-10-02,1.37,1.51,1.36,1.46,28200,1.46
2014-10-01,1.38,1.43,1.30,1.35,15200,1.35
2014-09-30,1.38,1.44,1.36,1.40,12600,1.40
2014-09-29,1.38,1.43,1.36,1.42,11400,1.42
2014-09-26,1.46,1.46,1.38,1.45,23000,1.45
2014-09-25,1.50,1.51,1.37,1.48,5500,1.48
2014-09-24,1.40,1.51,1.40,1.46,8100,1.46
2014-09-23,1.41,1.46,1.38,1.41,10300,1.41
2014-09-22,1.39,1.45,1.38,1.45,58700,1.45
2014-09-19,1.46,1.49,1.38,1.38,26700,1.38
2014-09-18,1.46,1.47,1.40,1.43,21800,1.43
2014-09-17,1.44,1.46,1.40,1.42,9600,1.42
2014-09-16,1.51,1.51,1.40,1.41,41100,1.41
2014-09-15,1.46,1.65,1.35,1.45,216500,1.45
2014-09-12,1.57,1.61,1.42,1.50,30300,1.50
2014-09-11,1.50,1.59,1.43,1.56,39200,1.56
2014-09-10,1.55,1.58,1.50,1.54,15800,1.54
2014-09-09,1.46,1.57,1.45,1.54,21000,1.54
2014-09-08,1.52,1.55,1.44,1.52,16600,1.52
2014-09-05,1.46,1.53,1.38,1.44,23700,1.44
2014-09-04,1.50,1.50,1.44,1.47,20800,1.47
2014-09-03,1.45,1.54,1.36,1.50,44200,1.50
2014-09-02,1.48,1.55,1.47,1.49,11100,1.49
2014-08-29,1.50,1.57,1.48,1.49,9400,1.49
2014-08-28,1.50,1.55,1.48,1.52,17200,1.52
2014-08-27,1.51,1.51,1.50,1.50,1200,1.50
2014-08-26,1.47,1.56,1.43,1.52,16100,1.52
2014-08-25,1.55,1.58,1.49,1.49,22300,1.49
2014-08-22,1.56,1.59,1.56,1.58,1900,1.58
2014-08-21,1.56,1.59,1.56,1.58,5800,1.58
2014-08-20,1.58,1.59,1.56,1.56,8200,1.56
2014-08-19,1.56,1.67,1.56,1.59,3300,1.59
2014-08-18,1.58,1.58,1.55,1.58,4500,1.58
2014-08-15,1.60,1.60,1.59,1.59,300,1.59
2014-08-14,1.55,1.59,1.55,1.59,500,1.59
2014-08-13,1.56,1.66,1.52,1.54,12800,1.54
2014-08-12,1.55,1.60,1.52,1.57,22200,1.57
2014-08-11,1.66,1.68,1.61,1.66,10100,1.66
2014-08-08,1.63,1.68,1.61,1.63,7700,1.63
2014-08-07,1.57,1.63,1.56,1.63,12500,1.63
2014-08-06,1.50,1.61,1.49,1.59,25200,1.59
2014-08-05,1.62,1.62,1.50,1.55,8200,1.55
2014-08-04,1.52,1.61,1.52,1.59,2600,1.59
2014-08-01,1.50,1.60,1.50,1.55,50300,1.55
2014-07-31,1.52,1.61,1.49,1.55,51200,1.55
2014-07-30,1.55,1.59,1.51,1.54,19300,1.54
2014-07-29,1.60,1.68,1.56,1.56,19800,1.56
2014-07-28,1.60,1.60,1.60,1.60,7600,1.60
2014-07-25,1.61,1.62,1.59,1.61,30700,1.61
2014-07-24,1.66,1.67,1.65,1.65,9500,1.65
2014-07-23,1.65,1.67,1.61,1.66,10500,1.66
2014-07-22,1.65,1.71,1.65,1.68,8100,1.68
2014-07-21,1.72,1.72,1.65,1.67,22800,1.67
2014-07-18,1.64,1.66,1.64,1.64,9500,1.64
2014-07-17,1.60,1.68,1.60,1.64,21600,1.64
2014-07-16,1.67,1.73,1.60,1.63,115600,1.63
2014-07-15,1.65,1.67,1.65,1.67,14300,1.67
2014-07-14,1.65,1.67,1.65,1.67,6600,1.67
2014-07-11,1.64,1.64,1.64,1.64,1300,1.64
2014-07-10,1.64,1.65,1.64,1.65,7200,1.65
2014-07-09,1.65,1.65,1.64,1.65,5900,1.65
2014-07-08,1.65,1.65,1.62,1.65,38200,1.65
2014-07-07,1.70,1.70,1.61,1.67,72400,1.67
2014-07-03,1.61,1.72,1.61,1.65,7700,1.65
2014-07-02,1.65,1.69,1.60,1.62,21900,1.62
2014-07-01,1.73,1.73,1.65,1.66,23900,1.66
2014-06-30,1.70,1.73,1.67,1.69,19500,1.69
2014-06-27,1.65,1.71,1.65,1.66,78200,1.66
2014-06-26,1.61,1.63,1.52,1.63,412700,1.63
2014-06-25,1.51,1.64,1.51,1.60,709800,1.60
2014-06-24,1.57,1.64,1.54,1.56,698100,1.56
2014-06-23,1.50,1.65,1.50,1.57,718700,1.57
2014-06-20,1.58,1.58,1.50,1.50,726600,1.50
2014-06-19,1.59,1.64,1.54,1.61,751700,1.61
2014-06-18,1.62,1.62,1.57,1.59,148300,1.59
2014-06-17,1.78,1.78,1.60,1.64,704700,1.64
2014-06-16,1.90,1.96,1.60,1.80,662900,1.80
2014-06-13,1.81,1.89,1.79,1.89,17500,1.89
2014-06-12,1.82,1.88,1.81,1.86,7600,1.86
2014-06-11,1.87,1.90,1.85,1.85,5000,1.85
2014-06-10,1.84,1.86,1.81,1.84,3000,1.84
2014-06-09,1.82,1.84,1.82,1.84,4300,1.84
2014-06-06,1.88,1.88,1.83,1.84,3600,1.84
2014-06-05,1.83,1.85,1.83,1.85,800,1.85
2014-06-04,1.85,1.85,1.85,1.85,000,1.85
2014-06-03,1.88,1.89,1.82,1.85,4200,1.85
2014-06-02,1.88,1.98,1.87,1.89,1700,1.89
2014-05-30,1.88,1.94,1.85,1.91,2700,1.91
2014-05-29,1.88,1.91,1.88,1.89,3500,1.89
2014-05-28,1.95,2.00,1.88,1.94,9200,1.94
2014-05-27,1.97,2.02,1.88,1.89,48600,1.89
2014-05-23,1.92,1.95,1.87,1.87,22400,1.87
2014-05-22,1.90,1.93,1.87,1.89,21600,1.89
2014-05-21,1.90,1.92,1.86,1.86,5000,1.86
2014-05-20,1.90,1.92,1.90,1.90,4600,1.90
2014-05-19,1.80,1.92,1.80,1.91,9400,1.91
2014-05-16,1.80,1.85,1.80,1.85,66400,1.85
2014-05-15,1.92,1.92,1.83,1.85,168800,1.85
2014-05-14,2.09,2.09,1.92,1.93,134200,1.93
2014-05-13,2.01,2.23,1.90,1.94,178800,1.94
2014-05-12,1.95,2.08,1.95,2.05,142900,2.05
2014-05-09,2.00,2.00,1.95,1.96,16400,1.96
2014-05-08,1.98,1.99,1.95,1.96,12700,1.96
2014-05-07,2.00,2.01,1.96,1.99,2900,1.99
2014-05-06,1.95,2.00,1.95,1.97,7400,1.97
2014-05-05,2.01,2.01,1.95,1.96,20400,1.96
2014-05-02,2.04,2.05,1.99,2.00,14300,2.00
2014-05-01,1.95,2.09,1.95,1.99,40800,1.99
2014-04-30,2.01,2.01,1.89,1.98,32400,1.98
2014-04-29,1.95,1.95,1.86,1.94,29700,1.94
2014-04-28,2.05,2.09,1.81,1.98,116900,1.98
2014-04-25,1.77,1.80,1.74,1.75,15100,1.75
2014-04-24,1.79,1.80,1.76,1.78,3900,1.78
2014-04-23,1.80,1.82,1.79,1.81,4700,1.81
2014-04-22,1.78,1.84,1.69,1.80,23500,1.80
2014-04-21,1.76,1.84,1.76,1.84,4900,1.84
2014-04-17,1.79,1.84,1.77,1.78,10800,1.78
2014-04-16,1.80,1.87,1.78,1.87,11200,1.87
2014-04-15,1.87,1.89,1.76,1.82,23800,1.82
2014-04-14,1.87,1.94,1.87,1.87,6400,1.87
2014-04-11,1.92,1.92,1.86,1.86,7400,1.86
2014-04-10,1.99,1.99,1.91,1.94,3800,1.94
2014-04-09,2.01,2.01,1.90,1.95,3200,1.95
2014-04-08,1.92,1.94,1.90,1.91,29600,1.91
2014-04-07,2.01,2.03,1.91,1.95,5500,1.95
2014-04-04,1.95,1.98,1.90,1.91,9700,1.91
2014-04-03,1.95,2.08,1.90,2.05,8800,2.05
2014-04-02,1.98,2.09,1.87,1.90,21700,1.90
2014-04-01,1.99,2.02,1.98,1.98,6900,1.98
2014-03-31,2.10,2.10,1.98,2.00,18900,2.00
2014-03-28,2.14,2.14,2.00,2.02,28300,2.02
2014-03-27,1.89,2.10,1.88,2.00,75400,2.00
2014-03-26,1.86,2.10,1.86,1.89,101900,1.89
2014-03-25,1.85,1.86,1.76,1.84,22400,1.84
2014-03-24,2.00,2.00,1.86,1.86,21400,1.86
2014-03-21,1.76,1.90,1.76,1.90,18100,1.90
2014-03-20,1.79,1.84,1.79,1.80,20900,1.80
2014-03-19,1.84,1.85,1.76,1.80,16900,1.80
2014-03-18,1.86,1.86,1.79,1.82,8400,1.82
2014-03-17,1.76,1.85,1.76,1.85,18200,1.85
2014-03-14,1.80,1.86,1.76,1.77,11300,1.77
2014-03-13,1.76,1.82,1.76,1.78,24500,1.78
2014-03-12,1.78,1.86,1.76,1.78,20500,1.78
2014-03-11,1.84,1.85,1.80,1.80,9800,1.80
2014-03-10,1.81,1.86,1.80,1.81,42200,1.81
2014-03-07,1.88,1.88,1.81,1.82,18700,1.82
2014-03-06,1.90,1.93,1.89,1.90,49800,1.90
2014-03-05,1.94,1.94,1.88,1.91,16900,1.91
2014-03-04,1.98,1.98,1.89,1.98,20400,1.98
2014-03-03,1.97,2.00,1.87,1.97,49300,1.97
2014-02-28,2.00,2.08,1.99,2.01,41100,2.01
2014-02-27,2.01,2.02,2.00,2.00,23300,2.00
2014-02-26,2.00,2.02,2.00,2.02,16400,2.02
2014-02-25,2.01,2.02,1.99,2.00,256900,2.00
2014-02-24,2.05,2.08,2.02,2.07,60600,2.07
2014-02-21,2.10,2.10,2.01,2.02,9500,2.02
2014-02-20,2.04,2.10,1.98,2.09,50500,2.09
2014-02-19,1.97,2.00,1.95,1.99,23200,1.99
2014-02-18,2.00,2.00,1.97,2.00,51500,2.00
2014-02-14,2.01,2.02,1.97,1.99,54400,1.99
2014-02-13,2.00,2.00,1.97,1.98,26200,1.98
2014-02-12,2.12,2.12,1.97,1.99,65100,1.99
2014-02-11,1.99,2.19,1.99,2.09,98800,2.09
2014-02-10,1.95,1.99,1.95,1.99,21700,1.99
2014-02-07,1.96,2.00,1.95,1.96,22100,1.96
2014-02-06,1.97,2.00,1.96,2.00,61400,2.00
2014-02-05,1.98,2.10,1.95,1.96,20400,1.96
2014-02-04,2.13,2.13,1.98,2.01,64500,2.01
2014-02-03,2.13,2.20,2.09,2.09,62300,2.09
2014-01-31,2.00,2.19,1.95,2.07,77000,2.07
2014-01-30,2.00,2.09,1.98,2.01,157000,2.01
2014-01-29,1.95,2.02,1.95,2.00,134200,2.00
2014-01-28,2.15,2.18,1.97,2.10,286300,2.10
2014-01-27,2.10,2.98,2.00,2.25,1741300,2.25
2014-01-24,1.75,1.80,1.75,1.76,38000,1.76
2014-01-23,1.75,1.78,1.75,1.76,7800,1.76
2014-01-22,1.73,1.89,1.71,1.75,52600,1.75
2014-01-21,1.77,1.79,1.71,1.73,17900,1.73
2014-01-17,1.75,1.76,1.71,1.73,37000,1.73
2014-01-16,1.68,1.76,1.68,1.74,109400,1.74
2014-01-15,1.74,1.74,1.69,1.70,11100,1.70
2014-01-14,1.82,1.82,1.73,1.75,153800,1.75
2014-01-13,1.80,1.89,1.75,1.75,20700,1.75
2014-01-10,1.78,1.88,1.75,1.78,8700,1.78
2014-01-09,1.79,1.89,1.73,1.84,54800,1.84
2014-01-08,1.71,1.78,1.71,1.76,39600,1.76
2014-01-07,1.70,1.75,1.66,1.68,22300,1.68
2014-01-06,1.66,1.68,1.66,1.67,88900,1.67
2014-01-03,1.66,1.67,1.66,1.66,81400,1.66
2014-01-02,1.61,1.66,1.61,1.66,48400,1.66
2013-12-31,1.63,1.65,1.61,1.61,8400,1.61
2013-12-30,1.66,1.66,1.61,1.61,19500,1.61
2013-12-27,1.57,1.66,1.57,1.66,149200,1.66
2013-12-26,1.61,1.61,1.60,1.60,12300,1.60
2013-12-24,1.60,1.63,1.60,1.61,42700,1.61
2013-12-23,1.65,1.69,1.60,1.61,12000,1.61
2013-12-20,1.70,1.70,1.59,1.65,8200,1.65
2013-12-19,1.64,1.70,1.59,1.65,62600,1.65
2013-12-18,1.72,1.72,1.58,1.64,32300,1.64
2013-12-17,1.75,1.75,1.67,1.68,74900,1.68
2013-12-16,1.74,1.79,1.70,1.75,59100,1.75
2013-12-13,1.75,1.75,1.65,1.71,15800,1.71
2013-12-12,1.75,1.75,1.68,1.75,26900,1.75
2013-12-11,1.72,1.79,1.69,1.78,27000,1.78
2013-12-10,1.75,1.79,1.75,1.79,30600,1.79
2013-12-09,1.75,1.78,1.72,1.73,31800,1.73
2013-12-06,1.75,1.83,1.72,1.75,85200,1.75
2013-12-05,1.80,1.80,1.72,1.73,37100,1.73
2013-12-04,1.82,1.85,1.77,1.85,25400,1.85
2013-12-03,1.90,1.90,1.84,1.89,20200,1.89
2013-12-02,1.95,1.95,1.90,1.90,9200,1.90
2013-11-29,2.01,2.04,1.98,2.00,11700,2.00
2013-11-27,2.05,2.15,1.98,2.01,27900,2.01
2013-11-26,2.16,2.22,2.05,2.05,14700,2.05
2013-11-25,2.22,2.23,2.10,2.15,51000,2.15
2013-11-22,2.04,2.31,1.98,2.16,132000,2.16
2013-11-21,1.96,2.07,1.90,2.01,62500,2.01
2013-11-20,1.89,1.89,1.87,1.87,400,1.87
2013-11-19,1.87,1.87,1.87,1.87,200,1.87
2013-11-18,1.96,2.00,1.87,1.95,6000,1.95
2013-11-15,1.88,1.89,1.87,1.87,9700,1.87
2013-11-14,1.92,1.99,1.86,1.87,2600,1.87
2013-11-13,1.77,1.80,1.77,1.80,6400,1.80
2013-11-12,1.84,1.84,1.64,1.83,4500,1.83
2013-11-11,1.80,1.84,1.65,1.84,2200,1.84
2013-11-08,1.71,1.84,1.71,1.75,5600,1.75
2013-11-07,1.84,1.84,1.68,1.70,1400,1.70
2013-11-06,1.84,1.84,1.80,1.83,1500,1.83
2013-11-05,1.85,1.89,1.83,1.85,4500,1.85
2013-11-04,1.86,1.86,1.86,1.86,500,1.86
2013-11-01,1.84,1.84,1.84,1.84,300,1.84
2013-10-31,1.86,1.86,1.66,1.66,2300,1.66
2013-10-30,1.66,1.68,1.65,1.66,1900,1.66
2013-10-29,1.62,1.66,1.60,1.66,13500,1.66
2013-10-28,1.65,1.65,1.52,1.52,6400,1.52
2013-10-25,1.75,1.75,1.63,1.64,4200,1.64
2013-10-24,1.80,1.80,1.75,1.77,10800,1.77
2013-10-23,1.80,1.80,1.77,1.77,18000,1.77
2013-10-22,1.80,1.80,1.80,1.80,000,1.80
2013-10-21,1.80,1.80,1.80,1.80,1200,1.80
2013-10-18,1.80,1.87,1.80,1.85,3100,1.85
2013-10-17,1.80,1.80,1.80,1.80,1100,1.80
2013-10-16,1.80,1.80,1.80,1.80,1900,1.80
2013-10-15,1.80,1.80,1.80,1.80,1000,1.80
2013-10-14,1.83,1.83,1.83,1.83,1500,1.83
2013-10-11,1.87,1.87,1.87,1.87,300,1.87
2013-10-10,1.84,1.85,1.83,1.85,1800,1.85
2013-10-09,1.83,1.85,1.83,1.85,1300,1.85
2013-10-08,1.85,1.85,1.85,1.85,000,1.85
2013-10-07,1.85,1.85,1.83,1.85,10900,1.85
2013-10-04,1.87,1.87,1.83,1.87,1500,1.87
2013-10-03,1.83,1.87,1.83,1.87,9700,1.87
2013-10-02,1.90,1.90,1.88,1.88,800,1.88
2013-10-01,1.90,1.90,1.83,1.90,2800,1.90
2013-09-30,1.90,1.91,1.90,1.90,14800,1.90
2013-09-27,2.00,2.02,1.91,1.91,3100,1.91
2013-09-26,1.95,2.01,1.90,2.00,5100,2.00
2013-09-25,2.03,2.03,1.91,2.03,3700,2.03
2013-09-24,1.91,2.03,1.90,2.03,5100,2.03
2013-09-23,1.93,2.10,1.93,2.03,9300,2.03
2013-09-20,2.05,2.10,1.90,1.90,17200,1.90
2013-09-19,2.25,2.25,2.05,2.15,11600,2.15
2013-09-18,2.14,2.20,1.87,2.15,52200,2.15
2013-09-17,2.00,2.22,1.80,1.84,27700,1.84
2013-09-16,1.85,2.18,1.78,1.93,36300,1.93
2013-09-13,1.85,1.87,1.85,1.85,12200,1.85
2013-09-12,1.86,1.89,1.84,1.84,4300,1.84
2013-09-11,1.92,1.92,1.84,1.84,7200,1.84
2013-09-10,1.99,2.05,1.90,1.98,17100,1.98
2013-09-09,1.94,2.00,1.90,1.95,19100,1.95
2013-09-06,1.80,1.80,1.71,1.78,8000,1.78
2013-09-05,1.75,1.77,1.67,1.75,6600,1.75
2013-09-04,1.55,1.78,1.55,1.74,4100,1.74
2013-09-03,1.63,1.63,1.49,1.56,4300,1.56
2013-08-30,1.53,1.62,1.53,1.62,1500,1.62
2013-08-29,1.53,1.60,1.53,1.60,2300,1.60
2013-08-28,1.53,1.61,1.51,1.56,11500,1.56
2013-08-27,1.53,1.53,1.53,1.53,000,1.53
2013-08-26,1.65,1.65,1.53,1.53,3700,1.53
2013-08-23,1.65,1.65,1.65,1.65,400,1.65
2013-08-22,1.66,1.66,1.66,1.66,200,1.66
2013-08-21,1.54,1.65,1.54,1.65,4400,1.65
2013-08-20,1.62,1.65,1.59,1.60,12500,1.60
2013-08-19,1.53,1.72,1.53,1.59,6200,1.59
2013-08-16,1.54,1.56,1.53,1.54,16700,1.54
2013-08-15,1.58,1.63,1.55,1.55,43200,1.55
2013-08-14,1.67,1.67,1.58,1.59,2700,1.59
2013-08-13,1.57,1.69,1.57,1.65,25000,1.65
2013-08-12,1.57,1.57,1.57,1.57,500,1.57
2013-08-09,1.61,1.62,1.61,1.61,3200,1.61
2013-08-08,1.61,1.61,1.61,1.61,300,1.61
2013-08-07,1.62,1.62,1.62,1.62,100,1.62
2013-08-06,1.55,1.61,1.55,1.59,3200,1.59
2013-08-05,1.55,1.55,1.55,1.55,100,1.55
2013-08-02,1.55,1.55,1.50,1.55,2400,1.55
2013-08-01,1.55,1.56,1.55,1.56,500,1.56
2013-07-31,1.58,1.58,1.55,1.55,200,1.55
2013-07-30,1.47,1.59,1.47,1.55,3600,1.55
2013-07-29,1.47,1.52,1.47,1.52,3100,1.52
2013-07-26,1.48,1.48,1.47,1.47,500,1.47
2013-07-25,1.55,1.59,1.55,1.56,2200,1.56
2013-07-24,1.61,1.62,1.52,1.52,2700,1.52
2013-07-23,1.47,1.52,1.47,1.51,2500,1.51
2013-07-22,1.49,1.49,1.49,1.49,100,1.49
2013-07-19,1.51,1.51,1.51,1.51,000,1.51
2013-07-18,1.48,1.52,1.48,1.51,600,1.51
2013-07-17,1.50,1.50,1.50,1.50,2700,1.50
2013-07-16,1.55,1.55,1.55,1.55,000,1.55
2013-07-15,1.51,1.59,1.50,1.55,12800,1.55
2013-07-12,1.46,1.55,1.45,1.55,8700,1.55
2013-07-11,1.49,1.57,1.47,1.52,9500,1.52
2013-07-10,1.48,1.48,1.47,1.47,300,1.47
2013-07-09,1.46,1.55,1.46,1.55,17500,1.55
2013-07-08,1.55,1.55,1.44,1.50,7200,1.50
2013-07-05,1.55,1.59,1.42,1.59,13700,1.59
2013-07-03,1.56,1.56,1.55,1.55,2900,1.55
2013-07-02,1.58,1.58,1.54,1.55,1900,1.55
2013-07-01,1.56,1.57,1.54,1.54,400,1.54
2013-06-28,1.60,1.61,1.54,1.55,2900,1.55
2013-06-27,1.65,1.65,1.65,1.65,300,1.65
2013-06-26,1.61,1.66,1.60,1.65,1900,1.65
2013-06-25,1.78,1.80,1.41,1.64,18900,1.64
2013-06-24,1.60,1.72,1.60,1.71,3100,1.71
2013-06-21,1.62,1.70,1.61,1.69,16500,1.69
2013-06-20,1.55,1.62,1.55,1.60,9800,1.60
2013-06-19,1.55,1.59,1.55,1.59,5600,1.59
2013-06-18,1.52,1.55,1.52,1.55,1900,1.55
2013-06-17,1.57,1.57,1.52,1.53,4300,1.53
2013-06-14,1.58,1.59,1.57,1.57,1300,1.57
2013-06-13,1.55,1.56,1.53,1.56,1500,1.56
2013-06-12,1.51,1.57,1.51,1.54,7500,1.54
2013-06-11,1.51,1.57,1.51,1.51,500,1.51
2013-06-10,1.42,1.54,1.42,1.54,13200,1.54
2013-06-07,1.44,1.48,1.42,1.42,4100,1.42
2013-06-06,1.48,1.50,1.42,1.49,52200,1.49
2013-06-05,1.53,1.53,1.51,1.51,1200,1.51
2013-06-04,1.53,1.53,1.52,1.53,1100,1.53
2013-06-03,1.58,1.58,1.50,1.56,10800,1.56
2013-05-31,1.59,1.60,1.54,1.59,6600,1.59
2013-05-30,1.60,1.60,1.55,1.55,5500,1.55
2013-05-29,1.59,1.62,1.55,1.60,35200,1.60
2013-05-28,1.51,1.60,1.46,1.58,46800,1.58
2013-05-24,1.59,1.59,1.57,1.57,3800,1.57
2013-05-23,1.65,1.70,1.42,1.58,85300,1.58
2013-05-22,1.58,1.60,1.47,1.47,8300,1.47
2013-05-21,1.46,1.60,1.46,1.60,2000,1.60
2013-05-20,1.53,1.58,1.42,1.43,7200,1.43
2013-05-17,1.58,1.58,1.58,1.58,300,1.58
2013-05-16,1.57,1.57,1.57,1.57,3000,1.57
2013-05-15,1.58,1.60,1.58,1.60,800,1.60
2013-05-14,1.58,1.61,1.57,1.57,7800,1.57
2013-05-13,1.57,1.57,1.57,1.57,1600,1.57
2013-05-10,1.60,1.60,1.55,1.56,900,1.56
2013-05-09,1.61,1.61,1.60,1.60,4500,1.60
2013-05-08,1.58,1.65,1.58,1.60,16400,1.60
2013-05-07,1.57,1.64,1.55,1.56,10200,1.56
2013-05-06,1.46,1.62,1.46,1.62,13200,1.62
2013-05-03,1.44,1.47,1.44,1.47,4000,1.47
2013-05-02,1.46,1.58,1.45,1.46,8800,1.46
2013-05-01,1.46,1.57,1.44,1.45,5700,1.45
2013-04-30,1.43,1.46,1.42,1.46,11400,1.46
2013-04-29,1.47,1.58,1.42,1.58,11400,1.58
2013-04-26,1.42,1.49,1.42,1.45,8200,1.45
2013-04-25,1.48,1.51,1.42,1.43,27100,1.43
2013-04-24,1.52,1.52,1.49,1.51,7800,1.51
2013-04-23,1.48,1.55,1.48,1.55,5500,1.55
2013-04-22,1.50,1.50,1.50,1.50,1100,1.50
2013-04-19,1.51,1.58,1.48,1.52,5300,1.52
2013-04-18,1.58,1.58,1.53,1.53,300,1.53
2013-04-17,1.58,1.60,1.56,1.58,8600,1.58
2013-04-16,1.58,1.58,1.55,1.55,1300,1.55
2013-04-15,1.58,1.60,1.58,1.58,2100,1.58
2013-04-12,1.64,1.65,1.61,1.61,4100,1.61
2013-04-11,1.50,1.65,1.48,1.60,7400,1.60
2013-04-10,1.53,1.54,1.48,1.48,10600,1.48
2013-04-09,1.52,1.58,1.52,1.56,19300,1.56
2013-04-08,1.66,1.68,1.51,1.51,34400,1.51
2013-04-05,1.62,1.66,1.62,1.65,1800,1.65
2013-04-04,1.61,1.62,1.61,1.61,1100,1.61
2013-04-03,1.61,1.61,1.60,1.60,1300,1.60
2013-04-02,1.66,1.66,1.57,1.59,6400,1.59
2013-04-01,1.69,1.71,1.60,1.69,6100,1.69
2013-03-28,1.77,1.77,1.69,1.69,1500,1.69
2013-03-27,1.79,1.79,1.70,1.76,2300,1.76
2013-03-26,1.79,1.79,1.79,1.79,800,1.79
2013-03-25,1.79,1.85,1.79,1.79,10300,1.79
2013-03-22,1.69,1.86,1.69,1.73,25100,1.73
2013-03-21,1.74,1.75,1.69,1.70,5900,1.70
2013-03-20,1.81,1.81,1.70,1.74,1500,1.74
2013-03-19,1.76,1.76,1.76,1.76,400,1.76
2013-03-18,1.70,1.78,1.70,1.70,8600,1.70
2013-03-15,1.74,1.74,1.71,1.71,800,1.71
2013-03-14,1.78,1.78,1.70,1.70,2800,1.70
2013-03-13,1.81,1.81,1.78,1.78,1000,1.78
2013-03-12,1.76,1.76,1.70,1.76,1400,1.76
2013-03-11,1.80,1.80,1.78,1.80,2700,1.80
2013-03-08,1.73,1.79,1.72,1.79,10000,1.79
2013-03-07,1.76,1.78,1.72,1.73,17700,1.73
2013-03-06,1.79,1.79,1.69,1.74,138900,1.74
2013-03-05,1.80,1.80,1.74,1.78,11000,1.78
2013-03-04,1.68,1.80,1.66,1.80,21000,1.80
2013-03-01,1.73,1.75,1.66,1.68,16900,1.68
2013-02-28,1.79,1.90,1.77,1.80,37100,1.80
2013-02-27,2.25,2.25,1.59,1.80,76300,1.80
2013-02-26,1.76,2.25,1.74,2.25,122400,2.25
2013-02-25,1.56,1.77,1.56,1.75,25400,1.75
2013-02-22,1.55,1.55,1.55,1.55,2400,1.55
2013-02-21,1.57,1.57,1.55,1.56,900,1.56
2013-02-20,1.60,1.66,1.60,1.66,8500,1.66
2013-02-19,1.60,1.60,1.56,1.59,2700,1.59
2013-02-15,1.70,1.70,1.60,1.60,9800,1.60
2013-02-14,1.55,1.55,1.55,1.55,300,1.55
2013-02-13,1.53,1.63,1.53,1.62,2500,1.62
2013-02-12,1.55,1.59,1.53,1.54,10900,1.54
2013-02-11,1.60,1.61,1.55,1.57,4900,1.57
2013-02-08,1.59,1.64,1.59,1.62,11400,1.62
2013-02-07,1.53,1.59,1.53,1.59,6400,1.59
2013-02-06,1.60,1.60,1.60,1.60,000,1.60
2013-02-05,1.54,1.63,1.35,1.60,100500,1.60
2013-02-04,1.69,1.79,1.67,1.70,9200,1.70
2013-02-01,1.68,1.79,1.68,1.77,28900,1.77
2013-01-31,1.56,1.68,1.52,1.68,8000,1.68
2013-01-30,1.64,1.70,1.60,1.61,37100,1.61
2013-01-29,1.64,1.64,1.50,1.51,13300,1.51
2013-01-28,1.53,1.64,1.51,1.51,1400,1.51
2013-01-25,1.51,1.51,1.51,1.51,100,1.51
2013-01-24,1.50,1.56,1.50,1.50,20000,1.50
2013-01-23,1.54,1.57,1.51,1.53,5100,1.53
2013-01-22,1.47,1.69,1.47,1.66,17600,1.66
2013-01-18,1.55,1.59,1.47,1.56,5500,1.56
2013-01-17,1.54,1.57,1.50,1.52,14400,1.52
2013-01-16,1.53,1.69,1.53,1.56,5700,1.56
2013-01-15,1.51,1.51,1.50,1.50,5400,1.50
2013-01-14,1.45,1.49,1.45,1.45,12400,1.45
2013-01-11,1.40,1.45,1.40,1.41,8300,1.41
2013-01-10,1.41,1.45,1.41,1.41,2500,1.41
2013-01-09,1.49,1.50,1.40,1.40,12400,1.40
2013-01-08,1.47,1.47,1.47,1.47,100,1.47
2013-01-07,1.46,1.56,1.40,1.47,13900,1.47
2013-01-04,1.40,1.48,1.40,1.41,400,1.41
2013-01-03,1.41,1.41,1.41,1.41,100,1.41
2013-01-02,1.44,1.44,1.37,1.40,6900,1.40
2012-12-31,1.32,1.59,1.30,1.36,416000,1.36
2012-12-28,1.32,1.38,1.32,1.33,8100,1.33
2012-12-27,1.41,1.41,1.34,1.40,6000,1.40
2012-12-26,1.40,1.45,1.36,1.37,12000,1.37
2012-12-24,1.36,1.40,1.36,1.39,7300,1.39
2012-12-21,1.37,1.39,1.30,1.36,951100,1.36
2012-12-20,1.37,1.47,1.37,1.47,10300,1.47
2012-12-19,1.50,1.52,1.37,1.39,39000,1.39
2012-12-18,1.48,1.48,1.42,1.45,32700,1.45
2012-12-17,1.50,1.60,1.45,1.59,10600,1.59
2012-12-14,1.50,1.50,1.50,1.50,000,1.50
2012-12-13,1.44,1.50,1.44,1.50,300,1.50
2012-12-12,1.42,1.63,1.42,1.43,55100,1.43
2012-12-11,1.46,1.49,1.43,1.43,2200,1.43
2012-12-10,1.60,1.60,1.52,1.53,10900,1.53
2012-12-07,1.60,1.60,1.59,1.59,800,1.59
2012-12-06,1.59,1.60,1.55,1.56,45700,1.56
2012-12-05,1.50,1.57,1.49,1.55,4300,1.55
2012-12-04,1.47,1.55,1.45,1.50,1100,1.50
2012-12-03,1.59,1.60,1.42,1.57,19100,1.57
2012-11-30,1.55,1.60,1.55,1.59,16500,1.59
2012-11-29,1.47,1.66,1.46,1.57,109000,1.57
2012-11-28,1.40,1.42,1.37,1.42,50600,1.42
2012-11-27,1.37,1.41,1.37,1.37,24500,1.37
2012-11-26,1.47,1.47,1.37,1.37,33400,1.37
2012-11-23,1.46,1.46,1.46,1.46,000,1.46
2012-11-21,1.56,1.56,1.45,1.46,4100,1.46
2012-11-20,1.61,1.62,1.56,1.56,3700,1.56
2012-11-19,1.67,1.67,1.61,1.65,1800,1.65
2012-11-16,1.59,1.69,1.45,1.68,20500,1.68
2012-11-15,1.56,1.60,1.56,1.56,3500,1.56
2012-11-14,1.56,1.56,1.56,1.56,300,1.56
2012-11-13,1.57,1.57,1.57,1.57,000,1.57
2012-11-12,1.57,1.57,1.57,1.57,500,1.57
2012-11-09,1.56,1.56,1.56,1.56,000,1.56
2012-11-08,1.65,1.65,1.56,1.56,2000,1.56
2012-11-07,1.60,1.60,1.56,1.56,13600,1.56
2012-11-06,1.59,1.59,1.59,1.59,1000,1.59
2012-11-05,1.59,1.59,1.59,1.59,1200,1.59
2012-11-02,1.60,1.60,1.60,1.60,000,1.60
2012-11-01,1.60,1.60,1.60,1.60,100,1.60
2012-10-31,1.56,1.65,1.56,1.59,4800,1.59
2012-10-26,1.58,1.58,1.58,1.58,000,1.58
2012-10-25,1.58,1.58,1.58,1.58,6300,1.58
2012-10-24,1.55,1.58,1.55,1.58,8000,1.58
2012-10-23,1.58,1.58,1.58,1.58,000,1.58
2012-10-22,1.63,1.66,1.58,1.58,13000,1.58
2012-10-19,1.60,1.60,1.60,1.60,4300,1.60
2012-10-18,1.61,1.61,1.60,1.60,8500,1.60
2012-10-17,1.62,1.62,1.62,1.62,1100,1.62
2012-10-16,1.62,1.65,1.62,1.65,1200,1.65
2012-10-15,1.66,1.67,1.60,1.60,10200,1.60
2012-10-12,1.65,1.65,1.61,1.61,2600,1.61
2012-10-11,1.60,1.67,1.59,1.60,8700,1.60
2012-10-10,1.53,1.70,1.53,1.60,39500,1.60
2012-10-09,1.53,1.56,1.45,1.50,47000,1.50
2012-10-08,1.35,1.40,1.35,1.35,1200,1.35
2012-10-05,1.37,1.37,1.37,1.37,100,1.37
2012-10-04,1.39,1.39,1.37,1.39,10200,1.39
2012-10-03,1.25,1.25,1.20,1.24,10200,1.24
2012-10-02,1.26,1.26,1.25,1.25,700,1.25
2012-10-01,1.40,1.40,1.25,1.25,3900,1.25
2012-09-28,1.29,1.29,1.29,1.29,600,1.29
2012-09-27,1.25,1.25,1.25,1.25,2600,1.25
2012-09-26,1.37,1.39,1.32,1.32,7600,1.32
2012-09-25,1.40,1.40,1.39,1.39,600,1.39
2012-09-24,1.41,1.41,1.41,1.41,2700,1.41
2012-09-21,1.35,1.41,1.30,1.41,6600,1.41
2012-09-20,1.37,1.41,1.36,1.36,4100,1.36
2012-09-19,1.42,1.42,1.36,1.37,8300,1.37
2012-09-18,1.40,1.56,1.40,1.44,60900,1.44
2012-09-17,1.24,1.39,1.24,1.35,83200,1.35
2012-09-14,1.25,1.40,1.18,1.19,32500,1.19
2012-09-13,1.25,1.29,1.22,1.29,68600,1.29
2012-09-12,1.17,1.20,1.17,1.20,5300,1.20
2012-09-11,1.26,1.26,1.20,1.20,101800,1.20
2012-09-10,1.23,1.26,1.23,1.25,17600,1.25
2012-09-07,1.11,1.25,1.10,1.17,43300,1.17
2012-09-06,1.07,1.07,1.06,1.06,7300,1.06
2012-09-05,1.04,1.10,1.04,1.04,13800,1.04
2012-09-04,1.05,1.07,1.00,1.00,2200,1.00
2012-08-31,1.06,1.06,1.06,1.06,200,1.06
2012-08-30,1.01,1.01,1.01,1.01,000,1.01
2012-08-29,1.02,1.03,1.00,1.01,40500,1.01
2012-08-28,1.03,1.03,1.03,1.03,600,1.03
2012-08-27,1.01,1.02,1.01,1.02,200,1.02
2012-08-24,1.05,1.05,1.01,1.01,3700,1.01
2012-08-23,1.10,1.10,1.10,1.10,500,1.10
2012-08-22,1.04,1.04,1.04,1.04,000,1.04
2012-08-21,1.05,1.05,1.01,1.04,6100,1.04
2012-08-20,1.05,1.05,1.04,1.05,4600,1.05
2012-08-17,1.04,1.07,1.04,1.07,1700,1.07
2012-08-16,1.04,1.06,1.04,1.06,300,1.06
2012-08-15,1.05,1.06,1.04,1.04,4900,1.04
2012-08-14,1.07,1.09,1.04,1.09,800,1.09
2012-08-13,1.08,1.08,1.05,1.08,5800,1.08
2012-08-10,1.07,1.07,1.04,1.04,1000,1.04
2012-08-09,1.07,1.07,1.06,1.06,2000,1.06
2012-08-08,1.12,1.12,1.12,1.12,200,1.12
2012-08-07,1.11,1.17,1.07,1.17,600,1.17
2012-08-06,1.20,1.20,1.00,1.20,29600,1.20
2012-08-03,1.20,1.21,1.20,1.21,5100,1.21
2012-08-02,1.14,1.23,1.14,1.17,6200,1.17
2012-08-01,1.20,1.24,1.00,1.00,22500,1.00
2012-07-31,1.20,1.21,1.20,1.20,19500,1.20
2012-07-30,1.25,1.25,1.20,1.20,5900,1.20
2012-07-27,1.16,1.25,1.15,1.25,6200,1.25
2012-07-26,1.05,1.05,1.04,1.05,2300,1.05
2012-07-25,1.05,1.05,1.04,1.04,6100,1.04
2012-07-24,1.10,1.13,1.05,1.05,5800,1.05
2012-07-23,1.12,1.24,1.11,1.11,1700,1.11
2012-07-20,1.09,1.25,1.05,1.17,13900,1.17
2012-07-19,1.25,1.25,1.25,1.25,000,1.25
2012-07-18,1.25,1.25,1.24,1.25,3100,1.25
2012-07-17,1.23,1.25,1.23,1.25,4700,1.25
2012-07-16,1.15,1.23,1.14,1.23,7800,1.23
2012-07-13,1.23,1.23,1.17,1.17,4900,1.17
2012-07-12,1.17,1.18,1.17,1.18,2200,1.18
2012-07-11,1.18,1.18,1.18,1.18,100,1.18
2012-07-10,1.20,1.20,1.17,1.17,400,1.17
2012-07-09,1.16,1.20,1.16,1.20,9000,1.20
2012-07-06,1.12,1.15,1.12,1.15,25700,1.15
2012-07-05,1.10,1.13,1.06,1.07,5800,1.07
2012-07-03,1.05,1.05,1.05,1.05,2000,1.05
2012-07-02,1.09,1.09,1.09,1.09,1000,1.09
2012-06-29,1.10,1.10,1.08,1.08,5400,1.08
2012-06-28,1.06,1.06,1.03,1.03,7000,1.03
2012-06-27,1.10,1.10,1.04,1.10,3900,1.10
2012-06-26,1.10,1.10,1.10,1.10,7500,1.10
2012-06-25,1.09,1.09,1.09,1.09,2800,1.09
2012-06-22,1.07,1.09,1.07,1.09,3000,1.09
2012-06-21,1.08,1.10,1.04,1.05,6500,1.05
2012-06-20,1.10,1.10,1.00,1.08,3500,1.08
2012-06-19,1.00,1.13,1.00,1.13,3300,1.13
2012-06-18,0.98,0.98,0.98,0.98,10000,0.98
2012-06-15,1.02,1.12,1.01,1.12,6400,1.12
2012-06-14,0.99,1.02,0.99,1.02,1400,1.02
2012-06-13,1.01,1.02,1.00,1.00,11400,1.00
2012-06-12,1.02,1.03,1.02,1.03,2800,1.03
2012-06-11,1.14,1.14,1.10,1.10,1100,1.10
2012-06-08,1.01,1.14,1.01,1.14,10600,1.14
2012-06-07,1.00,1.01,1.00,1.01,600,1.01
2012-06-06,1.05,1.05,1.00,1.00,1600,1.00
2012-06-05,1.00,1.05,1.00,1.05,2000,1.05
2012-06-04,1.02,1.05,0.99,1.05,162300,1.05
2012-06-01,1.04,1.09,1.00,1.07,32800,1.07
2012-05-31,1.04,1.04,1.04,1.04,1800,1.04
2012-05-30,1.09,1.09,1.09,1.09,200,1.09
2012-05-29,1.04,1.09,1.04,1.09,800,1.09
2012-05-25,1.06,1.06,1.05,1.05,600,1.05
2012-05-24,1.15,1.15,1.05,1.06,1800,1.06
2012-05-23,1.08,1.19,1.04,1.04,9200,1.04
2012-05-22,1.20,1.20,1.05,1.08,17000,1.08
2012-05-21,1.04,1.12,1.04,1.12,9300,1.12
2012-05-18,1.03,1.10,1.02,1.10,2500,1.10
2012-05-17,1.05,1.08,1.00,1.03,109700,1.03
2012-05-16,1.05,1.05,1.01,1.05,5900,1.05
2012-05-15,0.92,1.05,0.92,1.00,157000,1.00
2012-05-14,0.95,1.00,0.92,0.92,5300,0.92
2012-05-11,1.00,1.00,0.82,1.00,13000,1.00
2012-05-10,0.94,0.94,0.53,0.65,9100,0.65
2012-05-09,1.00,1.00,1.00,1.00,500,1.00
2012-05-08,1.01,1.01,1.00,1.00,41600,1.00
2012-05-07,1.01,1.01,1.01,1.01,3800,1.01
2012-05-04,1.01,1.01,1.01,1.01,000,1.01
2012-05-03,1.01,1.01,1.01,1.01,900,1.01
2012-05-02,1.05,1.05,1.05,1.05,100,1.05
2012-05-01,1.04,1.04,1.04,1.04,2300,1.04
2012-04-30,1.01,1.04,1.01,1.04,1600,1.04
2012-04-27,1.03,1.03,1.03,1.03,000,1.03
2012-04-26,1.05,1.05,1.01,1.03,800,1.03
2012-04-25,1.01,1.03,1.01,1.03,500,1.03
2012-04-24,1.03,1.03,1.01,1.03,1600,1.03
2012-04-23,1.01,1.02,1.01,1.02,500,1.02
2012-04-20,1.00,1.01,0.94,1.01,18300,1.01
2012-04-19,0.95,0.95,0.88,0.95,9100,0.95
2012-04-18,0.95,0.95,0.95,0.95,000,0.95
2012-04-17,0.95,0.95,0.95,0.95,2600,0.95
2012-04-16,0.93,0.93,0.93,0.93,000,0.93
2012-04-13,0.93,0.93,0.93,0.93,000,0.93
2012-04-12,0.94,0.94,0.84,0.93,9400,0.93
2012-04-11,0.94,0.94,0.94,0.94,600,0.94
2012-04-10,0.95,0.95,0.94,0.94,8100,0.94
2012-04-09,0.95,0.96,0.95,0.96,2000,0.96
2012-04-05,0.95,0.97,0.95,0.97,4400,0.97
2012-04-04,0.95,0.95,0.95,0.95,000,0.95
2012-04-03,0.95,0.95,0.95,0.95,000,0.95
2012-04-02,0.94,0.96,0.94,0.95,11800,0.95
2012-03-30,0.97,0.97,0.97,0.97,000,0.97
2012-03-29,0.94,0.97,0.94,0.97,4900,0.97
2012-03-28,0.94,0.94,0.94,0.94,2600,0.94
2012-03-27,0.94,0.94,0.94,0.94,300,0.94
2012-03-26,1.00,1.04,0.85,0.90,21200,0.90
2012-03-23,1.00,1.00,1.00,1.00,1400,1.00
2012-03-22,1.00,1.00,1.00,1.00,4400,1.00
2012-03-21,1.01,1.01,1.00,1.00,1800,1.00
2012-03-20,1.01,1.05,1.00,1.00,5200,1.00
2012-03-19,1.02,1.05,1.01,1.01,12100,1.01
2012-03-16,1.03,1.06,0.98,1.06,3100,1.06
2012-03-15,1.04,1.04,1.03,1.03,1500,1.03
2012-03-14,1.12,1.12,1.04,1.04,6800,1.04
2012-03-13,1.05,1.20,1.04,1.12,18200,1.12
2012-03-12,1.03,1.07,1.03,1.04,3000,1.04
2012-03-09,1.05,1.08,1.02,1.08,6700,1.08
2012-03-08,1.10,1.10,1.01,1.02,9700,1.02
2012-03-07,1.08,1.10,1.08,1.08,3700,1.08
2012-03-06,1.21,1.21,1.08,1.12,12500,1.12
2012-03-05,1.24,1.24,1.15,1.21,13400,1.21
2012-03-02,1.08,1.13,1.04,1.13,7800,1.13
2012-03-01,1.13,1.15,1.05,1.05,6600,1.05
2012-02-29,1.01,1.19,1.01,1.01,40600,1.01
2012-02-28,1.13,1.23,0.92,1.00,130600,1.00
2012-02-27,1.19,1.23,1.10,1.12,39300,1.12
2012-02-24,1.06,1.07,1.06,1.06,1500,1.06
2012-02-23,1.06,1.07,1.06,1.06,1600,1.06
2012-02-22,1.02,1.07,1.00,1.05,30200,1.05
2012-02-21,1.03,1.03,1.01,1.02,21600,1.02
2012-02-17,1.05,1.08,1.02,1.03,13300,1.03
2012-02-16,1.05,1.12,1.03,1.06,31200,1.06
2012-02-15,1.07,1.08,1.04,1.05,15800,1.05
2012-02-14,1.08,1.08,1.05,1.05,500,1.05
2012-02-13,1.05,1.05,1.05,1.05,2100,1.05
2012-02-10,1.07,1.07,1.05,1.05,4200,1.05
2012-02-09,1.11,1.11,1.05,1.07,3900,1.07
2012-02-08,1.12,1.12,1.10,1.10,15100,1.10
2012-02-07,1.11,1.11,1.10,1.10,500,1.10
2012-02-06,1.16,1.16,1.11,1.11,20200,1.11
2012-02-03,1.15,1.18,1.15,1.18,5600,1.18
2012-02-02,1.14,1.19,1.14,1.15,10500,1.15
2012-02-01,1.19,1.19,1.14,1.14,17500,1.14
2012-01-31,1.20,1.20,1.20,1.20,000,1.20
2012-01-30,1.20,1.22,1.20,1.20,17000,1.20
2012-01-27,1.18,1.22,1.15,1.22,2500,1.22
2012-01-26,1.18,1.20,1.17,1.20,3700,1.20
2012-01-25,1.21,1.23,1.15,1.18,8300,1.18
2012-01-24,1.22,1.23,1.19,1.19,2200,1.19
2012-01-23,1.20,1.20,1.17,1.17,4400,1.17
2012-01-20,1.19,1.19,1.17,1.17,1400,1.17
2012-01-19,1.17,1.20,1.17,1.18,4600,1.18
2012-01-18,1.20,1.20,1.17,1.17,13500,1.17
2012-01-17,1.20,1.20,1.20,1.20,200,1.20
2012-01-13,1.20,1.22,1.20,1.20,1700,1.20
2012-01-12,1.20,1.20,1.20,1.20,300,1.20
2012-01-11,1.20,1.21,1.20,1.21,900,1.21
2012-01-10,1.20,1.20,1.17,1.20,4100,1.20
2012-01-09,1.14,1.14,1.14,1.14,200,1.14
2012-01-06,1.14,1.19,1.14,1.19,3100,1.19
2012-01-05,1.27,1.27,1.13,1.13,30800,1.13
2012-01-04,1.15,1.22,1.15,1.20,600,1.20
2012-01-03,1.16,1.29,1.16,1.22,1700,1.22
2011-12-30,1.16,1.17,1.15,1.15,4000,1.15
2011-12-29,1.15,1.17,1.15,1.15,2600,1.15
2011-12-28,1.15,1.15,1.15,1.15,1400,1.15
2011-12-27,1.19,1.21,1.15,1.21,17000,1.21
2011-12-23,1.12,1.16,1.12,1.15,2800,1.15
2011-12-22,1.17,1.17,1.12,1.12,6400,1.12
2011-12-21,1.17,1.36,1.15,1.18,1300,1.18
2011-12-20,1.18,1.36,1.18,1.29,2400,1.29
2011-12-19,1.14,1.18,1.13,1.18,4900,1.18
2011-12-16,1.12,1.17,1.12,1.17,2800,1.17
2011-12-15,1.11,1.13,1.11,1.13,2900,1.13
2011-12-14,1.11,1.13,1.11,1.13,3100,1.13
2011-12-13,1.11,1.17,1.11,1.17,4300,1.17
2011-12-12,1.15,1.16,1.05,1.07,25200,1.07
2011-12-09,1.10,1.23,1.08,1.10,6600,1.10
2011-12-08,1.15,1.20,1.09,1.12,8000,1.12
2011-12-07,1.22,1.35,1.18,1.23,31300,1.23
2011-12-06,1.26,1.35,1.19,1.19,4700,1.19
2011-12-05,1.25,1.34,1.14,1.22,58800,1.22
2011-12-02,1.34,1.35,1.25,1.35,6400,1.35
2011-12-01,1.40,1.40,1.25,1.36,15800,1.36
2011-11-30,1.47,1.49,1.30,1.35,6100,1.35
2011-11-29,1.35,1.47,1.35,1.46,14700,1.46
2011-11-28,1.32,1.50,1.26,1.31,49500,1.31
2011-11-25,1.35,1.38,1.25,1.38,6700,1.38
2011-11-23,1.25,1.45,1.25,1.36,13700,1.36
2011-11-22,1.49,1.50,1.44,1.44,31200,1.44
2011-11-21,1.36,1.59,1.03,1.44,119200,1.44
2011-11-18,1.10,1.38,1.10,1.26,118300,1.26
2011-11-17,0.98,1.10,0.96,1.05,25000,1.05
2011-11-16,0.88,0.96,0.87,0.90,36300,0.90
2011-11-15,0.83,0.88,0.83,0.88,1800,0.88
2011-11-14,0.87,0.88,0.85,0.88,274700,0.88
2011-11-11,0.88,0.88,0.83,0.83,3200,0.83
2011-11-10,0.82,0.88,0.82,0.88,9000,0.88
2011-11-09,0.86,0.87,0.83,0.83,5300,0.83
2011-11-08,0.87,0.87,0.81,0.81,6800,0.81
2011-11-07,0.79,0.84,0.79,0.83,4300,0.83
2011-11-04,0.87,0.87,0.87,0.87,1000,0.87
2011-11-03,0.87,0.87,0.87,0.87,400,0.87
2011-11-02,0.86,0.86,0.81,0.81,2600,0.81
2011-11-01,0.88,0.88,0.88,0.88,400,0.88
2011-10-31,0.81,0.84,0.80,0.84,2200,0.84
2011-10-28,0.81,0.81,0.81,0.81,000,0.81
2011-10-27,0.81,0.84,0.81,0.81,1400,0.81
2011-10-26,0.80,0.80,0.80,0.80,200,0.80
2011-10-25,0.80,0.87,0.80,0.87,1100,0.87
2011-10-24,0.80,0.80,0.80,0.80,300,0.80
2011-10-21,0.80,0.80,0.80,0.80,000,0.80
2011-10-20,0.80,0.80,0.80,0.80,000,0.80
2011-10-19,0.81,0.81,0.80,0.80,300,0.80
2011-10-18,0.81,0.81,0.80,0.80,9000,0.80
2011-10-17,0.89,0.89,0.81,0.81,2600,0.81
2011-10-14,0.79,0.85,0.79,0.85,3600,0.85
2011-10-13,0.79,0.89,0.79,0.85,2500,0.85
2011-10-12,0.80,0.80,0.79,0.79,500,0.79
2011-10-11,0.76,0.76,0.75,0.75,19000,0.75
2011-10-10,0.80,0.80,0.76,0.76,1700,0.76
2011-10-07,0.77,0.88,0.76,0.88,4800,0.88
2011-10-06,0.77,0.83,0.77,0.83,400,0.83
2011-10-05,0.77,0.88,0.75,0.88,36500,0.88
2011-10-04,0.77,0.77,0.77,0.77,2800,0.77
2011-10-03,0.77,0.77,0.77,0.77,2200,0.77
2011-09-30,0.83,0.83,0.77,0.77,2000,0.77
2011-09-29,0.77,0.93,0.77,0.93,11600,0.93
2011-09-28,0.78,0.78,0.77,0.77,2000,0.77
2011-09-27,0.79,0.79,0.77,0.77,1400,0.77
2011-09-26,0.75,0.75,0.73,0.75,11000,0.75
2011-09-23,0.75,0.75,0.75,0.75,000,0.75
2011-09-22,0.80,0.80,0.64,0.75,39300,0.75
2011-09-21,0.80,0.81,0.80,0.81,600,0.81
2011-09-20,0.84,0.84,0.82,0.82,500,0.82
2011-09-19,0.85,0.85,0.85,0.85,000,0.85
2011-09-16,0.90,0.90,0.82,0.85,9300,0.85
2011-09-15,0.90,0.91,0.82,0.84,11100,0.84
2011-09-14,0.87,0.90,0.87,0.90,6500,0.90
2011-09-13,0.90,0.90,0.82,0.83,10700,0.83
2011-09-12,0.87,0.90,0.82,0.85,5300,0.85
2011-09-09,0.83,0.89,0.83,0.85,1000,0.85
2011-09-08,0.90,0.90,0.82,0.90,10000,0.90
2011-09-07,0.84,0.90,0.82,0.90,11000,0.90
2011-09-06,0.83,0.83,0.82,0.82,700,0.82
2011-09-02,0.86,0.90,0.86,0.90,8500,0.90
2011-09-01,0.79,0.83,0.79,0.83,3400,0.83
2011-08-31,0.82,0.82,0.82,0.82,5900,0.82
2011-08-30,0.82,0.84,0.82,0.82,7200,0.82
2011-08-29,0.88,0.89,0.82,0.84,8600,0.84
2011-08-26,0.82,0.82,0.82,0.82,200,0.82
2011-08-25,0.83,0.83,0.83,0.83,4000,0.83
2011-08-24,0.90,0.90,0.83,0.89,12800,0.89
2011-08-23,0.83,0.83,0.83,0.83,200,0.83
2011-08-22,0.85,0.85,0.85,0.85,7000,0.85
2011-08-19,0.82,0.82,0.82,0.82,000,0.82
2011-08-18,0.82,0.87,0.82,0.82,1400,0.82
2011-08-17,0.89,0.89,0.83,0.88,3300,0.88
2011-08-16,0.82,0.90,0.82,0.90,1700,0.90
2011-08-15,0.82,0.82,0.82,0.82,11600,0.82
2011-08-12,0.84,0.84,0.82,0.82,4000,0.82
2011-08-11,0.90,0.91,0.80,0.80,9700,0.80
2011-08-10,0.71,0.92,0.70,0.78,8700,0.78
2011-08-09,0.80,0.81,0.71,0.79,8800,0.79
2011-08-08,0.82,0.82,0.82,0.82,9800,0.82
2011-08-05,0.86,0.86,0.82,0.83,11500,0.83
2011-08-04,0.83,0.90,0.83,0.90,2100,0.90
2011-08-03,0.82,0.94,0.82,0.87,6100,0.87
2011-08-02,0.85,0.85,0.82,0.82,7700,0.82
2011-08-01,0.90,1.00,0.82,0.83,16700,0.83
2011-07-29,0.90,0.95,0.86,0.88,6000,0.88
2011-07-28,0.84,0.84,0.82,0.83,13100,0.83
2011-07-27,0.85,0.85,0.82,0.82,13000,0.82
2011-07-26,0.84,0.84,0.84,0.84,000,0.84
2011-07-25,0.82,0.84,0.82,0.84,3900,0.84
2011-07-22,0.85,0.92,0.85,0.86,8100,0.86
2011-07-21,0.93,0.93,0.86,0.86,10000,0.86
2011-07-20,0.82,0.85,0.82,0.82,10700,0.82
2011-07-19,0.82,0.85,0.82,0.82,1800,0.82
2011-07-18,0.82,0.82,0.82,0.82,2200,0.82
2011-07-15,0.82,0.82,0.82,0.82,400,0.82
2011-07-14,0.84,0.84,0.82,0.84,16900,0.84
2011-07-13,0.82,0.83,0.82,0.82,1000,0.82
2011-07-12,0.95,0.95,0.82,0.85,1900,0.85
2011-07-11,0.82,0.84,0.82,0.82,20100,0.82
2011-07-08,0.82,0.83,0.82,0.83,5100,0.83
2011-07-07,0.82,0.82,0.82,0.82,4200,0.82
2011-07-06,0.81,0.81,0.81,0.81,2300,0.81
2011-07-05,0.83,0.83,0.82,0.82,6100,0.82
2011-07-01,0.86,0.92,0.83,0.85,9400,0.85
2011-06-30,0.83,0.83,0.83,0.83,000,0.83
2011-06-29,0.82,0.84,0.82,0.83,8600,0.83
2011-06-28,0.82,0.82,0.82,0.82,2800,0.82
2011-06-27,0.83,0.84,0.82,0.82,1900,0.82
2011-06-24,0.80,0.83,0.80,0.83,3500,0.83
2011-06-23,0.79,0.86,0.79,0.84,13500,0.84
2011-06-22,0.83,0.83,0.83,0.83,200,0.83
2011-06-21,0.83,0.83,0.82,0.82,1800,0.82
2011-06-20,0.85,0.85,0.83,0.83,1100,0.83
2011-06-17,0.83,0.85,0.83,0.85,1000,0.85
2011-06-16,0.87,0.87,0.84,0.84,1000,0.84
2011-06-15,0.85,0.85,0.84,0.84,400,0.84
2011-06-14,0.83,0.88,0.83,0.84,3800,0.84
2011-06-13,0.82,0.83,0.82,0.83,1600,0.83
2011-06-10,0.82,0.82,0.82,0.82,10100,0.82
2011-06-09,0.82,0.85,0.82,0.82,6200,0.82
2011-06-08,0.82,0.82,0.82,0.82,3600,0.82
2011-06-07,0.83,0.87,0.82,0.82,6300,0.82
2011-06-06,0.86,0.88,0.80,0.88,84400,0.88
2011-06-03,0.92,0.92,0.92,0.92,000,0.92
2011-06-02,0.80,0.92,0.80,0.92,22900,0.92
2011-06-01,0.95,0.95,0.90,0.90,9400,0.90
2011-05-31,0.94,0.95,0.91,0.91,5100,0.91
2011-05-27,0.91,0.94,0.90,0.92,9000,0.92
2011-05-26,0.90,0.90,0.90,0.90,000,0.90
2011-05-25,0.90,0.91,0.90,0.90,1200,0.90
2011-05-24,0.90,0.91,0.90,0.91,11100,0.91
2011-05-23,0.94,0.95,0.88,0.90,16600,0.90
2011-05-20,0.94,0.95,0.94,0.94,800,0.94
2011-05-19,0.99,1.00,0.94,0.94,10700,0.94
2011-05-18,1.00,1.00,0.90,0.98,4900,0.98
2011-05-17,0.97,1.02,0.90,0.95,15500,0.95
2011-05-16,1.08,1.10,0.90,0.90,28900,0.90
2011-05-13,1.21,1.21,1.07,1.08,7500,1.08
2011-05-12,1.10,1.17,1.09,1.17,20000,1.17
2011-05-11,1.01,1.10,0.97,1.10,26800,1.10
2011-05-10,0.99,1.07,0.92,1.06,9700,1.06
2011-05-09,0.99,1.00,0.99,1.00,2100,1.00
2011-05-06,0.93,1.02,0.93,0.99,5900,0.99
2011-05-05,1.01,1.10,0.92,0.93,8300,0.93
2011-05-04,0.99,0.99,0.99,0.99,900,0.99
2011-05-03,0.99,1.04,0.99,0.99,4700,0.99
2011-05-02,1.04,1.10,0.82,0.99,38000,0.99
2011-04-29,1.10,1.10,1.04,1.04,600,1.04
2011-04-28,1.06,1.10,1.04,1.10,19000,1.10
2011-04-27,1.08,1.10,1.06,1.06,3700,1.06
2011-04-26,1.07,1.08,1.07,1.07,9000,1.07
2011-04-25,1.07,1.15,1.07,1.08,8200,1.08
2011-04-21,1.12,1.14,1.08,1.08,7000,1.08
2011-04-20,1.07,1.14,1.07,1.14,12100,1.14
2011-04-19,1.08,1.14,1.07,1.12,15700,1.12
2011-04-18,1.07,1.15,1.07,1.14,36200,1.14
2011-04-15,1.08,1.14,1.08,1.13,16800,1.13
2011-04-14,1.10,1.19,1.10,1.10,7500,1.10
2011-04-13,1.13,1.15,1.07,1.07,57900,1.07
2011-04-12,1.23,1.23,1.15,1.15,3300,1.15
2011-04-11,1.12,1.22,1.12,1.19,26900,1.19
2011-04-08,1.17,1.22,1.13,1.22,23300,1.22
2011-04-07,1.14,1.20,1.12,1.19,6900,1.19
2011-04-06,1.17,1.23,1.17,1.17,20400,1.17
2011-04-05,1.16,1.24,1.11,1.15,55600,1.15
2011-04-04,1.24,1.24,1.15,1.19,40100,1.19
2011-04-01,1.20,1.23,1.15,1.22,18600,1.22
2011-03-31,1.31,1.31,1.20,1.20,78300,1.20
2011-03-30,1.40,1.40,1.22,1.36,118700,1.36
2011-03-29,1.30,1.72,1.10,1.40,691200,1.40
2011-03-28,1.15,1.17,1.07,1.08,9700,1.08
2011-03-25,1.25,1.25,1.11,1.18,3600,1.18
2011-03-24,1.15,1.38,1.07,1.25,8400,1.25
2011-03-23,1.13,1.13,1.08,1.09,9000,1.09
2011-03-22,1.20,1.20,1.10,1.12,7000,1.12
2011-03-21,1.24,1.27,1.11,1.23,13400,1.23
2011-03-18,1.24,1.38,1.04,1.28,56400,1.28
2011-03-17,1.21,1.24,1.21,1.24,3600,1.24
2011-03-16,1.19,1.24,1.15,1.20,19900,1.20
2011-03-15,1.20,1.25,1.19,1.19,18900,1.19
2011-03-14,1.25,1.25,1.10,1.12,15200,1.12
2011-03-11,1.26,1.29,1.23,1.23,2400,1.23
2011-03-10,1.30,1.30,1.26,1.26,3900,1.26
2011-03-09,1.34,1.34,1.25,1.30,23700,1.30
2011-03-08,1.33,1.34,1.25,1.34,36600,1.34
2011-03-07,1.33,1.40,1.33,1.39,600,1.39
2011-03-04,1.35,1.40,1.25,1.40,20100,1.40
2011-03-03,1.43,1.43,1.35,1.35,3500,1.35
2011-03-02,1.40,1.43,1.40,1.43,18300,1.43
2011-03-01,1.50,1.50,1.34,1.47,16900,1.47
2011-02-28,1.38,1.44,1.34,1.44,6900,1.44
2011-02-25,1.38,1.39,1.35,1.39,11400,1.39
2011-02-24,1.41,1.51,1.39,1.39,11000,1.39
2011-02-23,1.40,1.43,1.40,1.43,1100,1.43
2011-02-22,1.40,1.48,1.38,1.40,25100,1.40
2011-02-18,1.44,1.50,1.30,1.38,31700,1.38
2011-02-17,1.60,1.63,1.41,1.41,114100,1.41
2011-02-16,1.45,1.73,1.45,1.63,132500,1.63
2011-02-15,1.42,1.44,1.36,1.44,8000,1.44
2011-02-14,1.40,1.42,1.35,1.40,16900,1.40
2011-02-11,1.46,1.48,1.40,1.41,18800,1.41
2011-02-10,1.50,1.50,1.44,1.49,10200,1.49
2011-02-09,1.49,1.54,1.48,1.48,9700,1.48
2011-02-08,1.51,1.51,1.48,1.50,21500,1.50
2011-02-07,1.47,1.50,1.42,1.49,20300,1.49
2011-02-04,1.44,1.55,1.40,1.41,23300,1.41
2011-02-03,1.51,1.64,1.40,1.50,43800,1.50
2011-02-02,1.35,1.63,1.35,1.51,117500,1.51
2011-02-01,1.27,1.30,1.26,1.29,18900,1.29
2011-01-31,1.31,1.31,1.31,1.31,100,1.31
2011-01-28,1.36,1.38,1.36,1.38,200,1.38
2011-01-27,1.32,1.32,1.32,1.32,100,1.32
2011-01-26,1.35,1.38,1.31,1.32,2200,1.32
2011-01-25,1.34,1.40,1.32,1.40,1200,1.40
2011-01-24,1.40,1.44,1.35,1.40,5500,1.40
2011-01-21,1.34,1.39,1.34,1.39,300,1.39
2011-01-20,1.45,1.50,1.31,1.39,20400,1.39
2011-01-19,1.45,1.45,1.27,1.44,26600,1.44
2011-01-18,1.33,1.35,1.25,1.25,14200,1.25
2011-01-14,1.30,1.48,1.30,1.32,8300,1.32
2011-01-13,1.41,1.45,1.38,1.45,11300,1.45
2011-01-12,1.43,1.45,1.35,1.41,20700,1.41
2011-01-11,1.36,1.44,1.35,1.44,7900,1.44
2011-01-10,1.24,1.50,1.21,1.40,101500,1.40
2011-01-07,1.31,1.40,1.30,1.35,5100,1.35
2011-01-06,1.40,1.40,1.28,1.32,3100,1.32
2011-01-05,1.25,1.39,1.25,1.35,36500,1.35
2011-01-04,1.21,1.40,1.20,1.21,22100,1.21
2011-01-03,1.20,1.34,1.20,1.21,5200,1.21
2010-12-31,1.21,1.22,1.20,1.20,5000,1.20
2010-12-30,1.39,1.39,1.17,1.23,27800,1.23
2010-12-29,1.20,1.41,1.17,1.40,11400,1.40
2010-12-28,1.20,1.25,1.10,1.17,17100,1.17
2010-12-27,1.42,1.44,1.27,1.27,23100,1.27
2010-12-23,1.02,1.41,1.01,1.41,42000,1.41
2010-12-22,1.04,1.04,1.01,1.02,2600,1.02
2010-12-21,1.03,1.14,1.02,1.06,4600,1.06
2010-12-20,1.10,1.14,1.01,1.05,10000,1.05
2010-12-17,1.00,1.09,1.00,1.06,17300,1.06
2010-12-16,1.06,1.06,1.02,1.02,500,1.02
2010-12-15,1.10,1.10,1.06,1.09,4800,1.09
2010-12-14,1.05,1.05,1.00,1.00,23200,1.00
2010-12-13,1.05,1.07,1.05,1.07,2100,1.07
2010-12-10,1.08,1.18,1.00,1.10,11600,1.10
2010-12-09,1.11,1.15,1.06,1.06,11600,1.06
2010-12-08,1.19,1.19,1.10,1.10,19000,1.10
2010-12-07,1.29,1.29,1.15,1.15,6100,1.15
2010-12-06,1.29,1.44,1.14,1.27,62000,1.27
2010-12-03,1.43,1.43,1.30,1.30,4000,1.30
2010-12-02,1.35,1.36,1.32,1.36,2000,1.36
2010-12-01,1.45,1.45,1.30,1.35,4800,1.35
2010-11-30,1.45,1.45,1.28,1.28,3200,1.28
2010-11-29,1.39,1.44,1.36,1.44,1100,1.44
2010-11-26,1.45,1.45,1.30,1.40,3300,1.40
2010-11-24,1.29,1.41,1.28,1.41,8800,1.41
2010-11-23,1.35,1.43,1.28,1.31,9200,1.31
2010-11-22,1.45,1.46,1.20,1.23,14200,1.23
2010-11-19,1.25,1.45,1.25,1.45,1100,1.45
2010-11-18,1.28,1.46,1.25,1.26,14700,1.26
2010-11-17,1.33,1.46,1.25,1.32,6900,1.32
2010-11-16,1.38,1.46,1.38,1.42,5400,1.42
2010-11-15,1.50,1.55,1.24,1.43,24500,1.43
2010-11-12,1.35,1.52,1.25,1.52,65800,1.52
2010-11-11,1.14,1.44,1.10,1.34,35800,1.34
2010-11-10,1.35,1.35,1.04,1.04,24700,1.04
2010-11-09,1.48,1.48,1.33,1.36,3100,1.36
2010-11-08,1.48,1.48,1.34,1.34,5700,1.34
2010-11-05,1.30,1.47,1.27,1.47,6000,1.47
2010-11-04,1.18,1.18,1.18,1.18,000,1.18
2010-11-03,1.20,1.21,1.17,1.18,1600,1.18
2010-11-02,1.29,1.30,1.17,1.21,6600,1.21
2010-11-01,1.20,1.44,1.15,1.23,10500,1.23
2010-10-29,1.20,1.20,1.17,1.17,3400,1.17
2010-10-28,1.31,1.31,1.18,1.20,6800,1.20
2010-10-27,1.42,1.46,1.20,1.31,11500,1.31
2010-10-26,1.32,1.48,1.30,1.40,54500,1.40
2010-10-25,1.11,1.25,1.03,1.06,3800,1.06
2010-10-22,1.32,1.32,1.06,1.08,3200,1.08
2010-10-21,1.07,1.10,1.07,1.10,1300,1.10
2010-10-20,1.13,1.14,1.07,1.13,3900,1.13
2010-10-19,1.16,1.16,1.06,1.13,13000,1.13
2010-10-18,1.12,1.16,1.09,1.16,3100,1.16
2010-10-15,1.10,1.19,1.09,1.18,3800,1.18
2010-10-14,1.10,1.12,1.10,1.12,1500,1.12
2010-10-13,1.35,1.35,1.09,1.09,12700,1.09
2010-10-12,1.19,1.19,1.19,1.19,1300,1.19
2010-10-11,1.35,1.35,1.19,1.19,4100,1.19
2010-10-08,1.35,1.35,1.35,1.35,000,1.35
2010-10-07,1.30,1.35,1.18,1.35,9100,1.35
2010-10-06,1.18,1.30,1.18,1.30,3000,1.30
2010-10-05,1.19,1.25,1.15,1.20,6600,1.20
2010-10-04,1.30,1.30,1.18,1.18,2200,1.18
2010-10-01,1.12,1.31,1.09,1.17,9100,1.17
2010-09-30,1.24,1.24,1.15,1.15,600,1.15
2010-09-29,1.25,1.25,1.24,1.24,900,1.24
2010-09-28,1.28,1.36,1.28,1.31,1500,1.31
2010-09-27,1.20,1.36,1.20,1.34,2300,1.34
2010-09-24,1.26,1.33,1.26,1.33,2500,1.33
2010-09-23,1.33,1.33,1.33,1.33,000,1.33
2010-09-22,1.28,1.33,1.15,1.33,3300,1.33
2010-09-21,1.36,1.36,1.29,1.35,2800,1.35
2010-09-20,1.40,1.41,1.28,1.36,8900,1.36
2010-09-17,1.36,1.50,1.26,1.50,23200,1.50
2010-09-16,1.58,1.58,1.19,1.25,7800,1.25
2010-09-15,1.30,1.37,1.10,1.25,7000,1.25
2010-09-14,1.35,1.35,1.10,1.30,12100,1.30
2010-09-13,1.20,1.28,1.09,1.16,3700,1.16
2010-09-10,1.28,1.28,1.11,1.17,9000,1.17
2010-09-09,1.29,1.35,1.13,1.17,8100,1.17
2010-09-08,1.14,1.18,1.02,1.03,2800,1.03
2010-09-07,1.17,1.20,1.13,1.13,1300,1.13
2010-09-03,1.08,1.08,1.01,1.07,5000,1.07
2010-09-02,1.07,1.08,1.01,1.03,800,1.03
2010-09-01,1.00,1.10,1.00,1.01,3000,1.01
2010-08-31,1.23,1.23,1.00,1.00,16200,1.00
2010-08-30,1.21,1.28,1.20,1.23,2900,1.23
2010-08-27,1.35,1.35,1.23,1.28,2300,1.28
2010-08-26,1.21,1.32,1.21,1.32,2800,1.32
2010-08-25,1.14,1.34,1.14,1.21,3100,1.21
2010-08-24,1.30,1.35,1.24,1.35,1600,1.35
2010-08-23,1.33,1.35,1.32,1.32,2000,1.32
2010-08-20,1.44,1.60,1.30,1.36,4800,1.36
2010-08-19,1.31,1.64,1.21,1.31,7600,1.31
2010-08-18,1.41,1.41,1.39,1.39,400,1.39
2010-08-17,1.40,1.42,1.40,1.42,400,1.42
2010-08-16,1.56,1.56,1.56,1.56,000,1.56
2010-08-13,1.38,1.60,1.30,1.56,2600,1.56
2010-08-12,1.59,1.78,1.33,1.37,7400,1.37
2010-08-11,1.60,1.75,1.40,1.75,8900,1.75
2010-08-10,1.60,1.60,1.60,1.60,100,1.60
2010-08-09,1.70,1.70,1.60,1.60,3000,1.60
2010-08-06,1.60,1.82,1.60,1.62,7400,1.62
2010-08-05,1.60,1.66,1.50,1.65,7400,1.65
2010-08-04,1.74,1.89,1.41,1.60,9400,1.60
2010-08-03,1.54,1.75,1.54,1.75,1800,1.75
2010-08-02,1.79,1.79,1.46,1.49,22800,1.49
2010-07-30,1.74,1.90,1.73,1.85,17200,1.85
2010-07-29,1.68,1.99,1.41,1.71,48900,1.71
2010-07-28,1.06,1.29,1.05,1.29,3900,1.29
2010-07-27,0.85,1.01,0.85,1.01,4500,1.01
2010-07-26,0.76,0.85,0.75,0.85,4800,0.85
2010-07-23,0.83,0.84,0.75,0.80,4100,0.80
2010-07-22,0.75,0.85,0.75,0.81,2400,0.81
2010-07-21,0.74,0.95,0.72,0.86,12500,0.86
2010-07-20,0.90,0.95,0.90,0.93,9100,0.93
2010-07-19,0.95,1.01,0.49,0.90,12400,0.90
2010-07-16,1.08,1.08,0.95,0.98,10700,0.98
2010-07-15,1.08,1.08,1.08,1.08,000,1.08
2010-07-14,1.05,1.08,1.05,1.08,9200,1.08
2010-07-13,1.05,1.09,1.05,1.09,7700,1.09
2010-07-12,1.09,1.10,1.05,1.06,5500,1.06
2010-07-09,1.05,1.09,1.05,1.09,600,1.09
2010-07-08,1.05,1.10,1.05,1.05,2400,1.05
2010-07-07,1.01,1.09,1.01,1.05,17700,1.05
2010-07-06,1.02,1.09,1.01,1.05,4500,1.05
2010-07-02,1.15,1.20,1.15,1.20,400,1.20
2010-07-01,1.09,1.19,1.09,1.11,7100,1.11
2010-06-30,1.05,1.23,1.05,1.09,10300,1.09
2010-06-29,1.36,1.36,1.03,1.12,15400,1.12
2010-06-28,1.60,1.60,1.27,1.42,20400,1.42
2010-06-25,1.51,1.73,1.50,1.73,14300,1.73
2010-06-24,1.59,1.60,1.50,1.55,3000,1.55
2010-06-23,1.51,1.51,1.50,1.51,2000,1.51
2010-06-22,1.50,1.50,1.50,1.50,3300,1.50
2010-06-21,1.69,1.69,1.51,1.51,1600,1.51
2010-06-18,1.50,1.68,1.50,1.68,4300,1.68
2010-06-17,1.50,1.62,1.50,1.62,600,1.62
2010-06-16,1.50,1.50,1.50,1.50,500,1.50
2010-06-15,1.54,1.69,1.50,1.50,900,1.50
2010-06-14,1.51,1.51,1.51,1.51,000,1.51
2010-06-11,1.51,1.51,1.50,1.51,3500,1.51
2010-06-10,1.50,1.60,1.50,1.60,2600,1.60
2010-06-09,1.53,1.86,1.50,1.50,5500,1.50
2010-06-08,1.70,1.70,1.52,1.52,1300,1.52
2010-06-07,1.51,1.60,1.50,1.50,2200,1.50
2010-06-04,1.50,1.85,1.50,1.50,8800,1.50
2010-06-03,1.52,1.62,1.50,1.52,4200,1.52
2010-06-02,1.61,1.70,1.50,1.52,12400,1.52
2010-06-01,1.50,1.71,1.46,1.71,50300,1.71
2010-05-28,1.80,1.80,1.66,1.71,10400,1.71
2010-05-27,1.65,1.84,1.65,1.84,800,1.84
2010-05-26,1.66,1.78,1.58,1.78,8200,1.78
2010-05-25,1.60,1.75,1.60,1.71,1100,1.71
2010-05-24,1.53,1.73,1.53,1.69,2400,1.69
2010-05-21,1.78,1.78,1.50,1.63,6100,1.63
2010-05-20,1.52,1.58,1.52,1.58,900,1.58
2010-05-19,1.60,1.78,1.50,1.72,8500,1.72
2010-05-18,1.73,1.82,1.60,1.74,4900,1.74
2010-05-17,1.72,1.95,1.70,1.81,21400,1.81
2010-05-14,1.81,1.81,1.71,1.81,5400,1.81
2010-05-13,1.76,1.99,1.62,1.85,5100,1.85
2010-05-12,1.99,2.00,1.89,1.89,6400,1.89
2010-05-11,2.15,2.41,1.69,1.88,6200,1.88
2010-05-10,2.24,2.24,2.24,2.24,200,2.24
2010-05-07,1.90,1.95,1.85,1.85,3900,1.85
2010-05-06,1.92,1.92,1.92,1.92,5600,1.92
2010-05-05,1.92,1.94,1.92,1.92,7000,1.92
2010-05-04,1.95,1.95,1.90,1.95,12400,1.95
2010-05-03,1.90,1.91,1.90,1.91,600,1.91
2010-04-30,1.88,1.94,1.88,1.90,9400,1.90
2010-04-29,2.00,2.00,2.00,2.00,000,2.00
2010-04-28,1.98,2.00,1.98,2.00,1600,2.00
2010-04-27,1.93,1.93,1.93,1.93,000,1.93
2010-04-26,1.95,2.05,1.90,1.93,9100,1.93
2010-04-23,1.90,1.91,1.90,1.90,3800,1.90
2010-04-22,1.91,1.95,1.90,1.95,1600,1.95
2010-04-21,2.05,2.05,2.00,2.00,2600,2.00
2010-04-20,2.01,2.04,1.96,1.97,2400,1.97
2010-04-19,1.96,2.05,1.95,2.00,4300,2.00
2010-04-16,2.00,2.00,1.96,1.97,10700,1.97
2010-04-15,1.98,1.98,1.95,1.98,3400,1.98
2010-04-14,1.91,1.98,1.91,1.95,10300,1.95
2010-04-13,2.09,2.10,1.95,1.95,5100,1.95
2010-04-12,1.94,2.10,1.92,2.03,2100,2.03
2010-04-09,1.95,2.00,1.90,1.90,4900,1.90
2010-04-08,2.05,2.08,1.91,1.91,23400,1.91
2010-04-07,2.01,2.05,2.00,2.05,14600,2.05
2010-04-06,1.94,2.10,1.94,2.05,20300,2.05
2010-04-05,2.00,2.05,1.95,2.01,8700,2.01
2010-04-01,2.00,2.05,1.90,2.00,37000,2.00
2010-03-31,1.91,2.00,1.90,1.99,7100,1.99
2010-03-30,1.88,2.00,1.88,1.99,10400,1.99
2010-03-29,2.00,2.00,1.90,1.90,4700,1.90
2010-03-26,2.10,2.10,1.96,1.99,4200,1.99
2010-03-25,2.07,2.36,2.07,2.13,27100,2.13
2010-03-24,2.19,2.19,1.95,2.08,8400,2.08
2010-03-23,1.89,2.02,1.89,2.00,4000,2.00
2010-03-22,2.00,2.00,2.00,2.00,500,2.00
2010-03-19,2.00,2.04,1.97,2.03,4400,2.03
2010-03-18,1.95,2.00,1.95,1.95,6800,1.95
2010-03-17,2.00,2.00,2.00,2.00,000,2.00
2010-03-16,1.95,2.00,1.95,2.00,1500,2.00
2010-03-15,1.95,1.95,1.95,1.95,1000,1.95
2010-03-12,1.95,2.00,1.95,2.00,7000,2.00
2010-03-11,2.08,2.08,1.95,1.95,8000,1.95
2010-03-10,1.95,2.00,1.95,2.00,2600,2.00
2010-03-09,2.03,2.03,2.03,2.03,4000,2.03
2010-03-08,2.00,2.02,2.00,2.02,3000,2.02
2010-03-05,2.00,2.00,2.00,2.00,200,2.00
2010-03-04,2.00,2.00,2.00,2.00,1000,2.00
2010-03-03,2.00,2.03,2.00,2.03,900,2.03
2010-03-02,2.00,2.00,2.00,2.00,5700,2.00
2010-03-01,2.01,2.02,2.00,2.02,1600,2.02
2010-02-26,2.00,2.03,2.00,2.00,3200,2.00
2010-02-25,2.00,2.00,1.91,1.91,1000,1.91
2010-02-24,2.00,2.00,2.00,2.00,1300,2.00
2010-02-23,2.00,2.01,2.00,2.00,3300,2.00
2010-02-22,1.90,2.05,1.89,2.00,3800,2.00
2010-02-19,2.00,2.00,2.00,2.00,2600,2.00
2010-02-18,2.00,2.00,2.00,2.00,1100,2.00
2010-02-17,2.00,2.00,2.00,2.00,1300,2.00
2010-02-16,2.00,2.00,2.00,2.00,1800,2.00
2010-02-12,2.01,2.01,2.00,2.00,5600,2.00
2010-02-11,2.10,2.10,2.10,2.10,000,2.10
2010-02-10,2.10,2.10,2.10,2.10,000,2.10
2010-02-09,2.10,2.10,2.04,2.10,1700,2.10
2010-02-08,2.09,2.09,2.09,2.09,300,2.09
2010-02-05,1.98,2.20,1.98,2.20,13100,2.20
2010-02-04,2.00,2.00,2.00,2.00,14000,2.00
2010-02-03,2.00,2.05,2.00,2.05,5000,2.05
2010-02-02,2.00,2.05,2.00,2.05,37200,2.05
2010-02-01,1.96,2.03,1.96,2.00,7400,2.00
2010-01-29,1.92,2.02,1.92,2.00,10900,2.00
2010-01-28,2.00,2.00,2.00,2.00,600,2.00
2010-01-27,2.00,2.00,2.00,2.00,000,2.00
2010-01-26,2.00,2.00,2.00,2.00,4400,2.00
2010-01-25,2.00,2.10,2.00,2.10,5400,2.10
2010-01-22,1.98,2.10,1.98,2.10,2200,2.10
2010-01-21,2.07,2.07,2.00,2.00,11300,2.00
2010-01-20,2.01,2.02,2.01,2.02,3600,2.02
2010-01-19,2.03,2.07,2.03,2.03,1300,2.03
2010-01-15,2.04,2.04,2.03,2.03,2700,2.03
2010-01-14,2.05,2.05,2.05,2.05,100,2.05
2010-01-13,2.19,2.19,2.01,2.01,8600,2.01
2010-01-12,2.15,2.19,2.15,2.15,4200,2.15
2010-01-11,2.15,2.16,2.15,2.16,1300,2.16
2010-01-08,2.15,2.25,2.15,2.15,9200,2.15
2010-01-07,2.19,2.25,1.88,2.15,14200,2.15
2010-01-06,2.10,2.29,2.10,2.25,21400,2.25
2010-01-05,1.97,2.11,1.97,2.04,3500,2.04
2010-01-04,2.02,2.05,1.89,2.00,7200,2.00
2009-12-31,1.81,2.11,1.81,1.96,19800,1.96
2009-12-30,1.87,1.97,1.87,1.95,5000,1.95
2009-12-29,1.87,2.00,1.87,1.87,2000,1.87
2009-12-28,1.87,1.95,1.87,1.87,13000,1.87
2009-12-24,1.73,1.87,1.62,1.84,5100,1.84
2009-12-23,1.59,1.65,1.55,1.62,5500,1.62
2009-12-22,1.66,1.74,1.50,1.55,7100,1.55
2009-12-21,1.52,1.55,1.45,1.55,9400,1.55
2009-12-18,1.51,1.59,1.50,1.50,12200,1.50
2009-12-17,1.75,1.75,1.50,1.59,20000,1.59
2009-12-16,1.80,1.90,1.80,1.80,800,1.80
2009-12-15,1.92,1.92,1.80,1.80,9100,1.80
2009-12-14,1.91,1.98,1.90,1.95,5700,1.95
2009-12-11,1.95,1.99,1.95,1.95,1800,1.95
2009-12-10,1.95,1.98,1.95,1.98,700,1.98
2009-12-09,1.97,1.99,1.90,1.99,2800,1.99
2009-12-08,2.01,2.01,1.90,1.90,13000,1.90
2009-12-07,2.04,2.04,2.01,2.01,6500,2.01
2009-12-04,2.03,2.13,2.01,2.13,2000,2.13
2009-12-03,2.04,2.04,2.04,2.04,000,2.04
2009-12-02,2.04,2.05,2.04,2.04,700,2.04
2009-12-01,2.10,2.10,2.10,2.10,600,2.10
2009-11-30,2.18,2.18,2.09,2.10,2100,2.10
2009-11-27,2.20,2.20,2.18,2.18,2100,2.18
2009-11-25,2.22,2.25,2.22,2.25,300,2.25
2009-11-24,2.15,2.30,2.15,2.29,1700,2.29
2009-11-23,2.15,2.15,2.15,2.15,000,2.15
2009-11-20,2.15,2.15,2.15,2.15,000,2.15
2009-11-19,2.15,2.15,2.15,2.15,000,2.15
2009-11-18,2.15,2.15,2.15,2.15,200,2.15
2009-11-17,2.29,2.29,2.29,2.29,000,2.29
2009-11-16,2.18,2.35,2.14,2.29,10900,2.29
2009-11-13,2.32,2.34,2.30,2.32,8600,2.32
2009-11-12,2.34,2.34,2.15,2.33,1000,2.33
2009-11-11,2.06,2.25,2.01,2.25,15700,2.25
2009-11-10,2.19,2.24,2.05,2.24,3900,2.24
2009-11-09,2.05,2.12,2.01,2.01,2100,2.01
2009-11-06,2.10,2.12,2.05,2.05,1500,2.05
2009-11-05,2.02,2.10,1.99,2.10,6800,2.10
2009-11-04,2.06,2.20,2.05,2.20,2800,2.20
2009-11-03,2.10,2.34,2.10,2.23,2900,2.23
2009-11-02,2.20,2.40,2.16,2.28,10100,2.28
2009-10-30,2.00,2.10,1.97,2.08,83600,2.08
2009-10-29,1.96,2.09,1.94,1.95,21200,1.95
2009-10-28,1.93,2.14,1.92,2.00,3100,2.00
2009-10-27,1.93,2.07,1.92,2.00,3400,2.00
2009-10-26,2.00,2.01,1.93,1.93,4800,1.93
2009-10-23,2.09,2.09,2.09,2.09,300,2.09
2009-10-22,2.22,2.22,2.00,2.00,2900,2.00
2009-10-21,1.99,2.50,1.92,2.18,25200,2.18
2009-10-20,1.95,2.00,1.92,1.99,9800,1.99
2009-10-19,2.00,2.00,1.99,2.00,14400,2.00
2009-10-16,2.16,2.16,2.00,2.00,11400,2.00
2009-10-15,2.03,2.10,2.00,2.00,127400,2.00
2009-10-14,2.05,2.14,2.05,2.10,4800,2.10
2009-10-13,2.08,2.14,2.05,2.05,6900,2.05
2009-10-12,2.26,2.26,2.08,2.08,4100,2.08
2009-10-09,2.15,2.16,2.15,2.16,4700,2.16
2009-10-08,2.19,2.35,2.05,2.07,10400,2.07
2009-10-07,2.21,2.40,2.21,2.39,5000,2.39
2009-10-06,2.35,2.35,2.03,2.21,5000,2.21
2009-10-05,2.13,2.15,2.08,2.15,2000,2.15
2009-10-02,2.05,2.35,2.05,2.20,1100,2.20
2009-10-01,2.28,2.28,2.28,2.28,000,2.28
2009-09-30,2.35,2.35,2.28,2.28,1300,2.28
2009-09-29,2.50,2.50,2.33,2.40,2700,2.40
2009-09-28,2.42,2.50,2.42,2.50,1100,2.50
2009-09-25,2.45,2.46,2.27,2.34,21800,2.34
2009-09-24,2.48,2.48,2.45,2.45,5100,2.45
2009-09-23,2.45,2.49,2.45,2.45,7700,2.45
2009-09-22,2.48,2.48,2.45,2.46,5400,2.46
2009-09-21,2.25,2.45,2.25,2.40,1400,2.40
2009-09-18,2.40,2.45,2.28,2.28,5100,2.28
2009-09-17,2.25,2.30,2.25,2.30,10800,2.30
2009-09-16,2.24,2.44,2.04,2.19,17100,2.19
2009-09-15,2.35,2.44,2.25,2.25,20200,2.25
2009-09-14,2.30,2.42,2.30,2.41,3200,2.41
2009-09-11,2.56,2.56,2.36,2.36,6400,2.36
2009-09-10,2.50,2.50,2.50,2.50,1300,2.50
2009-09-09,2.62,2.67,2.56,2.63,4900,2.63
2009-09-08,2.75,2.75,2.75,2.75,000,2.75
2009-09-04,2.73,2.89,2.66,2.75,7800,2.75
2009-09-03,2.70,2.90,2.60,2.80,9200,2.80
2009-09-02,2.73,2.73,2.65,2.73,7600,2.73
2009-09-01,2.65,2.75,2.60,2.73,24100,2.73
2009-08-31,2.41,2.90,2.41,2.74,44500,2.74
2009-08-28,2.35,2.47,2.35,2.41,8100,2.41
2009-08-27,2.35,2.41,2.35,2.37,7500,2.37
2009-08-26,2.43,2.47,2.33,2.40,12300,2.40
2009-08-25,2.36,2.42,2.25,2.36,16300,2.36
2009-08-24,2.27,2.50,2.20,2.35,21200,2.35
2009-08-21,2.76,2.76,2.30,2.35,21700,2.35
2009-08-20,2.80,3.00,2.72,2.82,21000,2.82
2009-08-19,3.19,3.19,2.78,2.84,30400,2.84
2009-08-18,3.16,3.16,2.52,3.10,144500,3.10
2009-08-17,1.73,3.60,1.73,2.81,445000,2.81
2009-08-14,1.70,1.72,1.62,1.70,20400,1.70
2009-08-13,1.76,1.76,1.58,1.72,15000,1.72
2009-08-12,1.79,1.80,1.75,1.78,3800,1.78
2009-08-11,1.83,1.83,1.79,1.80,3700,1.80
2009-08-10,1.91,1.92,1.82,1.88,6200,1.88
2009-08-07,1.91,1.91,1.90,1.90,6600,1.90
2009-08-06,1.95,1.99,1.90,1.90,8000,1.90
2009-08-05,1.98,2.05,1.91,1.95,12900,1.95
2009-08-04,2.23,2.23,1.80,1.90,15500,1.90
2009-08-03,2.10,2.10,2.03,2.06,2200,2.06
2009-07-31,2.15,2.24,2.15,2.24,700,2.24
2009-07-30,2.20,2.25,2.17,2.25,9400,2.25
2009-07-29,2.05,2.14,2.01,2.14,10700,2.14
2009-07-28,2.24,2.25,2.06,2.08,18800,2.08
2009-07-27,2.24,2.25,2.05,2.25,14200,2.25
2009-07-24,2.26,2.26,2.01,2.25,15700,2.25
2009-07-23,2.37,2.37,2.30,2.32,6300,2.32
2009-07-22,2.75,2.94,2.27,2.37,44700,2.37
2009-07-21,2.85,2.85,2.54,2.54,12400,2.54
2009-07-20,2.94,3.00,2.85,2.91,5100,2.91
2009-07-17,3.10,3.21,3.04,3.05,5100,3.05
2009-07-16,3.50,3.50,3.09,3.26,12700,3.26
2009-07-15,3.05,3.47,3.05,3.39,7600,3.39
2009-07-14,3.18,3.20,3.18,3.19,2800,3.19
2009-07-13,3.38,3.38,3.38,3.38,000,3.38
2009-07-10,3.53,3.55,3.34,3.38,6200,3.38
2009-07-09,3.53,3.53,3.52,3.53,1100,3.53
2009-07-08,3.57,3.71,3.55,3.71,900,3.71
2009-07-07,3.58,3.88,3.52,3.79,1300,3.79
2009-07-06,4.01,4.01,3.57,3.96,10200,3.96
2009-07-02,3.86,4.00,3.69,4.00,10800,4.00
2009-07-01,3.83,3.97,3.68,3.75,4300,3.75
2009-06-30,3.99,4.00,3.69,3.73,6800,3.73
2009-06-29,3.80,3.99,3.69,3.69,1600,3.69
2009-06-26,3.97,4.00,3.59,3.59,30800,3.59
2009-06-25,3.98,3.98,3.90,3.97,13600,3.97
2009-06-24,3.85,3.95,3.53,3.53,5100,3.53
2009-06-23,3.81,3.81,3.81,3.81,000,3.81
2009-06-22,3.92,4.01,3.81,3.81,5400,3.81
2009-06-19,4.01,4.01,4.00,4.00,2100,4.00
2009-06-18,3.91,4.12,3.91,4.02,10800,4.02
2009-06-17,4.00,4.05,3.80,4.01,16100,4.01
2009-06-16,4.26,4.35,3.59,4.18,77400,4.18
2009-06-15,4.01,4.43,4.01,4.43,16000,4.43
2009-06-12,4.00,4.50,3.82,4.26,19000,4.26
2009-06-11,4.00,4.38,4.00,4.00,3400,4.00
2009-06-10,4.04,4.04,3.79,3.97,8500,3.97
2009-06-09,4.34,4.50,4.34,4.38,3200,4.38
2009-06-08,4.70,4.70,4.24,4.24,4700,4.24
2009-06-05,4.70,4.76,4.70,4.76,2200,4.76
2009-06-04,4.56,4.91,4.51,4.91,4900,4.91
2009-06-03,4.25,5.06,4.25,4.78,13200,4.78
2009-06-02,4.25,4.46,3.86,4.25,8900,4.25
2009-06-01,4.60,4.85,4.05,4.43,18400,4.43
2009-05-29,4.81,4.81,4.11,4.30,18100,4.30
2009-05-28,5.31,5.31,4.71,4.71,9400,4.71
2009-05-27,5.56,5.56,5.10,5.17,12200,5.17
2009-05-26,5.97,5.99,5.67,5.85,4000,5.85
2009-05-22,6.00,6.60,5.90,5.90,90700,5.90
2009-05-21,6.38,6.68,5.76,6.50,81900,6.50
2009-05-20,5.66,6.62,5.66,6.25,13900,6.25
2009-05-19,5.76,6.67,5.76,6.22,7700,6.22
2009-05-18,6.25,6.39,6.24,6.39,5800,6.39
2009-05-15,5.75,6.28,5.75,6.26,600,6.26
2009-05-14,6.38,6.38,5.75,6.26,21500,6.26
2009-05-13,5.52,6.37,5.51,6.37,25100,6.37
2009-05-12,6.36,6.36,6.18,6.18,600,6.18
2009-05-11,6.06,6.26,6.06,6.25,8200,6.25
2009-05-08,5.46,6.37,5.16,6.21,15400,6.21
2009-05-07,6.25,6.26,5.47,6.19,6100,6.19
2009-05-06,5.96,6.00,5.47,6.00,10000,6.00
2009-05-05,5.80,6.11,5.80,6.10,1900,6.10
2009-05-04,5.88,6.16,5.88,6.10,5600,6.10
2009-05-01,6.26,6.42,5.35,6.06,14900,6.06
2009-04-30,6.55,6.58,6.50,6.53,6600,6.53
2009-04-29,6.50,6.62,6.50,6.62,2500,6.62
2009-04-28,6.70,6.70,6.62,6.66,6500,6.66
2009-04-27,6.60,6.67,6.60,6.67,10600,6.67
2009-04-24,6.65,6.67,6.50,6.60,1000,6.60
2009-04-23,6.33,6.67,6.30,6.65,14600,6.65
2009-04-22,6.30,6.60,6.30,6.60,20300,6.60
2009-04-21,5.84,6.65,5.84,6.45,11100,6.45
2009-04-20,5.75,6.06,5.75,6.06,5800,6.06
2009-04-17,6.05,6.05,6.02,6.02,2900,6.02
2009-04-16,5.75,6.19,5.75,6.04,17500,6.04
2009-04-15,6.06,6.06,5.50,6.00,2000,6.00
2009-04-14,5.70,5.89,5.50,5.80,8400,5.80
2009-04-13,5.55,6.09,5.28,6.09,6600,6.09
2009-04-09,5.45,5.60,5.45,5.60,1700,5.60
2009-04-08,5.25,5.46,5.25,5.45,7500,5.45
2009-04-07,4.89,5.45,4.89,5.20,14500,5.20
2009-04-06,4.26,5.00,4.26,5.00,8000,5.00
2009-04-03,4.70,4.70,4.29,4.70,3200,4.70
2009-04-02,4.65,4.88,4.27,4.64,6400,4.64
2009-04-01,4.63,4.63,4.63,4.63,000,4.63
2009-03-31,4.01,4.97,4.01,4.63,5300,4.63
2009-03-30,4.98,5.00,4.38,4.75,3800,4.75
2009-03-27,4.51,4.99,4.51,4.75,1600,4.75
2009-03-26,4.75,4.96,4.74,4.75,4800,4.75
2009-03-25,4.99,4.99,4.65,4.75,5800,4.75
2009-03-24,4.49,4.50,4.41,4.50,4800,4.50
2009-03-23,4.40,4.50,4.40,4.49,8800,4.49
2009-03-20,4.19,4.39,4.15,4.39,2400,4.39
2009-03-19,4.35,4.36,4.30,4.34,6700,4.34
2009-03-18,4.18,4.34,4.18,4.32,1700,4.32
2009-03-17,4.20,4.25,4.20,4.25,2400,4.25
2009-03-16,4.15,4.38,4.15,4.31,1900,4.31
2009-03-13,4.01,4.14,4.01,4.14,1000,4.14
2009-03-12,4.05,4.25,4.05,4.25,5300,4.25
2009-03-11,4.07,4.07,3.96,4.03,13500,4.03
2009-03-10,3.96,4.15,3.96,4.15,13900,4.15
2009-03-09,3.93,4.01,3.93,4.01,3000,4.01
2009-03-06,4.01,4.05,4.00,4.05,5500,4.05
2009-03-05,3.87,4.14,3.87,4.05,16400,4.05
2009-03-04,4.07,4.10,3.90,4.10,7700,4.10
2009-03-03,3.87,4.25,3.86,4.25,7700,4.25
2009-03-02,3.95,4.25,3.91,4.25,7400,4.25
2009-02-27,4.29,4.30,3.86,4.10,21100,4.10
2009-02-26,4.25,4.35,4.25,4.34,5100,4.34
2009-02-25,4.20,4.30,4.20,4.30,1400,4.30
2009-02-24,4.20,4.35,4.20,4.30,2000,4.30
2009-02-23,4.02,4.35,4.02,4.35,14200,4.35
2009-02-20,4.12,4.14,4.12,4.14,400,4.14
2009-02-19,4.27,4.30,4.11,4.11,8600,4.11
2009-02-18,4.43,4.43,4.43,4.43,000,4.43
2009-02-17,4.28,4.43,4.12,4.43,1200,4.43
2009-02-13,4.50,4.61,4.44,4.53,27300,4.53
2009-02-12,4.56,4.57,4.50,4.55,2800,4.55
2009-02-11,4.50,4.56,4.50,4.56,3800,4.56
2009-02-10,4.27,4.59,4.27,4.59,13300,4.59
2009-02-09,4.50,4.68,4.44,4.66,9000,4.66
2009-02-06,4.58,4.59,4.51,4.59,9500,4.59
2009-02-05,4.57,4.60,4.57,4.60,2000,4.60
2009-02-04,4.50,4.68,4.50,4.68,3000,4.68
2009-02-03,4.41,4.70,4.41,4.70,1300,4.70
2009-02-02,4.50,4.76,4.50,4.70,6800,4.70
2009-01-30,4.75,4.75,4.75,4.75,1300,4.75
2009-01-29,4.50,4.75,4.50,4.60,6800,4.60
2009-01-28,4.69,4.71,4.50,4.51,4700,4.51
2009-01-27,4.25,4.25,4.25,4.25,5000,4.25
2009-01-26,4.47,4.50,4.26,4.26,7300,4.26
2009-01-23,4.49,4.49,4.49,4.49,200,4.49
2009-01-22,4.02,4.94,4.02,4.10,3400,4.10
2009-01-21,4.08,4.10,4.08,4.10,800,4.10
2009-01-20,4.10,4.10,4.10,4.10,2500,4.10
2009-01-16,3.90,4.46,3.90,4.46,1200,4.46
2009-01-15,4.25,4.25,4.00,4.00,4700,4.00
2009-01-14,4.00,4.15,4.00,4.00,1700,4.00
2009-01-13,4.05,4.05,4.05,4.05,000,4.05
2009-01-12,4.05,4.05,4.05,4.05,1500,4.05
2009-01-09,4.26,4.26,4.00,4.10,1000,4.10
2009-01-08,4.26,4.26,4.00,4.00,6000,4.00
2009-01-07,4.65,4.65,4.65,4.65,000,4.65
2009-01-06,4.65,4.65,4.65,4.65,000,4.65
2009-01-05,4.65,4.75,4.65,4.65,3700,4.65
2009-01-02,4.10,4.31,4.10,4.15,3300,4.15
2008-12-31,4.10,4.19,3.90,4.00,30300,4.00
2008-12-30,3.65,4.71,3.65,4.10,35800,4.10
2008-12-29,4.25,4.73,3.65,4.25,7400,4.25
2008-12-26,3.89,4.34,3.89,4.34,2200,4.34
2008-12-24,3.50,4.01,3.50,4.01,5800,4.01
2008-12-23,3.20,3.50,3.20,3.50,5400,3.50
2008-12-22,3.17,3.29,3.17,3.25,5600,3.25
2008-12-19,3.25,3.26,3.17,3.17,4100,3.17
2008-12-18,3.13,3.37,3.11,3.36,4300,3.36
2008-12-17,3.24,3.43,3.24,3.41,13300,3.41
2008-12-16,3.25,3.43,3.24,3.43,4300,3.43
2008-12-15,3.42,3.42,3.24,3.24,1500,3.24
2008-12-12,3.54,3.56,3.30,3.41,2000,3.41
2008-12-11,3.22,3.38,3.20,3.38,3800,3.38
2008-12-10,3.45,3.57,3.29,3.29,3800,3.29
2008-12-09,3.46,3.46,3.13,3.45,17800,3.45
2008-12-08,3.52,3.52,3.25,3.47,6100,3.47
2008-12-05,3.45,3.54,3.45,3.53,2300,3.53
2008-12-04,3.35,3.57,3.35,3.45,2900,3.45
2008-12-03,3.10,3.39,3.10,3.34,5800,3.34
2008-12-02,3.11,3.19,2.85,3.10,19900,3.10
2008-12-01,3.24,3.30,3.03,3.19,24100,3.19
2008-11-28,3.17,3.21,3.17,3.20,7600,3.20
2008-11-26,3.22,3.24,3.11,3.16,48900,3.16
2008-11-25,3.43,3.43,3.20,3.25,40800,3.25
2008-11-24,3.75,3.75,3.02,3.42,37800,3.42
2008-11-21,3.74,4.00,3.36,3.55,58300,3.55
2008-11-20,3.85,3.89,3.49,3.79,24600,3.79
2008-11-19,4.00,4.02,3.95,3.95,24600,3.95
2008-11-18,4.11,4.22,3.95,3.98,9400,3.98
2008-11-17,4.39,4.49,4.39,4.49,800,4.49
2008-11-14,4.67,4.67,4.30,4.43,10300,4.43
2008-11-13,4.51,4.55,4.39,4.42,10600,4.42
2008-11-12,4.40,4.45,4.30,4.45,9800,4.45
2008-11-11,4.47,4.47,4.47,4.47,000,4.47
2008-11-10,4.46,4.47,4.46,4.47,900,4.47
2008-11-07,4.74,4.74,4.45,4.60,8200,4.60
2008-11-06,4.30,4.45,4.30,4.30,2600,4.30
2008-11-05,4.43,4.43,4.03,4.25,1400,4.25
2008-11-04,4.21,4.52,4.21,4.45,5500,4.45
2008-11-03,3.98,4.20,3.98,4.20,2500,4.20
2008-10-31,3.83,3.92,3.33,3.92,16000,3.92
2008-10-30,4.09,4.09,3.66,3.80,46000,3.80
2008-10-29,4.01,4.01,3.85,4.00,4100,4.00
2008-10-28,4.24,4.25,3.96,4.01,700,4.01
2008-10-27,4.02,4.02,4.00,4.00,2400,4.00
2008-10-24,4.26,4.30,3.59,4.03,5900,4.03
2008-10-23,5.04,5.06,4.36,4.36,10000,4.36
2008-10-22,4.82,5.19,4.61,4.89,14200,4.89
2008-10-21,4.59,4.79,4.14,4.78,14800,4.78
2008-10-20,4.12,4.77,4.01,4.77,29700,4.77
2008-10-17,4.06,4.26,3.57,4.26,250500,4.26
2008-10-16,4.02,4.08,4.00,4.00,21400,4.00
2008-10-15,3.86,4.11,3.86,4.11,1800,4.11
2008-10-14,4.02,4.09,3.84,4.05,34400,4.05
2008-10-13,4.51,4.70,3.77,4.10,85300,4.10
2008-10-10,4.90,4.98,4.22,4.49,12700,4.49
2008-10-09,5.00,5.12,4.55,4.91,3900,4.91
2008-10-08,4.44,5.07,4.44,4.79,26400,4.79
2008-10-07,5.28,5.30,5.00,5.06,23200,5.06
2008-10-06,5.11,5.24,4.77,5.05,18500,5.05
2008-10-03,5.05,5.31,5.05,5.31,75300,5.31
2008-10-02,5.05,5.05,5.02,5.02,3400,5.02
2008-10-01,5.10,5.39,5.02,5.05,21800,5.05
2008-09-30,5.11,5.18,5.04,5.04,4300,5.04
2008-09-29,5.10,5.18,5.05,5.18,6900,5.18
2008-09-26,5.48,5.48,5.48,5.48,100,5.48
2008-09-25,5.28,5.28,5.17,5.17,9500,5.17
2008-09-24,5.17,5.40,5.17,5.40,4700,5.40
2008-09-23,5.25,5.40,5.18,5.40,1300,5.40
2008-09-22,5.17,5.65,5.17,5.65,2300,5.65
2008-09-19,5.26,5.28,5.06,5.06,2500,5.06
2008-09-18,5.25,5.59,5.06,5.25,9700,5.25
2008-09-17,5.17,5.21,5.17,5.17,4000,5.17
2008-09-16,5.16,5.20,5.15,5.20,9900,5.20
2008-09-15,5.25,5.27,5.12,5.14,3300,5.14
2008-09-12,5.08,5.20,5.06,5.20,5100,5.20
2008-09-11,5.10,5.20,5.10,5.20,4100,5.20
2008-09-10,5.13,5.13,5.09,5.10,6600,5.10
2008-09-09,5.15,5.25,5.11,5.11,6600,5.11
2008-09-08,5.23,5.23,5.20,5.20,1300,5.20
2008-09-05,5.23,5.37,5.10,5.23,900,5.23
2008-09-04,5.16,5.19,5.05,5.19,6300,5.19
2008-09-03,5.34,5.58,5.30,5.30,3500,5.30
2008-09-02,5.20,5.22,5.15,5.22,3400,5.22
2008-08-29,5.24,5.25,5.21,5.21,1300,5.21
2008-08-28,5.20,5.25,5.20,5.21,800,5.21
2008-08-27,5.20,5.20,5.20,5.20,200,5.20
2008-08-26,5.20,5.22,5.20,5.20,1500,5.20
2008-08-25,5.25,5.25,5.25,5.25,1100,5.25
2008-08-22,5.27,5.27,5.20,5.25,5900,5.25
2008-08-21,5.32,5.45,5.32,5.45,4100,5.45
2008-08-20,5.23,5.25,5.23,5.25,1200,5.25
2008-08-19,5.23,5.23,5.23,5.23,000,5.23
2008-08-18,5.10,5.23,5.07,5.23,2400,5.23
2008-08-15,5.10,5.10,5.10,5.10,000,5.10
2008-08-14,5.03,5.20,5.01,5.10,2000,5.10
2008-08-13,5.07,5.07,5.00,5.04,700,5.04
2008-08-12,5.00,5.19,4.82,5.03,16000,5.03
2008-08-11,5.34,5.35,4.80,5.00,24900,5.00
2008-08-08,5.04,5.04,5.04,5.04,000,5.04
2008-08-07,4.88,5.15,4.85,5.04,4100,5.04
2008-08-06,5.02,5.02,5.01,5.02,2700,5.02
2008-08-05,5.03,5.08,4.91,5.00,7900,5.00
2008-08-04,5.05,5.11,5.05,5.11,3000,5.11
2008-08-01,5.12,5.12,5.05,5.05,2300,5.05
2008-07-31,4.97,5.10,4.97,5.10,2900,5.10
2008-07-30,4.93,4.93,4.68,4.90,3800,4.90
2008-07-29,4.92,5.03,4.87,4.87,3300,4.87
2008-07-28,4.97,5.05,4.81,5.05,1900,5.05
2008-07-25,4.62,5.03,4.62,5.03,1300,5.03
2008-07-24,4.97,5.01,4.76,5.01,2400,5.01
2008-07-23,5.04,5.06,5.04,5.05,400,5.05
2008-07-22,5.02,5.02,5.02,5.02,000,5.02
2008-07-21,5.04,5.09,5.00,5.02,6000,5.02
2008-07-18,5.00,5.13,5.00,5.09,14700,5.09
2008-07-17,4.97,5.03,4.97,5.03,4600,5.03
2008-07-16,4.81,5.03,4.80,5.03,1000,5.03
2008-07-15,4.95,5.04,4.70,5.04,3400,5.04
2008-07-14,4.99,5.00,4.58,5.00,72200,5.00
2008-07-11,4.91,5.05,4.87,5.00,18300,5.00
2008-07-10,5.05,5.15,4.95,5.00,19500,5.00
2008-07-09,5.15,5.15,4.61,5.05,7800,5.05
2008-07-08,5.14,5.20,5.12,5.20,1400,5.20
2008-07-07,5.05,5.18,5.05,5.18,3100,5.18
2008-07-03,5.05,5.05,5.05,5.05,1600,5.05
2008-07-02,5.10,5.18,5.10,5.18,1100,5.18
2008-07-01,5.04,5.20,5.00,5.20,11500,5.20
2008-06-30,5.05,5.15,5.05,5.15,3600,5.15
2008-06-27,5.05,5.20,5.01,5.20,6500,5.20
2008-06-26,5.12,5.12,5.12,5.12,000,5.12
2008-06-25,5.02,5.12,4.66,5.12,1900,5.12
2008-06-24,5.05,5.10,5.02,5.10,3700,5.10
2008-06-23,5.17,5.17,5.17,5.17,1000,5.17
2008-06-20,5.17,5.17,5.17,5.17,000,5.17
2008-06-19,5.17,5.17,5.17,5.17,1300,5.17
2008-06-18,5.20,5.20,5.17,5.17,3700,5.17
2008-06-17,5.21,5.35,5.20,5.35,600,5.35
2008-06-16,5.20,5.29,5.20,5.29,4000,5.29
2008-06-13,5.17,5.25,5.17,5.24,9800,5.24
2008-06-12,5.17,5.25,5.17,5.25,2400,5.25
2008-06-11,5.17,5.24,5.17,5.23,3800,5.23
2008-06-10,5.11,5.44,5.11,5.17,10100,5.17
2008-06-09,5.36,5.36,5.28,5.28,2300,5.28
2008-06-06,5.39,5.53,5.10,5.28,9700,5.28
2008-06-05,5.50,5.58,5.12,5.58,6400,5.58
2008-06-04,5.43,5.55,5.43,5.55,1000,5.55
2008-06-03,5.54,5.54,5.45,5.45,1400,5.45
2008-06-02,5.56,5.56,5.52,5.55,1300,5.55
2008-05-30,5.60,5.60,4.94,4.94,11600,4.94
2008-05-29,5.37,5.69,5.36,5.60,3000,5.60
2008-05-28,5.65,5.65,5.65,5.65,000,5.65
2008-05-27,5.57,5.65,5.57,5.65,1000,5.65
2008-05-23,5.59,5.65,5.57,5.65,1300,5.65
2008-05-22,5.66,5.66,5.53,5.63,1000,5.63
2008-05-21,5.53,5.69,5.50,5.69,1100,5.69
2008-05-20,5.74,5.74,5.47,5.70,2500,5.70
2008-05-19,5.59,5.65,5.50,5.65,5700,5.65
2008-05-16,5.50,5.68,5.50,5.60,7600,5.60
2008-05-15,5.71,5.72,5.50,5.70,5400,5.70
2008-05-14,5.36,5.85,5.36,5.85,10900,5.85
2008-05-13,5.70,5.72,5.50,5.68,5600,5.68
2008-05-12,5.51,5.62,5.41,5.62,3200,5.62
2008-05-09,5.55,5.71,5.50,5.62,3700,5.62
2008-05-08,5.50,5.65,5.50,5.55,800,5.55
2008-05-07,5.27,5.60,5.25,5.55,11100,5.55
2008-05-06,5.30,5.52,5.03,5.38,5300,5.38
2008-05-05,5.35,5.48,5.25,5.47,5200,5.47
2008-05-02,5.35,5.50,5.32,5.50,10300,5.50
2008-05-01,4.87,5.26,4.70,5.25,16400,5.25
2008-04-30,5.00,5.28,5.00,5.08,16600,5.08
2008-04-29,4.99,5.01,4.99,5.00,3100,5.00
2008-04-28,5.03,5.03,4.90,4.91,2600,4.91
2008-04-25,4.94,4.98,4.94,4.98,600,4.98
2008-04-24,4.90,4.92,4.80,4.85,2300,4.85
2008-04-23,4.92,4.94,4.92,4.94,400,4.94
2008-04-22,4.77,4.95,4.54,4.94,2000,4.94
2008-04-21,4.84,4.98,4.64,4.98,1600,4.98
2008-04-18,4.84,5.01,4.83,5.01,6000,5.01
2008-04-17,5.00,5.00,4.96,4.96,700,4.96
2008-04-16,4.74,5.00,4.59,5.00,8400,5.00
2008-04-15,4.78,4.98,4.60,4.83,1700,4.83
2008-04-14,4.97,4.99,4.75,4.91,5900,4.91
2008-04-11,5.00,5.00,4.89,4.89,1200,4.89
2008-04-10,5.09,5.10,5.03,5.03,2800,5.03
2008-04-09,5.10,5.13,5.09,5.12,1600,5.12
2008-04-08,5.05,5.12,5.05,5.10,800,5.10
2008-04-07,5.07,5.10,5.01,5.07,12300,5.07
2008-04-04,4.98,5.06,4.95,5.00,5800,5.00
2008-04-03,4.94,5.22,4.94,4.98,4700,4.98
2008-04-02,5.05,5.08,4.98,5.08,2000,5.08
2008-04-01,4.95,5.24,4.95,5.24,6200,5.24
2008-03-31,5.02,5.16,5.00,5.13,2100,5.13
2008-03-28,4.94,5.10,4.86,5.10,8900,5.10
2008-03-27,4.74,5.07,4.51,4.80,2900,4.80
2008-03-26,4.88,4.89,4.55,4.85,6100,4.85
2008-03-25,4.90,4.93,4.80,4.93,4900,4.93
2008-03-24,4.91,4.99,4.91,4.97,900,4.97
2008-03-20,4.95,4.97,4.50,4.90,4600,4.90
2008-03-19,4.91,4.98,4.91,4.98,700,4.98
2008-03-18,4.40,5.00,4.40,4.91,20200,4.91
2008-03-17,4.76,4.90,4.76,4.84,2100,4.84
2008-03-14,4.92,4.93,4.85,4.89,2700,4.89
2008-03-13,4.93,5.01,4.90,4.99,2000,4.99
2008-03-12,5.00,5.03,5.00,5.03,900,5.03
2008-03-11,4.99,5.11,4.92,5.00,6800,5.00
2008-03-10,5.01,5.01,4.90,4.98,900,4.98
2008-03-07,5.10,5.12,5.10,5.12,900,5.12
2008-03-06,5.30,5.30,5.01,5.07,6300,5.07
2008-03-05,5.38,5.38,5.37,5.37,1200,5.37
2008-03-04,5.08,5.30,5.01,5.24,16700,5.24
2008-03-03,5.40,5.40,5.15,5.19,5200,5.19
2008-02-29,5.50,5.51,5.30,5.30,5300,5.30
2008-02-28,5.57,5.57,5.46,5.56,900,5.56
2008-02-27,5.45,5.52,5.41,5.50,14100,5.50
2008-02-26,5.54,5.54,5.54,5.54,000,5.54
2008-02-25,5.50,5.59,5.50,5.54,5400,5.54
2008-02-22,5.50,5.52,5.33,5.45,6500,5.45
2008-02-21,5.46,5.52,5.46,5.49,4500,5.49
2008-02-20,5.49,5.57,5.47,5.47,1200,5.47
2008-02-19,5.39,5.60,5.39,5.51,10200,5.51
2008-02-15,5.18,5.38,4.85,5.35,131400,5.35
2008-02-14,5.20,5.40,5.20,5.34,8700,5.34
2008-02-13,5.40,5.45,5.17,5.40,13300,5.40
2008-02-12,5.16,5.40,5.14,5.37,12500,5.37
2008-02-11,5.35,5.47,5.05,5.30,10500,5.30
2008-02-08,5.16,5.48,5.15,5.40,8900,5.40
2008-02-07,5.19,5.35,5.01,5.32,2400,5.32
2008-02-06,5.63,5.63,5.42,5.44,2000,5.44
2008-02-05,5.46,5.74,5.42,5.51,16400,5.51
2008-02-04,4.95,5.61,4.95,5.49,31200,5.49
2008-02-01,4.81,5.03,4.65,4.99,187600,4.99
2008-01-31,4.91,5.18,4.91,5.05,34100,5.05
2008-01-30,5.00,5.05,4.89,5.02,7700,5.02
2008-01-29,5.05,5.09,4.91,5.07,11000,5.07
2008-01-28,4.79,5.07,4.70,5.06,6300,5.06
2008-01-25,4.26,5.01,4.23,5.01,24000,5.01
2008-01-24,4.49,4.55,4.17,4.48,11600,4.48
2008-01-23,4.77,4.77,4.58,4.58,4400,4.58
2008-01-22,4.91,5.08,4.75,4.99,9100,4.99
2008-01-18,5.08,5.16,4.66,5.06,10100,5.06
2008-01-17,5.13,5.13,5.05,5.12,7500,5.12
2008-01-16,5.10,5.17,5.10,5.17,700,5.17
2008-01-15,5.11,5.14,4.93,5.13,6800,5.13
2008-01-14,5.06,5.13,5.06,5.06,9000,5.06
2008-01-11,5.07,5.13,5.07,5.09,5400,5.09
2008-01-10,5.14,5.17,5.13,5.13,3100,5.13
2008-01-09,5.00,5.22,5.00,5.22,34200,5.22
2008-01-08,5.08,5.08,5.00,5.05,4000,5.05
2008-01-07,5.14,5.18,4.73,5.07,6000,5.07
2008-01-04,4.79,5.17,4.68,5.17,10300,5.17
2008-01-03,5.18,5.19,5.04,5.09,9900,5.09
2008-01-02,4.58,5.24,4.58,5.22,26900,5.22
2007-12-31,4.55,4.79,4.50,4.77,42800,4.77
2007-12-28,4.39,4.78,4.36,4.65,15300,4.65
2007-12-27,4.46,4.83,4.44,4.63,31200,4.63
2007-12-26,4.44,4.64,4.44,4.62,10600,4.62
2007-12-24,4.48,4.65,4.40,4.63,45400,4.63
2007-12-21,4.48,4.61,4.45,4.55,19700,4.55
2007-12-20,4.68,4.68,4.51,4.55,37900,4.55
2007-12-19,4.63,4.73,4.34,4.59,2400,4.59
2007-12-18,4.46,4.73,4.46,4.73,11000,4.73
2007-12-17,4.68,4.80,4.46,4.52,10300,4.52
2007-12-14,4.55,4.81,4.33,4.81,16200,4.81
2007-12-13,4.54,4.68,4.49,4.68,6400,4.68
2007-12-12,4.19,4.76,4.05,4.50,31000,4.50
2007-12-11,4.72,4.94,4.26,4.47,17500,4.47
2007-12-10,4.96,4.96,4.69,4.79,10900,4.79
2007-12-07,4.76,4.95,4.69,4.95,11200,4.95
2007-12-06,4.71,4.95,4.61,4.86,13800,4.86
2007-12-05,4.89,4.89,4.69,4.79,7600,4.79
2007-12-04,4.82,4.92,4.60,4.89,22000,4.89
2007-12-03,4.98,5.14,4.70,4.76,12900,4.76
2007-11-30,4.72,5.14,4.60,5.10,11900,5.10
2007-11-29,4.75,4.81,4.75,4.80,2500,4.80
2007-11-28,4.69,4.80,4.66,4.77,11700,4.77
2007-11-27,4.92,4.92,4.61,4.68,26600,4.68
2007-11-26,4.90,5.00,4.88,5.00,7300,5.00
2007-11-23,5.00,5.02,4.98,4.98,3300,4.98
2007-11-21,4.95,5.05,4.89,4.97,6100,4.97
2007-11-20,5.02,5.12,5.02,5.11,7400,5.11
2007-11-19,5.30,5.30,5.04,5.11,24600,5.11
2007-11-16,5.12,5.29,4.88,5.25,10000,5.25
2007-11-15,5.11,5.25,5.04,5.25,8100,5.25
2007-11-14,5.24,5.25,4.96,5.16,9600,5.16
2007-11-13,5.03,5.31,5.03,5.30,17000,5.30
2007-11-12,4.91,5.40,4.89,5.27,66400,5.27
2007-11-09,4.87,5.11,4.87,5.04,104200,5.04
2007-11-08,5.19,5.19,4.97,5.08,8700,5.08
2007-11-07,4.93,5.17,4.93,5.11,5500,5.11
2007-11-06,4.80,4.99,4.80,4.90,8000,4.90
2007-11-05,4.63,5.00,4.63,4.88,4300,4.88
2007-11-02,4.15,5.04,4.13,4.75,40400,4.75
2007-11-01,4.60,6.13,3.86,4.03,260600,4.03
2007-10-31,4.15,4.58,4.15,4.58,18100,4.58
2007-10-30,4.09,4.30,4.02,4.25,5000,4.25
2007-10-29,3.95,4.09,3.95,4.06,4600,4.06
2007-10-26,3.95,4.06,3.91,3.99,6400,3.99
2007-10-25,4.09,4.12,3.96,3.97,22300,3.97
2007-10-24,3.95,4.25,3.95,4.10,8100,4.10
2007-10-23,3.88,4.22,3.88,4.19,17900,4.19
2007-10-22,3.85,3.99,3.83,3.93,6000,3.93
2007-10-19,3.82,3.97,3.76,3.97,6800,3.97
2007-10-18,4.02,4.41,3.84,3.86,3600,3.86
2007-10-17,4.06,4.09,4.06,4.07,8300,4.07
2007-10-16,4.07,4.13,4.05,4.05,6100,4.05
2007-10-15,4.22,4.50,4.05,4.17,26400,4.17
2007-10-12,4.04,4.07,3.86,4.06,12100,4.06
2007-10-11,3.86,3.94,3.82,3.93,10000,3.93
2007-10-10,3.89,3.89,3.75,3.88,9700,3.88
2007-10-09,3.97,3.97,3.78,3.89,10000,3.89
2007-10-08,3.85,3.92,3.85,3.92,8700,3.92
2007-10-05,3.82,3.90,3.82,3.90,2300,3.90
2007-10-04,3.85,3.89,3.82,3.82,2900,3.82
2007-10-03,3.88,3.90,3.85,3.85,3000,3.85
2007-10-02,3.81,4.07,3.81,3.86,4400,3.86
2007-10-01,3.97,4.10,3.90,4.02,7000,4.02
2007-09-28,4.11,4.21,3.76,4.12,12900,4.12
2007-09-27,4.08,4.14,3.80,4.08,11600,4.08
2007-09-26,3.90,4.07,3.36,4.07,235200,4.07
2007-09-25,3.80,3.96,3.80,3.85,16400,3.85
2007-09-24,3.90,3.94,3.55,3.94,13400,3.94
2007-09-21,3.33,3.85,3.24,3.85,34300,3.85
2007-09-20,3.00,3.27,3.00,3.27,12700,3.27
2007-09-19,3.12,3.17,2.92,3.02,47900,3.02
2007-09-18,3.51,3.51,3.00,3.08,35300,3.08
2007-09-17,3.76,3.76,3.54,3.54,42400,3.54
2007-09-14,3.78,3.83,3.73,3.80,2800,3.80
2007-09-13,3.85,3.88,3.80,3.84,7500,3.84
2007-09-12,3.72,3.83,3.72,3.78,12300,3.78
2007-09-11,3.49,3.71,3.45,3.66,12000,3.66
2007-09-10,3.62,3.71,3.52,3.70,17100,3.70
2007-09-07,3.71,3.77,3.70,3.72,11600,3.72
2007-09-06,3.64,3.85,3.61,3.76,45500,3.76
2007-09-05,4.20,4.20,3.51,3.67,36600,3.67
2007-09-04,4.48,4.53,4.20,4.20,7900,4.20
2007-08-31,4.40,4.42,4.36,4.36,2500,4.36
2007-08-30,4.30,4.47,4.30,4.40,2800,4.40
2007-08-29,4.36,4.36,4.36,4.36,000,4.36
2007-08-28,4.37,4.38,4.35,4.36,3100,4.36
2007-08-27,4.43,4.49,4.36,4.36,3500,4.36
2007-08-24,4.37,4.59,4.33,4.48,9500,4.48
2007-08-23,4.50,4.54,4.39,4.44,5600,4.44
2007-08-22,4.50,4.56,4.50,4.50,7500,4.50
2007-08-21,4.60,4.61,4.29,4.47,12200,4.47
2007-08-20,4.69,4.69,4.59,4.61,2800,4.61
2007-08-17,4.73,4.76,4.73,4.75,900,4.75
2007-08-16,4.75,4.80,4.56,4.67,20300,4.67
2007-08-15,4.81,4.92,4.76,4.76,5300,4.76
2007-08-14,4.73,4.92,4.73,4.88,1200,4.88
2007-08-13,4.85,4.88,4.76,4.78,13700,4.78
2007-08-10,4.88,4.95,4.61,4.87,14900,4.87
2007-08-09,5.07,5.13,4.89,5.01,5500,5.01
2007-08-08,4.98,5.13,4.88,5.13,23000,5.13
2007-08-07,5.10,5.13,4.90,5.06,6400,5.06
2007-08-06,5.03,5.09,5.01,5.07,1700,5.07
2007-08-03,5.12,5.12,5.00,5.04,5600,5.04
2007-08-02,5.05,5.12,4.95,5.12,4600,5.12
2007-08-01,4.96,4.99,4.56,4.99,8400,4.99
2007-07-31,5.09,5.10,4.76,5.07,12800,5.07
2007-07-30,5.05,5.05,4.87,5.00,4500,5.00
2007-07-27,4.95,5.03,4.90,5.00,3500,5.00
2007-07-26,4.89,5.13,4.69,5.10,8000,5.10
2007-07-25,5.00,5.05,4.48,4.75,21700,4.75
2007-07-24,5.01,5.05,4.95,5.02,17500,5.02
2007-07-23,5.05,5.10,5.00,5.03,2100,5.03
2007-07-20,5.08,5.08,4.95,5.05,3100,5.05
2007-07-19,4.98,5.01,4.88,4.90,2900,4.90
2007-07-18,4.95,4.97,4.90,4.97,1200,4.97
2007-07-17,5.09,5.09,4.87,4.87,3900,4.87
2007-07-16,5.04,5.04,4.82,4.93,5100,4.93
2007-07-13,5.24,5.24,4.93,4.96,7000,4.96
2007-07-12,5.07,5.07,4.95,5.00,12400,5.00
2007-07-11,5.12,5.16,5.06,5.06,3800,5.06
2007-07-10,5.01,5.13,5.01,5.08,10000,5.08
2007-07-09,4.91,5.03,4.91,5.03,3400,5.03
2007-07-06,4.80,5.01,4.80,4.97,12800,4.97
2007-07-05,4.90,4.90,4.64,4.77,4000,4.77
2007-07-03,4.81,4.96,4.81,4.95,5400,4.95
2007-07-02,4.70,4.91,4.66,4.90,5500,4.90
2007-06-29,4.68,4.72,4.56,4.65,17800,4.65
2007-06-28,4.75,4.90,4.62,4.84,18600,4.84
2007-06-27,4.61,4.77,4.61,4.77,12700,4.77
2007-06-26,4.76,4.80,4.64,4.66,7700,4.66
2007-06-25,4.85,4.89,4.55,4.73,25600,4.73
2007-06-22,5.08,5.08,4.85,4.85,21900,4.85
2007-06-21,5.20,5.20,5.11,5.14,6000,5.14
2007-06-20,5.25,5.31,5.15,5.20,9000,5.20
2007-06-19,5.24,5.47,5.10,5.19,10600,5.19
2007-06-18,5.22,5.44,5.11,5.30,14800,5.30
2007-06-15,4.91,5.31,4.87,5.20,40000,5.20
2007-06-14,5.04,5.09,4.82,4.83,33500,4.83
2007-06-13,5.27,5.30,5.09,5.16,28300,5.16
2007-06-12,5.50,5.50,5.15,5.30,34100,5.30
2007-06-11,5.65,5.76,5.53,5.57,6400,5.57
2007-06-08,5.71,5.85,5.62,5.68,7900,5.68
2007-06-07,5.75,5.78,5.62,5.75,6900,5.75
2007-06-06,5.91,5.92,5.68,5.79,8600,5.79
2007-06-05,5.84,5.84,5.70,5.75,11000,5.75
2007-06-04,5.68,6.15,5.68,5.84,37900,5.84
2007-06-01,5.76,5.81,5.75,5.75,12400,5.75
2007-05-31,6.00,6.02,5.79,5.80,23000,5.80
2007-05-30,6.11,6.11,5.96,6.02,5000,6.02
2007-05-29,6.00,6.12,5.96,6.01,7800,6.01
2007-05-25,6.02,6.05,6.02,6.05,1700,6.05
2007-05-24,6.06,6.13,6.04,6.11,6400,6.11
2007-05-23,6.04,6.14,6.03,6.14,4200,6.14
2007-05-22,6.01,6.14,6.01,6.12,3400,6.12
2007-05-21,6.12,6.12,6.00,6.01,5900,6.01
2007-05-18,6.09,6.13,6.00,6.00,17500,6.00
2007-05-17,6.10,6.18,6.01,6.13,25100,6.13
2007-05-16,6.29,6.29,6.15,6.16,9500,6.16
2007-05-15,6.31,6.34,6.15,6.21,28800,6.21
2007-05-14,6.30,6.45,6.30,6.42,11200,6.42
2007-05-11,6.21,6.35,6.19,6.35,4100,6.35
2007-05-10,6.21,6.42,6.20,6.24,8100,6.24
2007-05-09,6.23,6.58,6.21,6.26,16400,6.26
2007-05-08,6.10,6.30,5.72,6.25,87800,6.25
2007-05-07,6.43,6.59,6.11,6.16,98300,6.16
2007-05-04,6.58,6.62,6.55,6.58,3300,6.58
2007-05-03,6.45,6.57,6.45,6.55,4800,6.55
2007-05-02,6.35,6.46,6.35,6.40,3800,6.40
2007-05-01,6.86,6.86,6.18,6.23,13500,6.23
2007-04-30,6.52,6.64,6.46,6.56,10700,6.56
2007-04-27,6.10,6.47,6.10,6.44,12000,6.44
2007-04-26,6.10,6.25,6.10,6.20,10600,6.20
2007-04-25,6.35,6.42,6.13,6.14,22600,6.14
2007-04-24,6.26,6.27,6.12,6.12,16800,6.12
2007-04-23,6.30,6.30,6.20,6.26,5000,6.26
2007-04-20,6.18,6.30,5.96,6.30,5200,6.30
2007-04-19,6.30,6.30,6.20,6.20,4800,6.20
2007-04-18,6.40,6.40,6.31,6.36,900,6.36
2007-04-17,6.53,6.58,6.36,6.52,6300,6.52
2007-04-16,6.60,6.60,6.45,6.53,6700,6.53
2007-04-13,6.73,6.73,6.58,6.69,2400,6.69
2007-04-12,6.73,6.77,6.65,6.77,4400,6.77
2007-04-11,6.82,6.92,6.62,6.79,6000,6.79
2007-04-10,7.15,7.15,6.71,6.95,11500,6.95
2007-04-09,7.31,7.34,7.10,7.20,9800,7.20
2007-04-05,7.23,7.35,7.15,7.32,8000,7.32
2007-04-04,7.19,7.30,7.00,7.28,21400,7.28
2007-04-03,7.27,7.27,7.24,7.24,5400,7.24
2007-04-02,7.48,7.49,7.25,7.28,7800,7.28
2007-03-30,7.01,7.49,7.00,7.46,19300,7.46
2007-03-29,7.35,7.48,7.27,7.27,6600,7.27
2007-03-28,7.25,7.27,7.23,7.27,5800,7.27
2007-03-27,7.11,7.23,7.11,7.21,4800,7.21
2007-03-26,7.00,7.22,7.00,7.11,13500,7.11
2007-03-23,7.38,7.38,7.27,7.33,14900,7.33
2007-03-22,7.34,7.50,7.28,7.40,7200,7.40
2007-03-21,7.20,7.29,7.15,7.29,13900,7.29
2007-03-20,6.91,7.35,6.91,7.13,17400,7.13
2007-03-19,6.85,6.85,6.80,6.80,900,6.80
2007-03-16,6.77,6.89,6.70,6.89,4500,6.89
2007-03-15,6.74,6.74,6.66,6.73,2600,6.73
2007-03-14,6.42,6.72,6.17,6.72,47400,6.72
2007-03-13,6.58,6.58,6.27,6.35,4600,6.35
2007-03-12,6.69,6.74,6.69,6.74,300,6.74
2007-03-09,6.74,6.81,6.67,6.76,1700,6.76
2007-03-08,6.65,6.69,6.60,6.69,21000,6.69
2007-03-07,6.62,6.64,6.06,6.59,10400,6.59
2007-03-06,6.66,6.82,6.66,6.69,6200,6.69
2007-03-05,6.55,6.61,6.35,6.61,10100,6.61
2007-03-02,6.76,6.76,6.38,6.46,7400,6.46
2007-03-01,6.58,6.87,6.31,6.77,7700,6.77
2007-02-28,7.10,7.10,6.45,6.85,45300,6.85
2007-02-27,7.68,7.68,7.11,7.11,19900,7.11
2007-02-26,7.61,7.61,7.41,7.57,2300,7.57
2007-02-23,7.61,7.70,7.58,7.70,3600,7.70
2007-02-22,7.71,7.75,7.50,7.55,14300,7.55
2007-02-21,7.84,7.87,7.80,7.85,3900,7.85
2007-02-20,7.78,7.99,7.72,7.78,7700,7.78
2007-02-16,7.32,7.78,7.29,7.78,10000,7.78
2007-02-15,7.24,7.42,7.24,7.42,6500,7.42
2007-02-14,7.33,7.66,7.17,7.27,12800,7.27
2007-02-13,7.39,7.40,7.06,7.38,5600,7.38
2007-02-12,7.39,7.50,7.36,7.45,24100,7.45
2007-02-09,7.19,7.32,7.09,7.26,6600,7.26
2007-02-08,7.20,7.20,7.00,7.03,2500,7.03
2007-02-07,6.87,7.15,6.87,7.15,18800,7.15
2007-02-06,6.75,6.79,6.72,6.79,4500,6.79
2007-02-05,6.99,6.99,6.70,6.73,18400,6.73
2007-02-02,6.75,6.99,6.67,6.94,26700,6.94
2007-02-01,6.55,6.68,6.30,6.68,17000,6.68
2007-01-31,6.33,6.60,6.30,6.59,26800,6.59
2007-01-30,6.56,6.70,6.28,6.36,26200,6.36
2007-01-29,6.75,6.99,6.75,6.85,5500,6.85
2007-01-26,6.60,6.86,6.60,6.60,7800,6.60
2007-01-25,6.90,6.97,6.30,6.56,35500,6.56
2007-01-24,6.46,7.07,6.46,6.95,35900,6.95
2007-01-23,6.19,6.48,6.14,6.46,12700,6.46
2007-01-22,6.60,6.71,6.11,6.25,37000,6.25
2007-01-19,6.85,6.85,6.51,6.51,19800,6.51
2007-01-18,6.67,6.81,6.65,6.81,6900,6.81
2007-01-17,6.67,6.86,6.67,6.75,9000,6.75
2007-01-16,6.81,6.87,6.38,6.76,8900,6.76
2007-01-12,7.12,7.12,6.75,6.75,14200,6.75
2007-01-11,7.08,7.08,6.70,6.78,33200,6.78
2007-01-10,6.52,7.08,6.05,7.08,78600,7.08
2007-01-09,5.81,6.00,5.74,5.96,23100,5.96
2007-01-08,5.23,5.76,5.10,5.67,38300,5.67
2007-01-05,5.66,5.66,5.09,5.09,23700,5.09
2007-01-04,5.63,5.87,5.62,5.70,17500,5.70
2007-01-03,5.69,5.90,5.69,5.69,20100,5.69
2006-12-29,5.50,5.69,5.31,5.69,73300,5.69
2006-12-28,5.95,6.04,5.31,5.61,81900,5.61
2006-12-27,6.06,6.06,5.95,6.00,31400,6.00
2006-12-26,6.10,6.10,6.00,6.10,17200,6.10
2006-12-22,6.00,6.04,5.90,6.04,94300,6.04
2006-12-21,6.20,6.26,5.88,5.99,15200,5.99
2006-12-20,6.09,6.14,5.98,6.13,21700,6.13
2006-12-19,6.27,6.45,5.79,6.08,53600,6.08
2006-12-18,6.39,6.39,6.24,6.36,12100,6.36
2006-12-15,6.56,6.58,6.38,6.38,18800,6.38
2006-12-14,6.31,6.68,6.27,6.60,21400,6.60
2006-12-13,6.71,6.71,6.23,6.24,24100,6.24
2006-12-12,6.91,6.91,6.61,6.74,10900,6.74
2006-12-11,7.15,7.15,6.84,6.86,10500,6.86
2006-12-08,7.19,7.19,6.90,6.93,8300,6.93
2006-12-07,7.18,7.22,7.12,7.19,5600,7.19
2006-12-06,7.14,7.14,7.06,7.07,3100,7.07
2006-12-05,7.28,7.28,7.08,7.08,7700,7.08
2006-12-04,7.65,7.65,7.24,7.33,9000,7.33
2006-12-01,7.60,7.73,7.60,7.70,2700,7.70
2006-11-30,7.50,7.69,7.37,7.60,19800,7.60
2006-11-29,7.89,7.90,7.41,7.58,8100,7.58
2006-11-28,7.72,7.80,7.57,7.80,9800,7.80
2006-11-27,7.89,7.99,7.79,7.81,13300,7.81
2006-11-24,7.64,7.77,7.64,7.73,2000,7.73
2006-11-22,7.51,7.62,7.44,7.62,19200,7.62
2006-11-21,7.55,7.55,7.46,7.50,6200,7.50
2006-11-20,7.55,7.55,7.33,7.50,12600,7.50
2006-11-17,7.03,7.58,7.03,7.53,35100,7.53
2006-11-16,6.92,7.06,6.92,7.03,10100,7.03
2006-11-15,7.14,7.35,6.96,6.97,19800,6.97
2006-11-14,6.67,7.26,6.67,7.19,22300,7.19
2006-11-13,6.50,6.80,6.41,6.73,72200,6.73
2006-11-10,6.70,6.73,6.39,6.55,38900,6.55
2006-11-09,6.75,6.94,6.68,6.68,10100,6.68
2006-11-08,6.55,6.75,6.45,6.72,12400,6.72
2006-11-07,6.53,6.58,6.50,6.58,6800,6.58
2006-11-06,6.56,6.63,6.48,6.58,35100,6.58
2006-11-03,6.50,6.61,6.50,6.52,1600,6.52
2006-11-02,6.65,6.65,6.44,6.50,11200,6.50
2006-11-01,6.69,6.81,6.62,6.64,6700,6.64
2006-10-31,6.82,6.97,6.68,6.74,13800,6.74
2006-10-30,6.51,6.88,6.51,6.75,22100,6.75
2006-10-27,6.78,7.15,6.58,6.81,37000,6.81
2006-10-26,6.45,6.74,6.00,6.74,233200,6.74
2006-10-25,6.50,6.63,6.42,6.50,40100,6.50
2006-10-24,6.73,6.76,6.15,6.50,42200,6.50
2006-10-23,7.07,7.10,6.51,6.67,61500,6.67
2006-10-20,7.70,7.75,7.00,7.01,51000,7.01
2006-10-19,7.81,7.86,7.67,7.69,8800,7.69
2006-10-18,7.78,7.95,7.73,7.80,21000,7.80
2006-10-17,7.89,7.98,7.70,7.78,25900,7.78
2006-10-16,7.81,7.87,7.70,7.75,29200,7.75
2006-10-13,7.75,7.80,7.75,7.75,14200,7.75
2006-10-12,7.79,7.94,7.75,7.76,14000,7.76
2006-10-11,7.67,7.75,7.64,7.73,9800,7.73
2006-10-10,7.69,7.73,7.59,7.59,5300,7.59
2006-10-09,7.45,7.70,7.45,7.70,9900,7.70
2006-10-06,7.40,7.55,7.40,7.51,5900,7.51
2006-10-05,7.55,7.65,7.40,7.40,33700,7.40
2006-10-04,7.89,7.89,7.57,7.80,11700,7.80
2006-10-03,7.61,7.91,7.61,7.91,10500,7.91
2006-10-02,7.39,7.68,7.39,7.60,4900,7.60
2006-09-29,7.73,7.97,7.50,7.55,15900,7.55
2006-09-28,7.70,7.81,7.54,7.70,5500,7.70
2006-09-27,7.67,7.99,7.67,7.84,12300,7.84
2006-09-26,7.50,7.92,7.50,7.77,9800,7.77
2006-09-25,7.50,8.00,7.50,7.71,28400,7.71
2006-09-22,8.06,8.06,7.47,7.52,15600,7.52
2006-09-21,8.08,8.12,7.10,7.50,40100,7.50
2006-09-20,8.22,8.22,8.08,8.16,3200,8.16
2006-09-19,8.48,8.48,8.00,8.12,10100,8.12
2006-09-18,8.99,9.05,8.47,8.49,5200,8.49
2006-09-15,9.09,9.16,9.00,9.06,3200,9.06
2006-09-14,9.07,9.14,9.00,9.01,12200,9.01
2006-09-13,8.78,9.22,8.77,9.12,18100,9.12
2006-09-12,8.69,9.23,8.69,8.91,10600,8.91
2006-09-11,9.08,9.33,8.74,8.79,16600,8.79
2006-09-08,9.35,9.50,9.35,9.35,18300,9.35
2006-09-07,8.95,9.40,8.95,9.34,31700,9.34
2006-09-06,8.53,9.24,8.53,9.16,34300,9.16
2006-09-05,8.69,8.69,8.40,8.54,7700,8.54
2006-09-01,8.99,8.99,8.51,8.72,7900,8.72
2006-08-31,9.12,9.12,8.88,9.00,13300,9.00
2006-08-30,8.66,8.99,8.66,8.99,5000,8.99
2006-08-29,9.19,9.19,8.81,8.99,25400,8.99
2006-08-28,9.35,9.35,8.92,8.99,45900,8.99
2006-08-25,8.66,8.66,8.09,8.50,11000,8.50
2006-08-24,8.17,8.38,8.06,8.12,11200,8.12
2006-08-23,8.78,8.78,8.24,8.24,15500,8.24
2006-08-22,8.80,8.80,8.64,8.71,4500,8.71
2006-08-21,8.77,8.80,8.68,8.72,5500,8.72
2006-08-18,8.66,8.72,8.55,8.72,6600,8.72
2006-08-17,8.78,8.80,8.39,8.79,6900,8.79
2006-08-16,8.60,8.80,8.53,8.71,4200,8.71
2006-08-15,8.55,8.89,8.50,8.68,9200,8.68
2006-08-14,8.23,8.40,8.23,8.38,5300,8.38
2006-08-11,8.12,8.25,8.11,8.25,5200,8.25
2006-08-10,7.99,8.17,7.99,8.05,5400,8.05
2006-08-09,7.95,8.23,7.95,8.07,11500,8.07
2006-08-08,8.10,8.10,7.89,7.91,7800,7.91
2006-08-07,8.10,8.10,7.73,8.01,8200,8.01
2006-08-04,7.97,8.10,7.97,8.10,12300,8.10
2006-08-03,7.67,8.15,7.67,8.15,13900,8.15
2006-08-02,7.52,7.86,7.42,7.57,11700,7.57
2006-08-01,7.77,7.77,7.26,7.40,8700,7.40
2006-07-31,7.36,7.86,7.36,7.82,21300,7.82
2006-07-28,7.46,7.57,7.46,7.55,8600,7.55
2006-07-27,7.40,7.72,7.00,7.54,23700,7.54
2006-07-26,7.52,7.73,7.40,7.50,19700,7.50
2006-07-25,7.92,7.92,7.43,7.45,27300,7.45
2006-07-24,7.99,8.08,7.82,7.82,7900,7.82
2006-07-21,8.13,8.15,8.03,8.04,18600,8.04
2006-07-20,8.18,8.57,8.08,8.14,13800,8.14
2006-07-19,7.84,8.23,7.84,8.23,9900,8.23
2006-07-18,7.97,8.20,7.83,8.07,19800,8.07
2006-07-17,8.04,8.20,7.90,8.01,14700,8.01
2006-07-14,8.05,8.20,8.04,8.05,3600,8.05
2006-07-13,8.14,8.26,8.03,8.20,6500,8.20
2006-07-12,8.32,8.35,7.95,8.25,26700,8.25
2006-07-11,8.47,8.55,8.03,8.33,20300,8.33
2006-07-10,8.46,8.57,8.40,8.40,8100,8.40
2006-07-07,8.50,8.63,8.45,8.46,5000,8.46
2006-07-06,8.90,8.90,8.42,8.42,4100,8.42
2006-07-05,8.96,8.96,8.71,8.74,11800,8.74
2006-07-03,9.16,9.27,8.84,8.92,11000,8.92
2006-06-30,8.82,9.17,8.82,9.17,15000,9.17
2006-06-29,8.57,8.82,8.56,8.75,6900,8.75
2006-06-28,8.43,8.57,8.42,8.56,12100,8.56
2006-06-27,8.63,8.63,8.42,8.42,5300,8.42
2006-06-26,8.60,8.80,8.42,8.42,10500,8.42
2006-06-23,8.65,8.80,8.61,8.65,5200,8.65
2006-06-22,8.68,8.70,8.50,8.61,19300,8.61
2006-06-21,8.69,8.70,8.43,8.56,8500,8.56
2006-06-20,8.30,8.60,8.30,8.46,26900,8.46
2006-06-19,8.59,8.74,8.30,8.30,23800,8.30
2006-06-16,8.80,8.80,8.45,8.64,10500,8.64
2006-06-15,8.56,8.73,8.46,8.51,15700,8.51
2006-06-14,8.33,8.65,8.19,8.65,23200,8.65
2006-06-13,8.54,8.63,8.33,8.34,15200,8.34
2006-06-12,8.41,8.86,8.41,8.61,5800,8.61
2006-06-09,8.50,8.98,8.50,8.63,8400,8.63
2006-06-08,8.48,8.62,8.43,8.55,12400,8.55
2006-06-07,8.67,8.75,8.44,8.53,21600,8.53
2006-06-06,8.65,8.80,8.55,8.72,15800,8.72
2006-06-05,9.14,9.40,8.37,8.55,32100,8.55
2006-06-02,9.38,9.46,9.00,9.19,44400,9.19
2006-06-01,9.27,9.45,9.20,9.44,12400,9.44
2006-05-31,9.38,9.48,9.21,9.33,3900,9.33
2006-05-30,9.33,9.54,9.15,9.39,17200,9.39
2006-05-26,9.45,9.66,9.25,9.33,14700,9.33
2006-05-25,9.74,9.82,9.18,9.51,26500,9.51
2006-05-24,9.92,10.00,9.80,9.80,17900,9.80
2006-05-23,9.85,10.02,9.82,9.86,15000,9.86
2006-05-22,10.05,10.05,9.65,9.89,16700,9.89
2006-05-19,9.85,10.14,9.85,9.85,26500,9.85
2006-05-18,10.01,10.01,9.85,9.87,22400,9.87
2006-05-17,10.00,10.06,9.66,9.88,35400,9.88
2006-05-16,10.46,10.56,9.91,9.99,27500,9.99
2006-05-15,10.80,10.95,10.10,10.35,35900,10.35
2006-05-12,10.83,10.85,10.33,10.71,17000,10.71
2006-05-11,10.99,10.99,10.47,10.74,46000,10.74
2006-05-10,10.60,10.98,10.36,10.87,41400,10.87
2006-05-09,10.24,10.60,10.24,10.53,39700,10.53
2006-05-08,9.92,10.57,9.50,10.21,93600,10.21
2006-05-05,9.94,10.15,9.40,10.04,35500,10.04
2006-05-04,9.20,9.92,9.18,9.85,67400,9.85
2006-05-03,9.31,9.44,9.06,9.29,35400,9.29
2006-05-02,9.43,9.51,8.99,9.38,53200,9.38
2006-05-01,9.02,9.53,8.88,9.43,36800,9.43
2006-04-28,9.50,9.70,8.93,9.02,62200,9.02
2006-04-27,10.31,10.31,9.35,9.60,148900,9.60
2006-04-26,10.50,10.67,10.31,10.56,20500,10.56
2006-04-25,11.08,11.08,10.23,10.61,49600,10.61
2006-04-24,10.87,11.42,10.35,11.02,46900,11.02
2006-04-21,10.55,10.85,10.55,10.79,30300,10.79
2006-04-20,10.12,10.78,10.00,10.65,57400,10.65
2006-04-19,10.55,10.65,9.90,10.12,79200,10.12
2006-04-18,10.48,11.00,10.08,10.51,76300,10.51
2006-04-17,11.19,11.63,10.35,10.48,84500,10.48
2006-04-13,11.45,11.60,11.00,11.31,42900,11.31
2006-04-12,11.20,11.74,11.20,11.45,32500,11.45
2006-04-11,11.45,11.80,11.22,11.25,50900,11.25
2006-04-10,12.20,12.35,11.08,11.45,126100,11.45
2006-04-07,10.30,11.85,10.18,11.60,311000,11.60
2006-04-06,10.53,10.53,10.00,10.15,50800,10.15
2006-04-05,8.90,11.25,8.50,10.55,989600,10.55
2006-04-04,9.32,9.32,8.97,9.11,66200,9.11
2006-04-03,8.46,9.31,8.46,9.25,63300,9.25
2006-03-31,8.25,8.50,8.02,8.43,39400,8.43
2006-03-30,8.24,8.40,8.16,8.27,31300,8.27
2006-03-29,8.50,8.69,8.16,8.32,28800,8.32
2006-03-28,8.59,8.67,8.45,8.64,44900,8.64
2006-03-27,8.82,8.85,8.50,8.50,29200,8.50
2006-03-24,8.43,8.80,8.42,8.73,79600,8.73
2006-03-23,8.90,8.90,8.16,8.44,170100,8.44
2006-03-22,9.70,9.80,8.77,8.86,109000,8.86
2006-03-21,9.69,10.38,9.41,9.69,311700,9.69
2006-03-20,9.86,9.86,8.95,9.13,43500,9.13
2006-03-17,9.81,9.86,9.38,9.73,32700,9.73
2006-03-16,9.79,10.11,9.70,9.71,70300,9.71
2006-03-15,9.91,10.15,9.60,9.84,40100,9.84
2006-03-14,10.25,10.47,9.95,9.96,36200,9.96
2006-03-13,10.50,10.61,10.29,10.30,13400,10.30
2006-03-10,11.13,11.13,10.25,10.50,44500,10.50
2006-03-09,11.29,11.29,11.06,11.14,7700,11.14
2006-03-08,11.38,11.40,10.83,11.03,21300,11.03
2006-03-07,11.17,11.70,11.05,11.16,28800,11.16
2006-03-06,11.05,11.19,11.00,11.17,22200,11.17
2006-03-03,10.90,11.35,10.75,11.13,45200,11.13
2006-03-02,11.00,11.00,10.71,10.75,51600,10.75
2006-03-01,11.68,11.80,10.50,10.80,158600,10.80
2006-02-28,11.71,11.91,11.70,11.75,6300,11.75
2006-02-27,11.92,12.03,11.66,11.66,36400,11.66
2006-02-24,12.63,12.63,11.80,11.92,101900,11.92
2006-02-23,13.60,13.60,12.58,12.75,38200,12.75
2006-02-22,13.50,13.78,13.50,13.63,7500,13.63
2006-02-21,13.36,13.60,13.33,13.50,17500,13.50
2006-02-17,13.60,13.74,13.32,13.36,14500,13.36
2006-02-16,13.67,13.99,13.55,13.73,10000,13.73
2006-02-15,13.77,13.90,13.63,13.69,26700,13.69
2006-02-14,13.72,13.90,13.66,13.78,35200,13.78
2006-02-13,13.60,13.79,13.25,13.76,29900,13.76
2006-02-10,13.35,13.75,13.30,13.60,23100,13.60
2006-02-09,13.82,13.82,13.05,13.54,52500,13.54
2006-02-08,13.13,13.34,12.80,13.34,39000,13.34
2006-02-07,13.26,13.29,13.00,13.04,31200,13.04
2006-02-06,14.00,14.00,12.95,13.11,9500,13.11
2006-02-03,13.75,14.00,13.75,13.87,24500,13.87
2006-02-02,13.03,13.73,12.75,13.62,29900,13.62
2006-02-01,13.00,13.40,12.38,13.16,50800,13.16
2006-01-31,13.75,14.05,12.80,13.10,55100,13.10
2006-01-30,14.90,14.90,13.52,13.79,56200,13.79
2006-01-27,14.38,14.59,14.20,14.28,13600,14.28
2006-01-26,14.50,14.90,14.31,14.44,18700,14.44
2006-01-25,14.60,14.60,14.29,14.47,12500,14.47
2006-01-24,14.43,14.48,14.14,14.29,15400,14.29
2006-01-23,14.50,14.79,14.46,14.53,26400,14.53
2006-01-20,15.25,15.46,14.52,14.67,34400,14.67
2006-01-19,15.70,15.73,15.00,15.11,49300,15.11
2006-01-18,14.99,15.74,14.89,15.74,44800,15.74
2006-01-17,14.91,15.08,14.50,14.66,29000,14.66
2006-01-13,15.50,15.50,14.50,15.30,30600,15.30
2006-01-12,15.52,15.95,15.25,15.29,30300,15.29
2006-01-11,15.10,15.50,15.10,15.24,29200,15.24
2006-01-10,15.10,15.25,15.00,15.10,12800,15.10
2006-01-09,14.45,15.22,14.35,15.10,52700,15.10
2006-01-06,13.73,14.25,13.55,14.16,48900,14.16
2006-01-05,13.50,13.69,13.07,13.40,60600,13.40
2006-01-04,13.87,13.90,13.50,13.57,19600,13.57
2006-01-03,13.82,14.00,13.75,13.97,11300,13.97
2005-12-30,14.01,14.09,13.82,13.82,18600,13.82
2005-12-29,14.45,14.45,13.72,14.29,22300,14.29
2005-12-28,13.91,14.28,13.61,14.17,27200,14.17
2005-12-27,13.70,14.44,13.50,13.90,54800,13.90
2005-12-23,13.92,13.93,13.55,13.70,13700,13.70
2005-12-22,13.79,13.79,13.11,13.71,18100,13.71
2005-12-21,13.30,13.53,13.10,13.42,16000,13.42
2005-12-20,13.25,13.60,12.90,13.12,23000,13.12
2005-12-19,13.50,13.69,13.05,13.48,32900,13.48
2005-12-16,14.69,14.73,13.50,13.64,57600,13.64
2005-12-15,13.86,14.97,13.84,14.67,48400,14.67
2005-12-14,13.62,13.99,13.62,13.86,16600,13.86
2005-12-13,13.56,13.86,13.43,13.62,16000,13.62
2005-12-12,14.14,14.14,13.37,13.80,38300,13.80
2005-12-09,14.10,14.86,13.43,13.54,82700,13.54
2005-12-08,15.65,15.85,13.85,14.10,123800,14.10
2005-12-07,14.93,16.219999,14.85,15.27,81200,15.27
2005-12-06,15.03,15.31,14.50,14.74,46100,14.74
2005-12-05,15.50,15.50,14.33,15.03,92900,15.03
2005-12-02,16.43,16.48,15.07,15.50,90800,15.50
2005-12-01,14.92,16.940001,14.55,15.96,320100,15.96
2005-11-30,13.64,14.75,13.64,14.10,61900,14.10
2005-11-29,13.28,14.13,12.95,13.67,64700,13.67
2005-11-28,13.00,13.18,12.77,12.88,24800,12.88
2005-11-25,12.95,13.45,12.75,13.19,38400,13.19
2005-11-23,13.32,13.50,12.69,13.02,59100,13.02
2005-11-22,14.20,14.61,13.00,13.20,92600,13.20
2005-11-21,14.21,14.70,13.90,14.12,91800,14.12
2005-11-18,13.68,13.85,13.15,13.71,44100,13.71
2005-11-17,13.77,13.91,13.17,13.30,55900,13.30
2005-11-16,12.85,14.36,12.58,13.80,127900,13.80
2005-11-15,13.79,13.79,12.35,12.83,149000,12.83
2005-11-14,14.60,14.76,13.30,13.87,210900,13.87
2005-11-11,14.36,14.93,13.66,14.65,160100,14.65
2005-11-10,13.45,16.82,12.76,14.36,475100,14.36
2005-11-09,12.08,13.46,11.55,13.46,200900,13.46
2005-11-08,11.00,12.00,10.94,11.93,143700,11.93
2005-11-07,9.82,10.50,9.82,10.45,86700,10.45
2005-11-04,9.40,10.19,9.37,9.94,56700,9.94
2005-11-03,8.57,9.25,8.48,9.18,16900,9.18
2005-11-02,8.39,8.57,8.17,8.37,7900,8.37
2005-11-01,8.09,8.39,7.96,8.39,13600,8.39
2005-10-31,8.00,8.24,7.98,8.13,15900,8.13
2005-10-28,7.54,7.95,7.54,7.95,8600,7.95
2005-10-27,8.01,8.70,7.41,7.57,28300,7.57
2005-10-26,7.90,7.90,7.50,7.50,5700,7.50
2005-10-25,7.60,7.72,7.47,7.70,7800,7.70
2005-10-24,7.37,7.56,7.37,7.53,8300,7.53
2005-10-21,7.75,7.75,7.25,7.56,15500,7.56
2005-10-20,8.00,8.05,7.55,7.75,25000,7.75
2005-10-19,8.00,8.26,8.00,8.00,6300,8.00
2005-10-18,8.31,8.35,8.00,8.00,7200,8.00
2005-10-17,7.84,8.12,7.62,8.01,7700,8.01
2005-10-14,7.70,8.08,7.70,7.95,4600,7.95
2005-10-13,8.40,8.40,7.60,7.74,23800,7.74
2005-10-12,8.70,8.79,8.09,8.46,9000,8.46
2005-10-11,8.55,8.75,8.32,8.48,3700,8.48
2005-10-10,8.77,8.77,8.54,8.67,2700,8.67
2005-10-07,8.80,8.87,8.32,8.76,3900,8.76
2005-10-06,8.76,8.80,8.40,8.75,4100,8.75
2005-10-05,9.10,9.10,8.30,8.69,12800,8.69
2005-10-04,8.72,9.00,8.72,8.99,2700,8.99
2005-10-03,9.02,9.17,8.75,8.92,4000,8.92
2005-09-30,8.73,9.05,8.73,9.02,7400,9.02
2005-09-29,8.72,8.92,8.72,8.92,500,8.92
2005-09-28,8.92,8.93,8.85,8.86,500,8.86
2005-09-27,8.71,8.79,8.41,8.77,9300,8.77
2005-09-26,8.62,9.16,8.62,8.92,5200,8.92
2005-09-23,9.17,9.17,9.17,9.17,200,9.17
2005-09-22,9.18,9.18,9.10,9.10,1000,9.10
2005-09-21,9.45,9.45,9.19,9.19,1800,9.19
2005-09-20,9.00,9.48,9.00,9.44,5400,9.44
2005-09-19,9.05,9.13,8.96,9.03,3300,9.03
2005-09-16,8.77,8.99,8.77,8.99,2500,8.99
2005-09-15,8.87,9.00,8.85,8.98,6100,8.98
2005-09-14,8.90,9.02,8.90,8.96,1800,8.96
2005-09-13,8.93,8.93,8.88,8.92,1500,8.92
2005-09-12,9.05,9.09,8.90,8.90,12200,8.90
2005-09-09,8.86,9.12,8.62,9.05,13900,9.05
2005-09-08,9.06,9.06,9.06,9.06,000,9.06
2005-09-07,9.00,9.24,9.00,9.06,2100,9.06
2005-09-06,8.90,9.25,8.90,9.06,3000,9.06
2005-09-02,9.12,9.12,8.90,8.91,3100,8.91
2005-09-01,9.10,9.20,9.00,9.09,3200,9.09
2005-08-31,9.18,9.27,8.53,9.21,21100,9.21
2005-08-30,9.36,9.36,9.30,9.36,900,9.36
2005-08-29,9.75,9.75,9.32,9.33,9700,9.33
2005-08-26,9.70,9.72,9.56,9.64,2100,9.64
2005-08-25,9.65,9.76,9.64,9.65,3100,9.65
2005-08-24,9.83,9.83,9.53,9.60,11900,9.60
2005-08-23,9.77,9.82,9.70,9.70,14200,9.70
2005-08-22,9.80,9.89,9.80,9.82,1600,9.82
2005-08-19,9.74,9.93,9.74,9.89,4800,9.89
2005-08-18,9.70,9.80,9.61,9.74,3900,9.74
2005-08-17,9.71,9.92,9.50,9.83,6000,9.83
2005-08-16,10.17,10.17,9.82,9.82,7000,9.82
2005-08-15,10.50,10.50,10.04,10.20,37200,10.20
2005-08-12,10.19,10.35,10.01,10.35,26600,10.35
2005-08-11,9.94,10.15,9.93,10.06,59400,10.06
2005-08-10,9.98,10.00,9.81,9.95,27200,9.95
2005-08-09,9.90,10.00,9.90,9.95,10200,9.95
2005-08-08,9.95,9.95,9.76,9.90,12100,9.90
2005-08-05,9.89,9.93,9.60,9.90,18100,9.90
2005-08-04,9.35,10.00,9.35,9.65,23800,9.65
2005-08-03,9.03,9.31,9.01,9.20,48200,9.20
2005-08-02,8.90,8.95,8.50,8.91,8000,8.91
2005-08-01,8.82,9.03,8.82,8.90,17100,8.90
2005-07-29,8.92,9.25,8.90,8.96,18500,8.96
2005-07-28,8.80,8.90,8.80,8.85,12000,8.85
2005-07-27,8.85,8.99,8.83,8.89,4100,8.89
2005-07-26,8.97,8.98,8.90,8.92,3600,8.92
2005-07-25,8.93,8.99,8.85,8.94,7100,8.94
2005-07-22,8.76,8.95,8.76,8.95,1600,8.95
2005-07-21,8.65,8.90,8.63,8.85,8200,8.85
2005-07-20,8.62,8.67,8.54,8.60,6700,8.60
2005-07-19,8.62,8.75,8.52,8.62,8000,8.62
2005-07-18,8.60,8.91,8.60,8.60,7000,8.60
2005-07-15,8.94,8.94,8.80,8.81,8100,8.81
2005-07-14,8.80,8.90,8.75,8.80,4000,8.80
2005-07-13,8.83,8.90,8.60,8.76,6800,8.76
2005-07-12,8.80,8.95,8.60,8.85,10300,8.85
2005-07-11,8.76,8.94,8.76,8.91,2100,8.91
2005-07-08,8.80,8.93,8.80,8.93,2000,8.93
2005-07-07,8.80,8.80,8.61,8.75,9500,8.75
2005-07-06,8.66,8.80,8.59,8.80,26000,8.80
2005-07-05,8.59,8.78,8.59,8.63,5700,8.63
2005-07-01,8.64,8.68,8.63,8.63,2600,8.63
2005-06-30,8.63,8.68,8.61,8.66,5600,8.66
2005-06-29,8.50,8.76,8.50,8.74,10800,8.74
2005-06-28,8.65,8.81,8.65,8.68,3900,8.68
2005-06-27,8.90,8.90,8.90,8.90,200,8.90
2005-06-24,8.98,8.98,8.87,8.87,1400,8.87
2005-06-23,8.80,8.98,8.71,8.98,3000,8.98
2005-06-22,8.98,9.09,8.82,8.96,7700,8.96
2005-06-21,8.90,8.92,8.68,8.89,6900,8.89
2005-06-20,8.90,8.90,8.80,8.88,1600,8.88
2005-06-17,8.99,8.99,8.90,8.93,1100,8.93
2005-06-16,8.99,8.99,8.92,8.99,1600,8.99
2005-06-15,8.80,8.97,8.80,8.97,4000,8.97
2005-06-14,8.87,8.95,8.81,8.95,2400,8.95
2005-06-13,8.60,8.93,8.60,8.87,3200,8.87
2005-06-10,9.00,9.10,8.88,9.00,5200,9.00
2005-06-09,9.01,9.02,8.95,9.00,13600,9.00
2005-06-08,8.67,9.00,8.67,8.95,5700,8.95
2005-06-07,8.50,8.97,8.50,8.80,2500,8.80
2005-06-06,8.95,9.00,8.94,8.98,5100,8.98
2005-06-03,9.00,9.00,8.95,8.96,3100,8.96
2005-06-02,8.95,9.03,8.95,9.03,4200,9.03
2005-06-01,8.98,9.03,8.83,8.99,4600,8.99
2005-05-31,8.92,9.00,8.72,8.85,6900,8.85
2005-05-27,8.99,9.00,8.66,9.00,3800,9.00
2005-05-26,8.96,9.00,8.65,9.00,6200,9.00
2005-05-25,8.42,8.97,8.41,8.89,7000,8.89
2005-05-24,8.61,8.98,8.50,8.55,23700,8.55
2005-05-23,8.12,9.00,8.12,8.94,25100,8.94
2005-05-20,8.30,8.45,8.30,8.45,12500,8.45
2005-05-19,8.42,8.73,8.23,8.53,13000,8.53
2005-05-18,8.25,8.32,8.22,8.32,4800,8.32
2005-05-17,8.74,8.74,8.17,8.24,20400,8.24
2005-05-16,8.65,8.75,8.47,8.62,4600,8.62
2005-05-13,8.58,8.80,8.12,8.80,7200,8.80
2005-05-12,8.42,9.00,8.12,8.25,24600,8.25
2005-05-11,8.33,8.50,8.28,8.40,7800,8.40
2005-05-10,8.20,8.30,8.12,8.30,6300,8.30
2005-05-09,8.21,8.32,8.19,8.32,2200,8.32
2005-05-06,8.31,8.49,8.18,8.26,4900,8.26
2005-05-05,8.19,8.41,8.19,8.25,5200,8.25
2005-05-04,8.20,8.44,8.18,8.25,11300,8.25
2005-05-03,8.62,8.62,8.22,8.22,13600,8.22
2005-05-02,8.72,8.89,8.21,8.32,33300,8.32
2005-04-29,8.55,8.94,8.25,8.50,11200,8.50
2005-04-28,8.70,8.75,8.38,8.55,5900,8.55
2005-04-27,8.36,8.70,8.36,8.70,1200,8.70
2005-04-26,8.56,8.56,8.42,8.53,4300,8.53
2005-04-25,9.28,9.28,8.50,8.56,10300,8.56
2005-04-22,8.41,9.00,8.41,9.00,13300,9.00
2005-04-21,8.29,8.50,8.12,8.50,19900,8.50
2005-04-20,8.16,8.16,8.03,8.08,6300,8.08
2005-04-19,8.05,8.25,7.81,8.02,8200,8.02
2005-04-18,7.82,8.12,7.82,8.03,3700,8.03
2005-04-15,7.81,8.08,7.81,8.00,3700,8.00
2005-04-14,8.00,8.00,7.98,8.00,1700,8.00
2005-04-13,8.05,8.05,8.02,8.02,1600,8.02
2005-04-12,7.88,8.12,7.81,7.95,9800,7.95
2005-04-11,8.01,8.01,7.79,8.00,9200,8.00
2005-04-08,8.20,8.20,8.00,8.11,3700,8.11
2005-04-07,8.23,8.23,7.83,8.13,16100,8.13
2005-04-06,8.08,8.19,8.08,8.09,7100,8.09
2005-04-05,8.10,8.26,8.10,8.21,2200,8.21
2005-04-04,8.25,8.25,8.15,8.15,8000,8.15
2005-04-01,8.31,8.31,8.06,8.24,14300,8.24
2005-03-31,8.31,8.34,8.12,8.26,11800,8.26
2005-03-30,8.18,8.22,8.15,8.20,8700,8.20
2005-03-29,8.18,8.27,8.12,8.17,18300,8.17
2005-03-28,8.12,8.20,8.10,8.20,17300,8.20
2005-03-24,7.98,8.20,7.98,8.06,19400,8.06
2005-03-23,7.81,8.03,7.80,7.86,9800,7.86
2005-03-22,7.79,8.05,7.78,8.03,51000,8.03
2005-03-21,8.17,8.19,7.77,7.77,20300,7.77
2005-03-18,7.99,8.20,7.99,8.20,31900,8.20
2005-03-17,7.61,8.00,7.55,7.99,12000,7.99
2005-03-16,7.60,7.68,7.41,7.60,4900,7.60
2005-03-15,7.58,7.97,7.27,7.48,10700,7.48
2005-03-14,7.84,8.05,7.55,7.62,10600,7.62
2005-03-11,7.80,8.07,7.76,7.96,9600,7.96
2005-03-10,8.09,8.13,7.85,7.98,3800,7.98
2005-03-09,7.90,8.25,7.88,8.02,5300,8.02
2005-03-08,7.70,8.20,7.70,7.80,14600,7.80
2005-03-07,7.64,7.75,7.64,7.75,13800,7.75
2005-03-04,8.04,8.04,8.04,8.04,000,8.04
2005-03-03,8.19,8.19,8.04,8.04,6500,8.04
2005-03-02,8.12,8.17,8.12,8.12,11900,8.12
2005-03-01,8.26,8.27,8.03,8.03,36400,8.03
2005-02-28,8.50,8.85,8.25,8.29,13900,8.29
2005-02-25,8.25,8.50,8.25,8.35,5200,8.35
2005-02-24,8.49,8.49,8.25,8.25,4600,8.25
2005-02-23,8.36,8.37,8.35,8.35,2500,8.35
2005-02-22,8.25,8.55,8.25,8.49,13500,8.49
2005-02-18,8.65,8.80,8.39,8.52,14600,8.52
2005-02-17,8.55,8.60,8.45,8.60,7300,8.60
2005-02-16,8.54,8.55,8.17,8.45,12500,8.45
2005-02-15,8.25,8.46,8.25,8.28,14100,8.28
2005-02-14,8.50,8.50,8.31,8.40,3000,8.40
2005-02-11,8.24,8.43,8.07,8.40,11000,8.40
2005-02-10,8.19,8.20,8.16,8.16,900,8.16
2005-02-09,8.25,8.34,8.07,8.25,11100,8.25
2005-02-08,8.37,8.40,8.25,8.25,2400,8.25
2005-02-07,8.49,8.49,8.32,8.42,3600,8.42
2005-02-04,8.15,8.40,8.01,8.40,9000,8.40
2005-02-03,8.01,8.16,8.00,8.16,4500,8.16
2005-02-02,8.20,8.20,8.00,8.18,11200,8.18
2005-02-01,8.01,8.22,7.85,8.22,12100,8.22
2005-01-31,8.22,8.22,8.03,8.11,8500,8.11
2005-01-28,7.86,8.19,7.86,8.15,23200,8.15
2005-01-27,7.74,8.22,7.52,8.10,60700,8.10
2005-01-26,7.70,7.94,7.68,7.71,21300,7.71
2005-01-25,7.98,8.18,7.70,8.18,7800,8.18
2005-01-24,7.99,8.19,7.95,8.14,7600,8.14
2005-01-21,7.76,7.84,7.60,7.84,12500,7.84
2005-01-20,8.15,8.23,7.75,7.86,45700,7.86
2005-01-19,8.20,8.25,8.10,8.10,12000,8.10
2005-01-18,8.22,8.27,8.17,8.27,2800,8.27
2005-01-14,8.48,8.48,8.15,8.27,8700,8.27
2005-01-13,8.39,8.39,8.16,8.34,10000,8.34
2005-01-12,8.14,8.54,8.14,8.52,10000,8.52
2005-01-11,8.34,8.35,8.15,8.33,10400,8.33
2005-01-10,8.13,8.45,8.13,8.40,8400,8.40
2005-01-07,8.50,8.59,8.25,8.50,15900,8.50
2005-01-06,8.25,8.50,8.25,8.50,9300,8.50
2005-01-05,8.13,8.38,8.13,8.25,6100,8.25
2005-01-04,8.39,8.64,8.16,8.37,19300,8.37
2005-01-03,8.35,8.49,8.27,8.39,8700,8.39
2004-12-31,8.30,8.45,8.30,8.43,4400,8.43
2004-12-30,8.30,8.59,8.30,8.54,14500,8.54
2004-12-29,8.11,8.59,8.11,8.57,7100,8.57
2004-12-28,8.05,8.55,8.05,8.55,18400,8.55
2004-12-27,8.05,8.50,8.05,8.25,10700,8.25
2004-12-23,8.12,8.50,8.12,8.23,8300,8.23
2004-12-22,8.09,8.45,8.09,8.43,12300,8.43
2004-12-21,8.05,8.44,8.05,8.29,19300,8.29
2004-12-20,8.05,8.74,8.05,8.27,23700,8.27
2004-12-17,8.02,9.00,8.02,8.44,18900,8.44
2004-12-16,8.10,8.27,8.10,8.14,10700,8.14
2004-12-15,7.83,8.25,7.83,8.20,12300,8.20
2004-12-14,8.02,8.35,8.02,8.30,6900,8.30
2004-12-13,8.34,8.46,8.02,8.13,12500,8.13
2004-12-10,7.91,8.34,7.90,8.34,15700,8.34
2004-12-09,8.00,8.07,7.91,7.95,13900,7.95
2004-12-08,7.90,8.06,7.90,8.01,15000,8.01
2004-12-07,7.91,8.00,7.69,7.96,20800,7.96
2004-12-06,8.06,8.25,7.91,7.93,15600,7.93
2004-12-03,8.09,8.27,8.00,8.10,19200,8.10
2004-12-02,7.93,8.11,7.92,7.99,6400,7.99
2004-12-01,8.01,8.10,8.00,8.09,6000,8.09
2004-11-30,8.02,8.10,8.02,8.08,3800,8.08
2004-11-29,7.90,8.01,7.90,8.00,14700,8.00
2004-11-26,7.94,8.01,7.91,8.01,2000,8.01
2004-11-24,8.08,8.08,7.86,7.95,14200,7.95
2004-11-23,7.84,8.18,7.84,8.08,11400,8.08
2004-11-22,8.00,8.20,7.91,8.15,17400,8.15
2004-11-19,8.00,8.18,8.00,8.03,9900,8.03
2004-11-18,8.00,8.11,8.00,8.08,10600,8.08
2004-11-17,8.15,8.27,8.10,8.10,17000,8.10
2004-11-16,8.11,8.27,7.94,8.07,19100,8.07
2004-11-15,8.26,8.26,8.00,8.13,18400,8.13
2004-11-12,8.18,8.31,8.10,8.29,9300,8.29
2004-11-11,8.25,8.34,8.18,8.21,2400,8.21
2004-11-10,8.54,8.54,8.10,8.33,19800,8.33
2004-11-09,8.34,8.76,8.11,8.70,32300,8.70
2004-11-08,8.71,8.79,7.56,8.30,88600,8.30
2004-11-05,8.94,8.98,8.65,8.87,31800,8.87
2004-11-04,8.95,9.00,8.90,8.98,10700,8.98
2004-11-03,8.93,9.00,8.92,9.00,15500,9.00
2004-11-02,8.95,9.04,8.91,8.92,1800,8.92
2004-11-01,8.89,9.00,8.61,8.96,22300,8.96
2004-10-29,9.32,9.40,8.90,9.01,8800,9.01
2004-10-28,9.56,9.58,9.10,9.49,11100,9.49
2004-10-27,9.74,9.74,9.25,9.50,9400,9.50
2004-10-26,9.59,9.80,9.58,9.60,28100,9.60
2004-10-25,9.54,9.54,9.37,9.51,10700,9.51
2004-10-22,9.28,9.80,9.28,9.45,4100,9.45
2004-10-21,9.39,9.48,9.25,9.47,17400,9.47
2004-10-20,9.28,9.39,9.05,9.23,10400,9.23
2004-10-19,9.20,9.20,9.00,9.10,9200,9.10
2004-10-18,8.82,9.19,8.82,9.14,18500,9.14
2004-10-15,9.12,9.19,8.83,9.00,15000,9.00
2004-10-14,9.42,9.42,9.10,9.11,11100,9.11
2004-10-13,9.56,9.71,9.30,9.35,13700,9.35
2004-10-12,9.43,9.70,9.23,9.26,15100,9.26
2004-10-11,8.80,9.45,8.63,9.10,12800,9.10
2004-10-08,9.11,9.11,8.90,8.91,8700,8.91
2004-10-07,9.63,9.63,9.12,9.15,17300,9.15
2004-10-06,9.34,9.79,9.34,9.44,23100,9.44
2004-10-05,8.50,9.92,8.50,9.30,84100,9.30
2004-10-04,8.30,8.57,8.30,8.57,13800,8.57
2004-10-01,8.16,8.31,8.16,8.31,4100,8.31
2004-09-30,8.10,8.34,8.10,8.34,4500,8.34
2004-09-29,8.05,8.34,8.05,8.20,8800,8.20
2004-09-28,7.96,8.21,7.96,8.06,2800,8.06
2004-09-27,8.14,8.24,8.01,8.08,17500,8.08
2004-09-24,8.30,8.30,8.12,8.28,9300,8.28
2004-09-23,8.29,8.46,8.25,8.30,3800,8.30
2004-09-22,8.29,8.45,8.25,8.26,5500,8.26
2004-09-21,8.21,8.30,8.10,8.18,4500,8.18
2004-09-20,8.58,8.58,8.10,8.28,6000,8.28
2004-09-17,8.49,8.49,7.99,8.46,5000,8.46
2004-09-16,8.31,8.66,8.30,8.35,4900,8.35
2004-09-15,8.29,8.79,8.28,8.28,10700,8.28
2004-09-14,8.21,8.70,8.05,8.58,15200,8.58
2004-09-13,7.43,8.20,7.43,8.20,5300,8.20
2004-09-10,7.94,7.94,7.38,7.51,7200,7.51
2004-09-09,7.56,7.95,7.35,7.95,21400,7.95
2004-09-08,7.98,8.00,7.60,7.62,14600,7.62
2004-09-07,8.05,8.17,7.75,7.95,4300,7.95
2004-09-03,7.91,7.98,7.75,7.97,5600,7.97
2004-09-02,8.14,8.25,7.80,8.00,9800,8.00
2004-09-01,8.29,8.38,8.22,8.29,19900,8.29
2004-08-31,8.38,8.40,8.22,8.36,2700,8.36
2004-08-30,8.37,8.37,8.18,8.18,2500,8.18
2004-08-27,8.39,8.39,8.20,8.35,10600,8.35
2004-08-26,8.45,8.45,8.20,8.29,1200,8.29
2004-08-25,8.16,8.31,8.16,8.25,14100,8.25
2004-08-24,8.11,8.24,8.10,8.11,12400,8.11
2004-08-23,8.10,8.25,8.10,8.16,6400,8.16
2004-08-20,8.24,8.25,8.05,8.18,9000,8.18
2004-08-19,8.20,8.23,7.79,8.23,8200,8.23
2004-08-18,8.01,8.31,8.01,8.10,7300,8.10
2004-08-17,8.04,8.31,7.96,8.10,7100,8.10
2004-08-16,8.38,8.45,7.99,8.21,10700,8.21
2004-08-13,7.92,8.33,7.92,8.33,17400,8.33
2004-08-12,7.90,8.25,7.90,7.95,2400,7.95
2004-08-11,7.75,8.03,7.75,8.00,11000,8.00
2004-08-10,8.05,8.30,7.90,8.08,8500,8.08
2004-08-09,8.16,8.33,8.00,8.20,6400,8.20
2004-08-06,8.15,8.46,8.11,8.26,17500,8.26
2004-08-05,8.15,8.15,8.06,8.10,600,8.10
2004-08-04,7.90,8.15,7.90,8.15,7900,8.15
2004-08-03,8.04,8.04,7.70,7.98,17300,7.98
2004-08-02,7.96,8.06,7.95,8.05,14200,8.05
2004-07-30,7.51,7.95,7.51,7.95,4100,7.95
2004-07-29,7.60,7.81,7.50,7.65,8600,7.65
2004-07-28,7.51,7.51,7.40,7.49,2600,7.49
2004-07-27,7.76,7.90,7.53,7.53,10000,7.53
2004-07-26,7.85,7.97,7.78,7.85,10500,7.85
2004-07-23,7.99,8.00,7.85,7.85,5400,7.85
2004-07-22,7.90,8.00,7.62,7.92,10900,7.92
2004-07-21,7.75,8.04,7.56,7.82,14800,7.82
2004-07-20,8.03,8.09,7.60,7.79,11800,7.79
2004-07-19,7.98,8.23,7.70,8.09,11800,8.09
2004-07-16,8.09,8.24,7.85,7.95,12200,7.95
2004-07-15,8.40,8.40,7.85,8.16,30100,8.16
2004-07-14,8.52,8.68,8.21,8.66,12000,8.66
2004-07-13,8.56,8.87,8.52,8.70,9900,8.70
2004-07-12,8.63,9.75,8.46,8.56,12700,8.56
2004-07-09,8.96,8.96,8.34,8.96,10600,8.96
2004-07-08,9.22,9.22,8.80,8.80,2800,8.80
2004-07-07,9.19,9.24,9.09,9.24,1900,9.24
2004-07-06,8.85,9.37,8.67,9.26,20100,9.26
2004-07-02,9.45,9.89,8.53,8.76,24500,8.76
2004-07-01,9.94,9.94,9.26,9.49,8000,9.49
2004-06-30,10.00,10.25,9.86,9.97,14400,9.97
2004-06-29,10.19,10.19,9.27,10.00,16400,10.00
2004-06-28,10.07,10.20,9.87,10.05,22500,10.05
2004-06-25,9.70,9.99,8.45,9.90,46700,9.90
2004-06-24,8.95,9.99,8.76,9.90,57800,9.90
2004-06-23,8.30,8.82,8.30,8.78,23100,8.78
2004-06-22,7.76,8.54,7.76,8.30,27600,8.30
2004-06-21,7.82,8.11,7.82,7.95,9500,7.95
2004-06-18,8.12,8.19,7.61,7.68,6400,7.68
2004-06-17,8.15,8.15,8.10,8.13,2800,8.13
2004-06-16,8.57,8.57,8.10,8.24,8300,8.24
2004-06-15,8.04,8.09,7.91,8.09,8100,8.09
2004-06-14,7.89,7.96,7.52,7.82,2200,7.82
2004-06-10,7.40,7.90,7.40,7.75,13200,7.75
2004-06-09,7.67,7.87,7.28,7.44,5900,7.44
2004-06-08,7.71,7.89,7.39,7.62,9100,7.62
2004-06-07,7.81,7.82,7.43,7.70,12700,7.70
2004-06-04,7.66,8.32,7.33,7.90,18800,7.90
2004-06-03,7.56,7.74,7.41,7.59,7700,7.59
2004-06-02,8.05,8.29,7.60,7.64,10200,7.64
2004-06-01,7.92,8.05,7.81,8.05,4100,8.05
2004-05-28,7.80,7.94,7.75,7.94,7300,7.94
2004-05-27,8.06,8.10,7.51,7.81,25900,7.81
2004-05-26,8.18,8.18,8.05,8.07,7400,8.07
2004-05-25,8.15,8.29,8.05,8.27,7600,8.27
2004-05-24,8.00,8.07,7.89,8.04,4200,8.04
2004-05-21,8.03,8.03,8.03,8.03,2000,8.03
2004-05-20,8.00,8.44,7.96,8.10,19200,8.10
2004-05-19,7.94,8.00,7.36,8.00,20000,8.00
2004-05-18,8.00,8.14,8.00,8.10,8300,8.10
2004-05-17,7.96,8.04,7.96,8.04,2000,8.04
2004-05-14,7.98,8.13,7.70,8.13,13800,8.13
2004-05-13,8.73,10.00,7.70,8.19,18700,8.19
2004-05-12,7.49,8.21,7.01,7.26,26600,7.26
2004-05-11,7.70,7.70,7.27,7.50,12400,7.50
2004-05-10,7.70,7.70,6.92,7.50,20300,7.50
2004-05-07,8.27,8.27,7.71,7.73,16900,7.73
2004-05-06,8.01,8.27,7.75,8.27,36400,8.27
2004-05-05,8.75,8.75,8.01,8.09,20300,8.09
2004-05-04,8.78,8.99,8.50,8.51,6500,8.51
2004-05-03,8.84,8.87,8.80,8.80,5700,8.80
2004-04-30,8.92,8.99,8.92,8.94,500,8.94
2004-04-29,8.78,8.95,8.68,8.91,21000,8.91
2004-04-28,8.79,8.79,8.67,8.68,1900,8.68
2004-04-27,8.50,8.79,8.50,8.78,16500,8.78
2004-04-26,9.00,9.05,8.59,8.69,12300,8.69
2004-04-23,8.78,9.12,8.78,9.12,6700,9.12
2004-04-22,8.61,9.25,8.50,8.73,11300,8.73
2004-04-21,9.03,9.03,8.75,8.81,7200,8.81
2004-04-20,9.55,9.55,9.00,9.01,11700,9.01
2004-04-19,9.06,9.17,8.71,9.01,19100,9.01
2004-04-16,9.13,9.13,8.73,9.07,9300,9.07
2004-04-15,9.16,9.39,9.12,9.39,9000,9.39
2004-04-14,9.25,9.80,9.21,9.39,18000,9.39
2004-04-13,9.52,9.52,9.21,9.25,10600,9.25
2004-04-12,9.76,9.80,9.45,9.45,3600,9.45
2004-04-08,9.95,9.97,9.90,9.95,3600,9.95
2004-04-07,9.94,10.10,9.66,9.95,8900,9.95
2004-04-06,10.01,10.29,9.97,10.00,7000,10.00
2004-04-05,10.29,10.29,9.97,10.05,17200,10.05
2004-04-02,9.79,10.00,9.76,9.91,4800,9.91
2004-04-01,9.70,9.98,9.25,9.93,7000,9.93
2004-03-31,9.80,9.98,9.70,9.85,10100,9.85
2004-03-30,9.90,9.90,9.71,9.90,8500,9.90
2004-03-29,9.86,10.34,9.80,9.87,14000,9.87
2004-03-26,9.95,10.08,9.88,9.99,12600,9.99
2004-03-25,9.83,10.00,9.60,9.95,19300,9.95
2004-03-24,9.40,9.88,9.40,9.84,6700,9.84
2004-03-23,10.04,10.04,9.26,9.40,13000,9.40
2004-03-22,10.08,10.19,9.45,10.00,11900,10.00
2004-03-19,10.31,10.63,10.08,10.11,29300,10.11
2004-03-18,10.10,10.56,9.95,10.06,22100,10.06
2004-03-17,9.78,10.50,9.78,10.45,33300,10.45
2004-03-16,9.61,10.00,9.51,9.84,16000,9.84
2004-03-15,9.51,9.85,9.51,9.85,7300,9.85
2004-03-12,9.51,9.69,9.51,9.64,8500,9.64
2004-03-11,9.61,9.89,9.52,9.52,2600,9.52
2004-03-10,9.68,10.15,9.51,9.51,13400,9.51
2004-03-09,9.79,10.25,9.51,9.87,15200,9.87
2004-03-08,9.72,9.95,9.70,9.70,6000,9.70
2004-03-05,9.50,9.63,9.50,9.63,3200,9.63
2004-03-04,9.80,10.03,9.30,9.50,10400,9.50
2004-03-03,9.67,9.78,9.60,9.72,7200,9.72
2004-03-02,9.63,9.75,9.50,9.75,7400,9.75
2004-03-01,9.69,9.74,9.30,9.74,10000,9.74
2004-02-27,9.78,10.00,9.63,9.79,8500,9.79
2004-02-26,9.55,10.35,9.55,9.60,47900,9.60
2004-02-25,8.85,9.10,8.65,9.10,17200,9.10
2004-02-24,8.74,8.85,8.56,8.85,4700,8.85
2004-02-23,8.76,8.85,8.76,8.85,1800,8.85
2004-02-20,8.83,8.85,8.67,8.76,3100,8.76
2004-02-19,8.67,8.95,8.67,8.95,4400,8.95
2004-02-18,8.95,8.95,8.68,8.90,3900,8.90
2004-02-17,8.80,9.35,8.80,8.83,6000,8.83
2004-02-13,8.90,9.00,8.71,8.84,14900,8.84
2004-02-12,8.88,9.07,8.86,9.00,2500,9.00
2004-02-11,9.00,9.22,8.99,9.02,7100,9.02
2004-02-10,8.65,9.20,8.65,9.03,7500,9.03
2004-02-09,8.70,9.18,8.50,9.13,14900,9.13
2004-02-06,8.96,9.19,8.50,8.92,63200,8.92
2004-02-05,9.00,9.21,8.75,8.85,24500,8.85
2004-02-04,9.55,9.58,9.23,9.23,7600,9.23
2004-02-03,9.60,9.81,9.57,9.60,6300,9.60
2004-02-02,9.62,9.97,9.61,9.69,2400,9.69
2004-01-30,9.75,10.29,9.60,9.82,11400,9.82
2004-01-29,9.70,9.85,9.51,9.75,13300,9.75
2004-01-28,10.29,10.29,9.81,9.91,30700,9.91
2004-01-27,9.73,10.32,9.70,10.00,20500,10.00
2004-01-26,9.97,10.14,9.73,9.90,20800,9.90
2004-01-23,9.90,9.90,9.40,9.57,14200,9.57
2004-01-22,9.49,9.95,9.44,9.80,14800,9.80
2004-01-21,9.50,9.50,9.30,9.36,11800,9.36
2004-01-20,9.30,9.50,9.30,9.40,18200,9.40
2004-01-16,9.84,9.95,9.19,9.29,20700,9.29
2004-01-15,10.07,10.07,9.45,9.77,16700,9.77
2004-01-14,9.97,9.99,9.85,9.99,9900,9.99
2004-01-13,10.09,10.10,9.87,10.06,8900,10.06
2004-01-12,10.39,10.64,9.85,9.93,21500,9.93
2004-01-09,10.72,10.77,10.25,10.41,12500,10.41
2004-01-08,10.21,10.89,10.13,10.79,27600,10.79
2004-01-07,10.02,10.26,9.60,10.00,16000,10.00
2004-01-06,10.29,10.30,9.85,9.99,19100,9.99
2004-01-05,10.54,10.69,10.00,10.11,27800,10.11
2004-01-02,10.26,10.50,10.18,10.32,7500,10.32
2003-12-31,10.45,10.69,10.06,10.64,12200,10.64
2003-12-30,10.60,10.70,10.45,10.70,12200,10.70
2003-12-29,11.20,11.20,10.45,10.52,24300,10.52
2003-12-26,10.56,11.15,10.56,11.15,17100,11.15
2003-12-24,10.25,10.81,10.25,10.65,12500,10.65
2003-12-23,9.50,11.00,9.50,10.93,49500,10.93
2003-12-22,9.81,10.05,9.65,9.82,36400,9.82
2003-12-19,9.45,9.89,9.41,9.85,35400,9.85
2003-12-18,9.31,9.45,9.11,9.38,23800,9.38
2003-12-17,9.01,9.25,8.93,9.25,17700,9.25
2003-12-16,9.14,9.25,8.88,9.08,6600,9.08
2003-12-15,9.20,9.35,8.81,9.06,15600,9.06
2003-12-12,8.70,9.18,8.70,8.83,8700,8.83
2003-12-11,9.05,9.05,8.80,8.95,12400,8.95
2003-12-10,8.95,9.20,8.75,8.90,15700,8.90
2003-12-09,9.05,9.24,9.01,9.04,6700,9.04
2003-12-08,9.12,9.45,8.58,9.34,13700,9.34
2003-12-05,9.23,9.23,8.74,9.07,11400,9.07
2003-12-04,9.06,9.30,8.96,9.11,40500,9.11
2003-12-03,8.69,9.14,8.43,9.01,42400,9.01
2003-12-02,8.55,8.60,8.27,8.59,29400,8.59
2003-12-01,8.55,8.55,8.31,8.35,3000,8.35
2003-11-28,8.32,8.52,8.32,8.49,2700,8.49
2003-11-26,8.60,8.60,8.26,8.35,4900,8.35
2003-11-25,8.35,8.58,8.35,8.54,1800,8.54
2003-11-24,8.19,8.55,8.19,8.55,14400,8.55
2003-11-21,8.50,8.60,8.21,8.50,4300,8.50
2003-11-20,8.55,8.58,8.45,8.45,2200,8.45
2003-11-19,8.57,8.57,8.31,8.46,4300,8.46
2003-11-18,8.40,8.40,8.40,8.40,500,8.40
2003-11-17,8.10,8.52,8.00,8.52,17000,8.52
2003-11-14,8.37,8.37,8.20,8.28,4900,8.28
2003-11-13,8.71,8.71,8.33,8.57,16100,8.57
2003-11-12,8.64,8.71,8.44,8.63,6500,8.63
2003-11-11,8.79,8.79,8.51,8.52,5400,8.52
2003-11-10,8.63,8.80,8.33,8.50,6100,8.50
2003-11-07,8.40,8.56,8.20,8.35,13900,8.35
2003-11-06,7.94,8.44,7.70,8.21,44000,8.21
2003-11-05,7.91,7.92,7.49,7.57,12600,7.57
2003-11-04,7.75,7.86,7.70,7.81,5800,7.81
2003-11-03,7.80,8.17,7.79,8.00,13500,8.00
2003-10-31,8.13,8.30,7.80,8.00,16600,8.00
2003-10-30,8.25,8.25,8.03,8.11,1700,8.11
2003-10-29,7.65,8.35,7.61,8.21,5500,8.21
2003-10-28,8.04,8.16,7.53,7.65,37100,7.65
2003-10-27,7.82,8.19,7.82,8.00,15400,8.00
2003-10-24,7.72,8.07,7.33,7.80,65500,7.80
2003-10-23,8.10,8.10,7.63,7.77,27000,7.77
2003-10-22,8.55,8.55,8.15,8.24,14300,8.24
2003-10-21,8.88,8.88,8.53,8.60,8200,8.60
2003-10-20,8.81,8.87,8.60,8.68,8300,8.68
2003-10-17,8.95,8.99,8.80,8.98,6000,8.98
2003-10-16,9.06,9.06,8.91,8.95,2800,8.95
2003-10-15,8.99,9.00,8.90,8.90,5800,8.90
2003-10-14,8.75,9.04,8.75,8.96,17000,8.96
2003-10-13,9.04,9.04,8.20,8.77,18100,8.77
2003-10-10,9.02,9.11,8.50,8.90,13100,8.90
2003-10-09,9.15,9.15,8.82,8.87,23300,8.87
2003-10-08,9.06,9.40,9.01,9.06,16200,9.06
2003-10-07,9.15,9.15,8.70,9.00,56600,9.00
2003-10-06,9.45,9.45,9.05,9.10,28100,9.10
2003-10-03,9.20,9.21,9.20,9.20,2000,9.20
2003-10-02,9.30,9.30,9.16,9.23,7600,9.23
2003-10-01,9.13,9.38,9.13,9.37,3500,9.37
2003-09-30,9.24,9.39,9.12,9.15,9100,9.15
2003-09-29,9.27,9.49,8.65,9.44,15600,9.44
2003-09-26,9.68,9.68,9.27,9.27,3900,9.27
2003-09-25,9.50,9.56,9.27,9.39,13000,9.39
2003-09-24,9.90,9.90,9.65,9.65,10200,9.65
2003-09-23,9.95,9.95,9.65,9.95,19300,9.95
2003-09-22,9.71,9.97,9.71,9.96,17800,9.96
2003-09-19,9.45,9.89,9.41,9.85,26200,9.85
2003-09-18,9.32,9.60,9.32,9.35,11700,9.35
2003-09-17,9.69,9.80,9.35,9.63,13200,9.63
2003-09-16,9.90,9.90,9.41,9.53,12100,9.53
2003-09-15,9.19,9.94,9.19,9.52,18300,9.52
2003-09-12,8.75,9.20,8.75,9.19,9400,9.19
2003-09-11,8.94,8.99,8.48,8.93,28900,8.93
2003-09-10,8.89,9.27,8.55,8.86,45200,8.86
2003-09-09,9.51,9.52,9.11,9.27,19600,9.27
2003-09-08,9.60,9.79,9.20,9.58,23500,9.58
2003-09-05,9.31,9.94,9.28,9.61,14800,9.61
2003-09-04,9.99,9.99,9.31,9.80,14600,9.80
2003-09-03,10.00,10.14,9.75,9.80,42300,9.80
2003-09-02,9.25,9.96,9.25,9.75,32300,9.75
2003-08-29,9.40,9.55,9.28,9.55,12900,9.55
2003-08-28,9.38,9.75,9.38,9.43,11800,9.43
2003-08-27,9.60,9.74,9.44,9.60,17200,9.60
2003-08-26,9.75,9.75,9.40,9.70,25500,9.70
2003-08-25,9.51,10.04,9.25,9.81,26600,9.81
2003-08-22,10.50,10.65,9.58,9.58,102700,9.58
2003-08-21,9.49,10.50,9.49,10.09,139600,10.09
2003-08-20,8.46,9.59,8.46,9.32,97000,9.32
2003-08-19,8.10,9.39,8.01,8.82,75700,8.82
2003-08-18,7.86,8.17,7.86,8.06,54600,8.06
2003-08-15,7.90,8.00,7.85,7.90,21900,7.90
2003-08-14,7.66,8.00,7.66,7.90,16600,7.90
2003-08-13,7.68,7.90,7.48,7.73,17000,7.73
2003-08-12,7.55,7.78,7.41,7.54,9900,7.54
2003-08-11,7.78,7.80,7.67,7.80,6000,7.80
2003-08-08,7.52,7.52,7.51,7.52,2700,7.52
2003-08-07,7.78,7.78,7.39,7.43,15600,7.43
2003-08-06,7.77,7.80,7.57,7.68,9100,7.68
2003-08-05,7.99,8.00,7.65,7.65,11300,7.65
2003-08-04,7.62,7.75,7.62,7.73,10900,7.73
2003-08-01,7.50,7.59,7.43,7.59,5800,7.59
2003-07-31,7.50,7.50,7.41,7.41,8700,7.41
2003-07-30,7.27,7.53,7.27,7.53,2800,7.53
2003-07-29,7.25,7.45,7.25,7.43,10000,7.43
2003-07-28,7.47,7.47,7.04,7.25,19600,7.25
2003-07-25,7.50,7.50,7.30,7.30,17300,7.30
2003-07-24,7.30,7.30,7.18,7.26,6800,7.26
2003-07-23,7.11,7.46,7.07,7.29,9600,7.29
2003-07-22,7.01,7.29,7.01,7.26,4300,7.26
2003-07-21,7.08,7.15,7.07,7.15,3600,7.15
2003-07-18,7.08,7.15,6.75,7.15,10900,7.15
2003-07-17,7.12,7.20,7.05,7.14,15400,7.14
2003-07-16,7.30,7.40,7.12,7.25,10200,7.25
2003-07-15,7.53,7.62,7.20,7.20,22200,7.20
2003-07-14,7.53,7.83,7.53,7.62,8700,7.62
2003-07-11,7.75,7.80,7.66,7.75,2500,7.75
2003-07-10,7.89,7.90,7.65,7.74,8900,7.74
2003-07-09,7.75,7.98,7.63,7.79,17500,7.79
2003-07-08,7.40,7.86,7.40,7.86,23500,7.86
2003-07-07,7.24,7.39,7.24,7.39,5600,7.39
2003-07-03,7.44,7.50,7.15,7.27,9800,7.27
2003-07-02,7.81,7.87,7.03,7.32,25800,7.32
2003-07-01,7.95,7.98,7.62,7.80,16000,7.80
2003-06-30,7.82,7.99,7.80,7.97,20700,7.97
2003-06-27,7.83,8.00,7.83,7.94,30200,7.94
2003-06-26,7.52,7.76,7.38,7.76,14900,7.76
2003-06-25,7.38,7.84,7.31,7.32,19800,7.32
2003-06-24,7.54,7.75,7.40,7.45,21600,7.45
2003-06-23,7.65,7.81,7.35,7.42,23800,7.42
2003-06-20,7.73,7.92,7.60,7.65,13100,7.65
2003-06-19,8.05,8.09,7.55,7.65,39800,7.65
2003-06-18,8.01,8.08,7.80,8.02,27500,8.02
2003-06-17,8.00,8.00,7.80,7.85,21400,7.85
2003-06-16,7.90,8.10,7.60,8.02,24900,8.02
2003-06-13,7.45,8.24,7.37,7.95,80700,7.95
2003-06-12,7.19,7.55,7.00,7.45,74500,7.45
2003-06-11,6.78,7.02,6.78,6.95,81900,6.95
2003-06-10,6.80,7.13,6.69,6.70,11100,6.70
2003-06-09,6.85,7.01,6.85,6.87,6600,6.87
2003-06-06,7.07,7.07,6.85,6.85,5600,6.85
2003-06-05,6.90,7.02,6.83,6.98,45100,6.98
2003-06-04,6.65,7.07,6.60,6.96,64400,6.96
2003-06-03,6.59,6.78,6.59,6.65,32400,6.65
2003-06-02,6.50,6.63,6.20,6.50,33700,6.50
2003-05-30,6.30,6.45,5.80,6.45,19000,6.45
2003-05-29,6.06,6.36,6.06,6.26,7800,6.26
2003-05-28,6.41,6.52,6.06,6.06,18600,6.06
2003-05-27,6.27,6.41,6.27,6.29,9200,6.29
2003-05-23,6.27,6.46,6.27,6.27,4400,6.27
2003-05-22,6.46,6.59,6.26,6.26,3500,6.26
2003-05-21,6.25,6.65,6.25,6.32,15700,6.32
2003-05-20,6.24,6.64,6.24,6.37,21900,6.37
2003-05-19,6.35,6.45,6.22,6.30,6300,6.30
2003-05-16,6.40,6.65,6.27,6.35,13900,6.35
2003-05-15,6.40,6.70,6.37,6.38,11500,6.38
2003-05-14,6.44,6.63,6.33,6.33,9200,6.33
2003-05-13,6.70,6.70,6.30,6.48,8500,6.48
2003-05-12,6.47,6.79,6.40,6.40,21900,6.40
2003-05-09,6.16,6.65,6.16,6.50,8200,6.50
2003-05-08,5.84,6.85,5.84,6.20,90200,6.20
2003-05-07,6.25,6.25,5.69,5.80,26600,5.80
2003-05-06,6.20,6.20,5.69,6.07,15100,6.07
2003-05-05,5.76,6.32,5.44,6.30,17600,6.30
2003-05-02,5.55,5.63,5.44,5.63,37900,5.63
2003-05-01,5.51,5.61,5.51,5.61,8000,5.61
2003-04-30,5.68,5.69,5.43,5.55,23000,5.55
2003-04-29,5.82,5.87,5.57,5.70,14700,5.70
2003-04-28,6.25,6.25,5.45,5.60,44400,5.60
2003-04-25,6.50,6.52,6.30,6.30,16100,6.30
2003-04-24,6.76,6.82,6.44,6.54,23000,6.54
2003-04-23,6.82,6.82,6.75,6.80,6600,6.80
2003-04-22,6.85,6.85,6.75,6.79,7700,6.79
2003-04-21,6.75,6.85,6.75,6.83,10500,6.83
2003-04-17,6.75,7.00,6.75,6.80,10100,6.80
2003-04-16,6.90,6.90,6.75,6.75,6000,6.75
2003-04-15,7.22,7.22,6.70,6.76,18400,6.76
2003-04-14,7.06,7.12,6.75,7.05,20300,7.05
2003-04-11,6.72,7.06,6.70,7.00,20100,7.00
2003-04-10,6.72,7.07,6.70,7.07,29200,7.07
2003-04-09,6.75,7.08,6.65,6.86,19000,6.86
2003-04-08,7.71,7.79,6.86,6.86,39100,6.86
2003-04-07,7.67,7.67,7.15,7.34,21100,7.34
2003-04-04,7.12,7.60,7.12,7.41,22200,7.41
2003-04-03,6.70,7.19,6.70,7.15,27200,7.15
2003-04-02,7.07,7.18,6.62,6.95,28900,6.95
2003-04-01,6.60,7.30,6.35,7.05,25900,7.05
2003-03-31,7.50,7.97,6.87,7.60,37200,7.60
2003-03-28,6.75,7.77,6.59,7.77,46200,7.77
2003-03-27,6.70,7.10,6.67,7.10,10000,7.10
2003-03-26,6.31,7.40,6.31,7.02,28300,7.02
2003-03-25,6.15,6.39,6.15,6.31,9400,6.31
2003-03-24,6.16,6.47,6.16,6.43,5100,6.43
2003-03-21,6.43,6.44,6.35,6.44,4200,6.44
2003-03-20,6.37,6.37,6.26,6.35,12400,6.35
2003-03-19,6.65,6.65,6.20,6.38,22000,6.38
2003-03-18,6.72,6.75,6.30,6.42,20100,6.42
2003-03-17,6.99,7.00,6.32,6.80,19900,6.80
2003-03-14,6.72,7.05,6.63,6.96,21100,6.96
2003-03-13,6.37,6.69,6.37,6.57,10400,6.57
2003-03-12,6.29,6.50,6.21,6.50,17500,6.50
2003-03-11,6.29,6.31,5.87,6.31,19800,6.31
2003-03-10,6.49,6.55,6.32,6.32,6900,6.32
2003-03-07,6.09,6.49,6.09,6.49,5500,6.49
2003-03-06,6.35,6.35,6.08,6.08,1900,6.08
2003-03-05,6.47,6.47,6.29,6.29,1800,6.29
2003-03-04,6.45,6.45,6.20,6.23,6600,6.23
2003-03-03,6.90,6.90,6.25,6.36,14200,6.36
2003-02-28,6.83,6.83,6.47,6.83,9400,6.83
2003-02-27,6.61,6.80,6.61,6.80,2200,6.80
2003-02-26,6.59,6.85,6.59,6.74,16800,6.74
2003-02-25,6.41,6.60,6.36,6.51,7200,6.51
2003-02-24,6.60,6.60,6.27,6.50,28300,6.50
2003-02-21,6.07,6.95,6.06,6.61,60800,6.61
2003-02-20,6.00,6.00,5.71,5.85,18500,5.85
2003-02-19,5.60,5.89,5.55,5.59,5100,5.59
2003-02-18,5.70,5.89,5.49,5.59,8300,5.59
2003-02-14,5.72,5.99,5.70,5.90,4300,5.90
2003-02-13,5.65,6.00,5.54,6.00,9900,6.00
2003-02-12,6.01,6.25,5.70,5.74,38400,5.74
2003-02-11,6.20,6.20,5.80,6.03,38400,6.03
2003-02-10,5.84,6.26,5.55,6.07,26800,6.07
2003-02-07,5.90,5.90,5.81,5.85,4000,5.85
2003-02-06,6.08,6.25,5.88,5.95,9600,5.95
2003-02-05,6.00,6.09,5.81,6.07,8900,6.07
2003-02-04,6.13,6.15,5.99,5.99,2900,5.99
2003-02-03,5.81,6.15,5.81,6.00,12100,6.00
2003-01-31,5.90,6.05,5.80,5.83,17400,5.83
2003-01-30,6.07,6.18,5.80,5.80,11300,5.80
2003-01-29,5.90,6.11,5.90,6.07,1400,6.07
2003-01-28,6.00,6.20,5.80,6.10,8000,6.10
2003-01-27,6.12,6.12,5.85,6.07,12500,6.07
2003-01-24,6.20,6.20,6.06,6.14,8800,6.14
2003-01-23,6.32,6.32,6.20,6.21,8700,6.21
2003-01-22,6.16,6.34,6.06,6.30,9700,6.30
2003-01-21,5.98,6.23,5.73,6.10,24700,6.10
2003-01-17,5.66,5.78,5.65,5.72,3800,5.72
2003-01-16,5.66,5.73,5.63,5.65,3100,5.65
2003-01-15,5.71,5.76,5.64,5.68,8100,5.68
2003-01-14,5.65,6.00,5.31,5.76,30000,5.76
2003-01-13,5.41,5.58,5.27,5.40,31500,5.40
2003-01-10,5.16,5.65,5.00,5.65,17200,5.65
2003-01-09,5.26,5.28,5.00,5.16,10500,5.16
2003-01-08,5.21,5.42,4.75,5.06,14000,5.06
2003-01-07,5.25,5.34,5.05,5.34,9700,5.34
2003-01-06,5.69,5.69,5.01,5.35,14900,5.35
2003-01-03,5.61,5.66,5.19,5.20,28500,5.20
2003-01-02,5.75,5.75,5.70,5.71,3200,5.71
2002-12-31,6.16,6.16,5.50,5.50,9500,5.50
2002-12-30,5.71,6.17,5.71,5.99,7300,5.99
2002-12-27,5.78,6.54,5.78,6.10,28400,6.10
2002-12-26,5.38,6.10,5.32,5.70,13200,5.70
2002-12-24,5.23,5.76,5.23,5.49,35500,5.49
2002-12-23,5.10,5.58,4.87,5.50,31200,5.50
2002-12-20,5.37,5.45,5.10,5.30,7500,5.30
2002-12-19,5.57,5.57,5.30,5.36,11000,5.36
2002-12-18,5.55,5.80,5.43,5.48,13700,5.48
2002-12-17,5.60,6.00,5.50,5.50,12700,5.50
2002-12-16,5.76,5.90,5.62,5.62,5500,5.62
2002-12-13,6.30,6.30,5.76,5.91,14700,5.91
2002-12-12,6.37,6.76,6.06,6.30,20200,6.30
2002-12-11,6.80,6.80,6.63,6.63,4000,6.63
2002-12-10,6.67,7.00,6.65,6.68,4900,6.68
2002-12-09,6.99,6.99,6.37,6.79,6100,6.79
2002-12-06,7.09,7.09,6.51,6.65,11300,6.65
2002-12-05,6.37,7.05,6.37,6.90,17000,6.90
2002-12-04,6.38,6.50,6.21,6.37,14300,6.37
2002-12-03,6.49,6.49,6.21,6.49,5100,6.49
2002-12-02,6.44,6.77,6.19,6.26,17600,6.26
2002-11-29,6.59,6.59,6.50,6.50,2100,6.50
2002-11-27,6.63,6.80,6.41,6.55,9700,6.55
2002-11-26,6.05,6.70,6.05,6.63,27700,6.63
2002-11-25,6.51,6.58,5.98,6.34,19400,6.34
2002-11-22,6.40,6.60,6.10,6.60,36500,6.60
2002-11-21,6.14,6.50,5.45,6.46,49000,6.46
2002-11-20,5.50,6.10,5.35,5.95,51600,5.95
2002-11-19,5.45,5.65,5.41,5.50,15100,5.50
2002-11-18,5.09,5.53,5.09,5.33,13300,5.33
2002-11-15,5.10,5.30,4.90,4.90,7900,4.90
2002-11-14,4.97,5.12,4.96,5.10,6800,5.10
2002-11-13,4.93,5.14,4.75,4.98,24100,4.98
2002-11-12,5.04,5.09,5.00,5.02,14700,5.02
2002-11-11,5.27,5.29,5.00,5.02,12200,5.02
2002-11-08,4.84,5.29,4.84,5.14,25600,5.14
2002-11-07,4.99,5.05,4.70,4.76,2900,4.76
2002-11-06,4.75,4.90,4.16,4.90,36800,4.90
2002-11-05,4.75,4.85,4.50,4.77,12800,4.77
2002-11-04,4.83,4.83,4.30,4.82,22100,4.82
2002-11-01,5.21,5.33,4.32,4.83,45500,4.83
2002-10-31,5.04,5.44,5.04,5.25,24400,5.25
2002-10-30,4.90,5.30,4.90,5.08,20700,5.08
2002-10-29,4.65,4.90,4.60,4.90,12900,4.90
2002-10-28,4.52,4.66,4.32,4.64,13600,4.64
2002-10-25,4.12,4.53,3.77,4.53,36600,4.53
2002-10-24,3.71,4.55,3.40,4.10,30200,4.10
2002-10-23,3.31,3.69,3.28,3.69,7700,3.69
2002-10-22,3.27,3.31,3.21,3.31,5100,3.31
2002-10-21,3.09,3.29,3.05,3.11,5300,3.11
2002-10-18,3.35,3.35,3.16,3.21,4700,3.21
2002-10-17,3.20,3.30,3.12,3.30,10200,3.30
2002-10-16,3.25,3.48,3.18,3.37,3700,3.37
2002-10-15,3.49,3.50,3.25,3.45,5700,3.45
2002-10-14,3.11,3.42,3.10,3.38,7900,3.38
2002-10-11,3.43,3.43,2.95,3.25,4200,3.25
2002-10-10,3.23,3.36,3.23,3.23,5500,3.23
2002-10-09,3.14,3.60,3.11,3.44,10700,3.44
2002-10-08,3.20,3.75,2.40,3.48,22300,3.48
2002-10-07,3.27,3.40,2.45,3.20,39700,3.20
2002-10-04,3.55,3.55,3.00,3.22,24300,3.22
2002-10-03,3.65,3.69,3.57,3.57,5700,3.57
2002-10-02,3.70,3.74,3.65,3.65,2500,3.65
2002-10-01,4.08,4.08,3.69,3.69,3600,3.69
2002-09-30,3.69,4.05,3.68,4.05,7900,4.05
2002-09-27,3.65,3.90,3.65,3.82,5700,3.82
2002-09-26,3.74,3.75,3.45,3.56,12600,3.56
2002-09-25,3.80,3.88,3.60,3.80,17300,3.80
2002-09-24,3.78,3.89,3.70,3.83,7200,3.83
2002-09-23,3.83,3.87,3.80,3.83,5200,3.83
2002-09-20,3.89,3.89,3.76,3.79,2400,3.79
2002-09-19,3.91,3.97,3.91,3.91,1400,3.91
2002-09-18,3.98,4.03,3.82,3.99,3000,3.99
2002-09-17,4.09,4.09,3.76,3.98,15800,3.98
2002-09-16,4.15,4.15,3.87,4.10,29800,4.10
2002-09-13,4.09,4.30,4.09,4.30,6500,4.30
2002-09-12,4.11,4.11,3.94,3.98,2900,3.98
2002-09-11,3.75,4.03,3.70,4.03,6000,4.03
2002-09-10,4.10,4.20,4.00,4.00,9000,4.00
2002-09-09,4.25,4.49,4.00,4.05,7000,4.05
2002-09-06,4.09,4.20,3.91,4.20,9100,4.20
2002-09-05,4.10,4.10,3.70,4.10,21900,4.10
2002-09-04,4.24,4.24,4.10,4.10,29900,4.10
2002-09-03,4.22,4.40,4.10,4.21,12600,4.21
2002-08-30,4.35,4.59,4.15,4.55,12400,4.55
2002-08-29,4.50,4.99,4.25,4.25,6100,4.25
2002-08-28,4.55,4.55,4.40,4.40,6600,4.40
2002-08-27,4.70,4.75,4.57,4.74,4000,4.74
2002-08-26,4.30,4.74,4.30,4.55,15300,4.55
2002-08-23,4.26,4.30,4.16,4.30,6100,4.30
2002-08-22,4.10,4.32,4.01,4.13,16200,4.13
2002-08-21,4.34,4.34,4.10,4.30,8600,4.30
2002-08-20,4.15,4.30,4.00,4.18,110800,4.18
2002-08-19,4.25,4.25,4.00,4.12,17500,4.12
2002-08-16,3.90,4.32,3.80,4.27,34200,4.27
2002-08-15,3.79,3.99,3.60,3.90,33100,3.90
2002-08-14,3.69,3.79,3.60,3.79,27800,3.79
2002-08-13,4.05,4.26,3.20,3.65,55400,3.65
2002-08-12,4.50,4.60,4.05,4.15,73600,4.15
2002-08-09,4.35,4.95,4.25,4.65,22200,4.65
2002-08-08,4.78,4.78,4.35,4.48,58400,4.48
2002-08-07,5.00,5.08,4.55,4.78,15800,4.78
2002-08-06,4.75,5.10,4.55,4.89,16900,4.89
2002-08-05,5.05,5.05,4.61,4.75,12500,4.75
2002-08-02,5.00,5.10,4.80,5.08,22600,5.08
2002-08-01,5.18,5.35,4.97,5.05,13100,5.05
2002-07-31,5.44,5.47,4.95,5.19,17100,5.19
2002-07-30,5.20,5.48,4.77,5.13,38400,5.13
2002-07-29,5.40,5.49,5.20,5.42,24700,5.42
2002-07-26,5.14,5.75,5.13,5.49,34100,5.49
2002-07-25,4.86,5.15,4.65,5.15,29500,5.15
2002-07-24,4.79,5.51,4.65,4.90,47000,4.90
2002-07-23,5.05,5.32,3.95,4.85,139500,4.85
2002-07-22,6.29,6.65,3.05,4.30,387900,4.30
2002-07-19,7.11,7.11,6.50,6.50,52100,6.50
2002-07-18,7.08,7.26,7.08,7.15,10300,7.15
2002-07-17,7.25,7.38,7.07,7.19,17200,7.19
2002-07-16,7.42,7.45,7.21,7.34,20700,7.34
2002-07-15,7.44,7.60,7.24,7.45,32600,7.45
2002-07-12,6.75,7.45,6.75,7.29,39100,7.29
2002-07-11,6.89,7.25,6.70,6.75,48400,6.75
2002-07-10,6.98,7.00,6.90,6.90,20500,6.90
2002-07-09,7.12,7.32,6.75,6.84,41400,6.84
2002-07-08,7.40,7.40,6.80,7.05,24100,7.05
2002-07-05,7.55,7.55,7.14,7.49,9100,7.49
2002-07-03,7.50,7.50,6.99,7.03,55500,7.03
2002-07-02,7.81,7.89,7.10,7.20,50900,7.20
2002-07-01,7.03,8.05,7.03,7.94,77400,7.94
2002-06-28,6.75,7.10,6.65,7.00,34500,7.00
2002-06-27,6.70,6.73,6.35,6.68,51700,6.68
2002-06-26,6.75,6.93,6.71,6.76,66500,6.76
2002-06-25,6.95,7.00,6.70,6.87,26700,6.87
2002-06-24,7.21,7.25,6.90,6.98,31600,6.98
2002-06-21,7.00,7.01,6.71,6.95,43700,6.95
2002-06-20,7.01,7.19,6.50,6.60,49600,6.60
2002-06-19,7.27,7.43,6.95,7.01,49500,7.01
2002-06-18,7.85,7.85,7.25,7.42,23100,7.42
2002-06-17,7.60,7.90,7.38,7.84,26700,7.84
2002-06-14,7.78,7.97,7.51,7.70,31800,7.70
2002-06-13,7.58,7.99,7.58,7.80,21900,7.80
2002-06-12,8.02,8.08,7.30,7.58,75800,7.58
2002-06-11,7.96,8.25,7.82,8.02,145800,8.02
2002-06-10,7.45,7.93,7.44,7.89,108000,7.89
2002-06-07,7.40,7.71,7.36,7.68,42000,7.68
2002-06-06,7.34,7.45,7.23,7.40,75900,7.40
2002-06-05,7.28,7.58,7.20,7.37,84700,7.37
2002-06-04,7.20,7.40,7.15,7.25,178400,7.25
2002-06-03,7.20,7.74,7.20,7.20,307500,7.20
2002-05-31,6.70,7.03,6.65,7.03,137700,7.03
2002-05-30,6.86,7.03,6.55,6.73,87600,6.73
2002-05-29,7.26,7.40,6.55,6.93,117800,6.93
2002-05-28,7.30,7.45,7.21,7.25,30600,7.25
2002-05-24,7.33,7.45,7.14,7.45,58400,7.45
2002-05-23,7.10,7.46,7.01,7.45,101700,7.45
2002-05-22,7.14,7.33,7.11,7.29,66900,7.29
2002-05-21,6.90,7.35,6.86,7.09,81700,7.09
2002-05-20,6.69,6.96,6.50,6.85,45500,6.85
2002-05-17,6.50,6.79,6.50,6.75,38900,6.75
2002-05-16,6.52,6.75,6.47,6.56,23200,6.56
2002-05-15,6.35,6.70,6.20,6.65,38100,6.65
2002-05-14,5.99,6.64,5.85,6.60,67300,6.60
2002-05-13,6.68,6.69,6.14,6.33,11600,6.33
2002-05-10,6.06,6.65,5.83,6.65,88900,6.65
2002-05-09,6.25,6.45,6.00,6.04,11100,6.04
2002-05-08,6.06,6.50,5.40,6.24,94800,6.24
2002-05-07,6.30,6.60,6.01,6.17,36400,6.17
2002-05-06,6.88,6.90,6.30,6.56,53200,6.56
2002-05-03,6.69,7.01,6.62,6.99,89700,6.99
2002-05-02,6.14,6.67,6.14,6.67,64400,6.67
2002-05-01,5.88,6.27,5.78,6.27,37400,6.27
2002-04-30,5.80,6.20,5.79,6.00,88400,6.00
2002-04-29,6.05,6.25,5.78,6.10,76200,6.10
2002-04-26,6.26,6.50,5.77,6.25,225700,6.25
2002-04-25,6.85,6.85,6.36,6.52,88800,6.52
2002-04-24,6.80,7.07,6.49,6.73,76300,6.73
2002-04-23,6.77,6.95,6.17,6.90,134100,6.90
2002-04-22,7.55,7.56,6.74,6.85,272200,6.85
2002-04-19,8.00,8.15,7.53,7.61,110000,7.61
2002-04-18,8.50,8.80,7.80,8.02,152200,8.02
2002-04-17,8.54,8.84,8.30,8.38,96000,8.38
2002-04-16,7.84,8.50,7.84,8.25,147500,8.25
2002-04-15,7.94,7.95,7.50,7.78,89300,7.78
2002-04-12,8.02,8.07,7.46,7.80,152800,7.80
2002-04-11,7.81,8.02,7.71,8.00,205100,8.00
2002-04-10,7.24,7.75,7.20,7.70,145700,7.70
2002-04-09,7.09,7.25,7.09,7.25,78100,7.25
2002-04-08,7.11,7.25,6.93,7.15,137500,7.15
2002-04-05,6.80,7.09,6.80,6.96,130900,6.96
2002-04-04,6.60,6.80,6.37,6.80,244600,6.80
2002-04-03,6.50,6.60,6.33,6.59,90200,6.59
2002-04-02,6.65,6.65,6.20,6.40,101400,6.40
2002-04-01,6.98,7.02,6.26,6.65,147600,6.65
2002-03-28,6.26,6.98,6.26,6.92,161600,6.92
2002-03-27,6.13,6.55,6.08,6.41,73900,6.41
2002-03-26,6.61,6.62,6.00,6.06,246500,6.06
2002-03-25,5.78,7.28,5.78,6.68,756600,6.68
2002-03-22,5.99,6.04,5.60,5.82,84700,5.82
2002-03-21,6.00,6.00,5.21,5.82,204600,5.82
2002-03-20,5.26,6.00,5.26,5.94,392300,5.94
2002-03-19,4.99,5.43,4.75,5.24,241000,5.24
2002-03-18,4.78,4.93,4.70,4.85,156600,4.85
2002-03-15,4.63,4.69,4.35,4.62,92500,4.62
2002-03-14,4.77,4.78,4.53,4.63,136000,4.63
2002-03-13,4.27,4.63,4.23,4.49,167300,4.49
2002-03-12,4.27,4.28,4.06,4.23,123100,4.23
2002-03-11,3.88,4.40,3.88,4.27,420200,4.27
2002-03-08,3.51,4.02,3.51,3.88,107700,3.88
2002-03-07,3.41,3.70,3.40,3.40,20500,3.40
2002-03-06,3.34,3.63,3.33,3.60,18100,3.60
2002-03-05,3.19,3.60,3.19,3.56,41500,3.56
2002-03-04,3.08,3.20,3.08,3.20,24500,3.20
2002-03-01,3.12,3.27,3.03,3.10,6000,3.10
2002-02-28,3.40,3.40,3.00,3.00,55100,3.00
2002-02-27,3.45,3.46,3.35,3.41,6800,3.41
2002-02-26,3.35,3.50,3.27,3.40,5800,3.40
2002-02-25,3.49,3.49,3.30,3.39,4400,3.39
2002-02-22,3.32,3.55,3.30,3.50,19900,3.50
2002-02-21,3.40,3.40,3.15,3.28,24500,3.28
2002-02-20,3.48,3.48,3.33,3.40,28600,3.40
2002-02-19,3.60,3.65,3.44,3.52,61700,3.52
2002-02-15,3.75,3.85,3.70,3.74,10900,3.74
2002-02-14,3.82,3.87,3.68,3.72,21300,3.72
2002-02-13,3.80,3.92,3.70,3.81,22800,3.81
2002-02-12,3.70,3.92,3.70,3.76,42400,3.76
2002-02-11,3.31,4.04,3.30,3.90,133900,3.90
2002-02-08,3.30,3.42,3.21,3.42,21800,3.42
2002-02-07,3.11,3.31,2.90,3.31,39400,3.31
2002-02-06,3.40,3.48,2.92,3.25,49300,3.25
2002-02-05,3.57,3.63,3.33,3.57,23000,3.57
2002-02-04,3.90,3.94,3.55,3.56,37500,3.56
2002-02-01,3.92,4.01,3.70,3.90,64100,3.90
2002-01-31,3.56,3.91,3.56,3.83,78400,3.83
2002-01-30,3.29,3.65,3.19,3.65,66600,3.65
2002-01-29,3.58,3.63,3.25,3.37,50100,3.37
2002-01-28,2.96,3.60,2.96,3.58,80600,3.58
2002-01-25,2.85,3.00,2.60,2.97,160500,2.97
2002-01-24,3.01,3.19,2.85,2.90,92300,2.90
2002-01-23,3.35,3.35,3.00,3.03,83800,3.03
2002-01-22,3.65,3.65,3.15,3.35,63800,3.35
2002-01-18,3.60,3.85,3.51,3.65,148600,3.65
2002-01-17,3.15,3.63,3.09,3.50,68400,3.50
2002-01-16,3.05,3.30,3.01,3.18,151800,3.18
2002-01-15,3.19,3.29,2.76,3.29,165000,3.29
2002-01-14,3.46,3.62,3.15,3.16,185600,3.16
2002-01-11,4.03,4.03,3.25,3.50,237300,3.50
2002-01-10,4.24,4.37,3.90,4.00,137900,4.00
2002-01-09,4.00,4.10,3.55,4.10,201500,4.10
2002-01-08,3.16,4.12,3.13,3.89,327700,3.89
2002-01-07,3.00,3.24,2.91,3.15,154900,3.15
2002-01-04,2.76,3.13,2.76,3.02,111600,3.02
2002-01-03,3.18,3.18,2.81,2.83,164600,2.83
2002-01-02,2.29,3.25,2.03,3.01,320300,3.01
2001-12-31,2.18,2.39,2.00,2.30,147000,2.30
2001-12-28,1.81,2.19,1.81,2.08,36300,2.08
2001-12-27,1.75,2.01,1.75,1.87,51000,1.87
2001-12-26,1.66,1.73,1.66,1.73,13000,1.73
2001-12-24,1.75,1.76,1.64,1.64,4000,1.64
2001-12-21,1.64,1.91,1.64,1.79,35400,1.79
2001-12-20,1.67,1.76,1.65,1.72,29800,1.72
2001-12-19,1.43,1.86,1.40,1.77,156000,1.77
2001-12-18,1.41,1.41,1.32,1.40,16000,1.40
2001-12-17,1.31,1.42,1.31,1.36,26600,1.36
2001-12-14,1.31,1.49,1.31,1.31,1400,1.31
2001-12-13,1.25,1.46,1.25,1.46,13800,1.46
2001-12-12,1.26,1.26,1.21,1.25,6800,1.25
2001-12-11,1.29,1.32,1.26,1.26,3200,1.26
2001-12-10,1.25,1.28,1.21,1.25,6400,1.25
2001-12-07,1.27,1.27,1.20,1.25,6800,1.25
2001-12-06,1.27,1.27,1.13,1.25,18700,1.25
2001-12-05,1.35,1.35,1.20,1.23,13500,1.23
2001-12-04,1.39,1.39,1.33,1.35,1100,1.35
2001-12-03,1.46,1.50,1.35,1.36,14500,1.36
2001-11-30,1.15,1.55,1.15,1.55,75400,1.55
2001-11-29,1.15,1.18,1.03,1.14,343100,1.14
2001-11-28,1.28,1.28,1.11,1.15,8900,1.15
2001-11-27,1.24,1.27,1.23,1.27,2800,1.27
2001-11-26,1.26,1.30,1.25,1.28,8500,1.28
2001-11-23,1.29,1.29,1.29,1.29,000,1.29
2001-11-21,1.26,1.29,1.20,1.29,6200,1.29
2001-11-20,1.31,1.31,1.26,1.29,9300,1.29
2001-11-19,1.31,1.32,1.26,1.30,26300,1.30
2001-11-16,1.31,1.34,1.31,1.32,21600,1.32
2001-11-15,1.39,1.39,1.31,1.33,10400,1.33
2001-11-14,1.34,1.43,1.34,1.43,9500,1.43
2001-11-13,1.45,1.48,1.37,1.37,8500,1.37
2001-11-12,1.52,1.52,1.49,1.49,1800,1.49
2001-11-09,1.55,1.55,1.47,1.51,6700,1.51
2001-11-08,1.48,1.60,1.45,1.54,12100,1.54
2001-11-07,1.51,1.60,1.48,1.60,11000,1.60
2001-11-06,1.50,1.50,1.45,1.50,5200,1.50
2001-11-05,1.55,1.55,1.48,1.53,3700,1.53
2001-11-02,1.49,1.55,1.49,1.53,15900,1.53
2001-11-01,1.48,1.48,1.45,1.46,2100,1.46
2001-10-31,1.54,1.65,1.42,1.42,19100,1.42
2001-10-30,1.50,1.53,1.47,1.52,15700,1.52
2001-10-29,1.48,1.51,1.48,1.51,4700,1.51
2001-10-26,1.37,1.60,1.37,1.60,31700,1.60
2001-10-25,1.30,1.30,1.30,1.30,1800,1.30
2001-10-24,1.24,1.31,1.21,1.31,9700,1.31
2001-10-23,1.26,1.33,1.26,1.33,2900,1.33
2001-10-22,1.25,1.36,1.23,1.34,4300,1.34
2001-10-19,1.34,1.36,1.33,1.36,2900,1.36
2001-10-18,1.50,1.54,1.35,1.43,15700,1.43
2001-10-17,1.30,1.51,1.25,1.49,36900,1.49
2001-10-16,1.24,1.39,1.24,1.39,15900,1.39
2001-10-15,1.15,1.15,1.11,1.11,900,1.11
2001-10-12,0.99,1.32,0.99,1.24,56300,1.24
2001-10-11,0.98,1.01,0.98,1.01,2800,1.01
2001-10-10,0.98,0.98,0.95,0.98,1300,0.98
2001-10-09,0.93,0.99,0.93,0.95,15100,0.95
2001-10-08,0.94,0.94,0.94,0.94,4100,0.94
2001-10-05,0.90,0.94,0.90,0.94,4800,0.94
2001-10-04,0.90,1.00,0.90,0.93,4600,0.93
2001-10-03,0.91,1.01,0.91,0.98,6300,0.98
2001-10-02,0.88,0.91,0.88,0.91,3400,0.91
2001-10-01,0.84,0.87,0.83,0.87,2100,0.87
2001-09-28,0.89,0.89,0.85,0.85,5100,0.85
2001-09-27,0.89,0.94,0.85,0.94,7700,0.94
2001-09-26,0.93,0.98,0.92,0.98,14900,0.98
2001-09-25,0.85,0.88,0.85,0.86,2700,0.86
2001-09-24,0.82,0.91,0.82,0.87,24200,0.87
2001-09-21,0.85,0.88,0.84,0.88,38600,0.88
2001-09-20,0.90,0.91,0.86,0.88,33600,0.88
2001-09-19,0.90,0.90,0.86,0.86,9500,0.86
2001-09-18,0.87,0.91,0.87,0.90,9900,0.90
2001-09-17,0.85,0.90,0.80,0.90,17700,0.90
2001-09-10,0.81,0.92,0.81,0.88,11500,0.88
2001-09-07,0.88,0.95,0.82,0.88,22300,0.88
2001-09-06,0.92,0.92,0.86,0.86,45300,0.86
2001-09-05,0.97,0.97,0.95,0.95,9100,0.95
2001-09-04,0.99,1.01,0.97,0.97,45700,0.97
2001-08-31,1.02,1.04,1.00,1.00,35900,1.00
2001-08-30,1.05,1.05,1.00,1.00,17500,1.00
2001-08-29,1.04,1.04,1.03,1.03,15000,1.03
2001-08-28,1.01,1.04,1.00,1.02,19900,1.02
2001-08-27,1.02,1.03,1.00,1.03,21100,1.03
2001-08-24,1.01,1.03,1.01,1.03,2800,1.03
2001-08-23,1.01,1.03,1.01,1.01,8500,1.01
2001-08-22,1.01,1.08,1.01,1.03,24200,1.03
2001-08-21,1.05,1.05,1.02,1.03,9000,1.03
2001-08-20,1.05,1.13,1.03,1.04,24200,1.04
2001-08-17,1.05,1.05,1.05,1.05,100,1.05
2001-08-16,1.13,1.13,1.13,1.13,100,1.13
2001-08-15,1.05,1.05,1.05,1.05,100,1.05
2001-08-14,1.11,1.11,1.10,1.10,5900,1.10
2001-08-13,1.12,1.12,1.11,1.11,3100,1.11
2001-08-10,1.12,1.12,1.05,1.10,10900,1.10
2001-08-09,1.22,1.22,1.13,1.19,6500,1.19
2001-08-08,1.22,1.22,1.22,1.22,2000,1.22
2001-08-07,1.22,1.22,1.22,1.22,200,1.22
2001-08-06,1.21,1.21,1.20,1.21,2000,1.21
2001-08-03,1.20,1.20,1.20,1.20,1500,1.20
2001-08-02,1.18,1.18,1.18,1.18,600,1.18
2001-08-01,1.31,1.31,1.25,1.28,6400,1.28
2001-07-31,1.35,1.35,1.30,1.30,1500,1.30
2001-07-30,1.41,1.41,1.30,1.30,5800,1.30
2001-07-27,1.28,1.31,1.28,1.31,6400,1.31
2001-07-26,1.30,1.30,1.30,1.30,2000,1.30
2001-07-25,1.28,1.28,1.28,1.28,400,1.28
2001-07-24,1.30,1.31,1.30,1.31,3600,1.31
2001-07-23,1.30,1.30,1.30,1.30,1100,1.30
2001-07-20,1.28,1.28,1.28,1.28,900,1.28
2001-07-19,1.28,1.28,1.28,1.28,900,1.28
2001-07-18,1.45,1.45,1.35,1.35,10400,1.35
2001-07-17,1.40,1.45,1.40,1.45,3500,1.45
2001-07-16,1.50,1.60,1.41,1.42,8700,1.42
2001-07-13,1.40,1.57,1.40,1.47,15200,1.47
2001-07-12,1.36,1.40,1.36,1.40,3700,1.40
2001-07-11,1.32,1.47,1.31,1.40,5100,1.40
2001-07-10,1.47,1.47,1.34,1.34,900,1.34
2001-07-09,1.42,1.45,1.40,1.40,25800,1.40
2001-07-06,1.40,1.47,1.40,1.47,3000,1.47
2001-07-05,1.49,1.50,1.32,1.45,36000,1.45
2001-07-03,1.50,1.53,1.39,1.39,9000,1.39
2001-07-02,1.40,1.50,1.33,1.38,49300,1.38
2001-06-29,1.31,1.31,1.31,1.31,1500,1.31
2001-06-28,1.38,1.50,1.33,1.50,10500,1.50
2001-06-27,1.25,1.40,1.25,1.32,23700,1.32
2001-06-26,1.25,1.25,1.25,1.25,5400,1.25
2001-06-25,1.27,1.33,1.25,1.25,13100,1.25
2001-06-22,1.26,1.34,1.25,1.33,3600,1.33
2001-06-21,1.34,1.34,1.30,1.30,8800,1.30
2001-06-20,1.27,1.38,1.27,1.38,4100,1.38
2001-06-19,1.40,1.40,1.21,1.22,21000,1.22
2001-06-18,1.40,1.49,1.40,1.49,1500,1.49
2001-06-15,1.50,1.51,1.39,1.39,12000,1.39
2001-06-14,1.53,1.53,1.43,1.43,13200,1.43
2001-06-13,1.66,1.72,1.46,1.46,29900,1.46
2001-06-12,1.75,1.75,1.66,1.66,5900,1.66
2001-06-11,1.73,1.75,1.63,1.75,13200,1.75
2001-06-08,1.47,1.75,1.47,1.61,19900,1.61
2001-06-07,1.58,1.60,1.30,1.42,40200,1.42
2001-06-06,1.61,1.68,1.52,1.52,14400,1.52
2001-06-05,1.88,1.96,1.62,1.67,92900,1.67
2001-06-04,1.58,1.95,1.55,1.84,60800,1.84
2001-06-01,1.49,1.59,1.30,1.59,29200,1.59
2001-05-31,1.31,1.49,1.21,1.40,46400,1.40
2001-05-30,1.30,1.35,1.22,1.22,32600,1.22
2001-05-29,1.33,1.33,1.26,1.28,25100,1.28
2001-05-25,1.24,1.30,1.19,1.21,6400,1.21
2001-05-24,1.22,1.30,1.20,1.20,8300,1.20
2001-05-23,1.18,1.21,1.18,1.20,6900,1.20
2001-05-22,1.10,1.18,1.10,1.18,6600,1.18
2001-05-21,1.10,1.15,1.10,1.10,6500,1.10
2001-05-18,1.09,1.10,1.09,1.09,2400,1.09
2001-05-17,1.15,1.17,1.07,1.15,11200,1.15
2001-05-16,1.16,1.17,1.15,1.17,1800,1.17
2001-05-15,1.08,1.19,1.04,1.19,64200,1.19
2001-05-14,1.03,1.05,1.03,1.05,8100,1.05
2001-05-11,1.06,1.07,1.02,1.03,9500,1.03
2001-05-10,1.17,1.17,1.05,1.07,24800,1.07
2001-05-09,1.14,1.14,1.14,1.14,500,1.14
2001-05-08,1.15,1.17,1.14,1.14,1300,1.14
2001-05-07,1.16,1.17,1.12,1.17,10900,1.17
2001-05-04,1.12,1.18,1.11,1.18,7100,1.18
2001-05-03,1.13,1.13,1.12,1.12,21700,1.12
2001-05-02,1.12,1.18,1.12,1.12,800,1.12
2001-05-01,1.14,1.18,1.11,1.12,4900,1.12
2001-04-30,1.18,1.18,1.10,1.18,8300,1.18
2001-04-27,1.09,1.15,1.07,1.15,7200,1.15
2001-04-26,1.05,1.11,1.04,1.04,11600,1.04
2001-04-25,1.10,1.10,1.03,1.03,6300,1.03
2001-04-24,1.01,1.01,1.01,1.01,1700,1.01
2001-04-23,1.03,1.03,1.03,1.03,000,1.03
2001-04-20,1.07,1.07,1.01,1.03,13300,1.03
2001-04-19,1.03,1.07,1.01,1.07,10400,1.07
2001-04-18,1.08,1.08,1.01,1.01,8100,1.01
2001-04-17,1.09,1.10,1.05,1.05,1500,1.05
2001-04-16,1.08,1.10,1.08,1.10,7100,1.10
2001-04-12,1.07,1.10,1.03,1.03,13800,1.03
2001-04-11,1.00,1.03,0.97,1.03,5700,1.03
2001-04-10,0.92,0.98,0.91,0.97,6500,0.97
2001-04-09,0.94,0.99,0.90,0.91,6800,0.91
2001-04-06,0.875,0.90625,0.875,0.90625,1600,0.90625
2001-04-05,0.8125,0.90625,0.75,0.84375,8700,0.84375
2001-04-04,1.00,1.00,0.75,0.8125,40300,0.8125
2001-04-03,0.90625,1.00,0.90625,0.90625,3000,0.90625
2001-04-02,0.98438,1.00,0.90625,0.90625,7500,0.90625
2001-03-30,0.96875,1.0625,0.96875,0.96875,17000,0.96875
2001-03-29,1.03125,1.09375,0.84375,1.00,83500,1.00
2001-03-28,1.03125,1.03125,1.00,1.00,5400,1.00
2001-03-27,1.03125,1.03125,1.03125,1.03125,10100,1.03125
2001-03-26,1.0625,1.09375,1.03125,1.03125,3500,1.03125
2001-03-23,1.00,1.0625,1.00,1.00,5700,1.00
2001-03-22,1.01562,1.03125,1.00,1.03125,6000,1.03125
2001-03-21,1.03125,1.0625,1.03125,1.03125,7500,1.03125
2001-03-20,1.00,1.0625,0.98438,1.03125,15800,1.03125
2001-03-19,1.07812,1.07812,1.00,1.03125,15900,1.03125
2001-03-16,1.14062,1.15625,1.03125,1.03125,4500,1.03125
2001-03-15,1.03125,1.0625,0.96875,1.03125,17700,1.03125
2001-03-14,1.01562,1.0625,1.00,1.0625,10100,1.0625
2001-03-13,1.01562,1.0625,0.96875,1.0625,52800,1.0625
2001-03-12,1.00,1.03125,0.96875,0.96875,25800,0.96875
2001-03-09,1.03125,1.0625,1.00,1.03125,24200,1.03125
2001-03-08,1.0625,1.0625,1.00,1.03125,17600,1.03125
2001-03-07,0.96875,1.09375,0.96875,0.96875,14000,0.96875
2001-03-06,1.01562,1.0625,0.9375,0.96875,6700,0.96875
2001-03-05,1.0625,1.1875,1.03125,1.03125,31000,1.03125
2001-03-02,0.9375,1.21875,0.9375,1.0625,11500,1.0625
2001-03-01,0.9375,1.00,0.9375,1.00,8500,1.00
2001-02-28,0.9375,1.00,0.9375,1.00,10200,1.00
2001-02-27,0.96875,1.00,0.96875,0.96875,12700,0.96875
2001-02-26,0.875,0.96875,0.875,0.96875,14500,0.96875
2001-02-23,0.96875,1.0625,0.875,0.90625,17400,0.90625
2001-02-22,1.00,1.00,0.9375,0.96875,12000,0.96875
2001-02-21,1.0625,1.0625,0.9375,0.96875,15500,0.96875
2001-02-20,1.01562,1.1875,0.96875,1.00,38100,1.00
2001-02-16,1.00,1.00,1.00,1.00,000,1.00
2001-02-15,0.9375,1.00,0.9375,1.00,4700,1.00
2001-02-14,1.01562,1.01562,0.9375,0.9375,30300,0.9375
2001-02-13,1.00,1.03125,0.9375,0.9375,24400,0.9375
2001-02-12,1.15625,1.15625,1.00,1.00,35900,1.00
2001-02-09,1.21875,1.3125,1.03125,1.1875,33900,1.1875
2001-02-08,1.03125,1.1875,1.00,1.125,80200,1.125
2001-02-07,1.09375,1.125,0.84375,1.0625,38400,1.0625
2001-02-06,1.28125,1.3125,1.03125,1.09375,71100,1.09375
2001-02-05,1.34375,1.40625,1.28125,1.28125,109100,1.28125
2001-02-02,1.375,1.50,1.25,1.3125,80000,1.3125
2001-02-01,1.50,1.50,1.34375,1.34375,18800,1.34375
2001-01-31,1.375,1.46875,1.3125,1.40625,33200,1.40625
2001-01-30,1.53125,1.53125,1.3125,1.3125,15100,1.3125
2001-01-29,1.50,1.53125,1.46875,1.50,87200,1.50
2001-01-26,1.25,1.50,1.1875,1.375,151100,1.375
2001-01-25,1.21875,1.25,1.1875,1.25,3300,1.25
2001-01-24,1.15625,1.25,1.15625,1.1875,11900,1.1875
2001-01-23,1.1875,1.25,1.15625,1.1875,42000,1.1875
2001-01-22,1.09375,1.21875,1.09375,1.21875,42200,1.21875
2001-01-19,0.98438,1.0625,0.98438,1.0625,32500,1.0625
2001-01-18,0.90625,1.00,0.90625,0.96875,26500,0.96875
2001-01-17,0.89062,0.9375,0.875,0.9375,17900,0.9375
2001-01-16,0.90625,0.90625,0.875,0.875,2700,0.875
2001-01-12,0.90625,1.00,0.90625,0.9375,24300,0.9375
2001-01-11,1.03125,1.03125,0.9375,0.96875,46000,0.96875
2001-01-10,0.96875,1.00,0.96875,1.00,40000,1.00
2001-01-09,1.125,1.125,1.00,1.00,74400,1.00
2001-01-08,1.04688,1.25,1.04688,1.15625,33400,1.15625
2001-01-05,0.96875,1.25,0.96875,1.03125,84800,1.03125
2001-01-04,1.01562,1.01562,0.9375,0.96875,109500,0.96875
2001-01-03,0.8125,1.09375,0.8125,0.9375,37900,0.9375
2001-01-02,0.89062,0.89062,0.8125,0.875,2100,0.875
2000-12-29,0.78125,1.125,0.75,0.8125,201200,0.8125
2000-12-28,0.6875,0.84375,0.65625,0.78125,161600,0.78125
2000-12-27,0.6875,0.75,0.6875,0.6875,159000,0.6875
2000-12-26,0.71875,0.75,0.6875,0.6875,59100,0.6875
2000-12-22,0.8125,0.84375,0.75,0.75,107100,0.75
2000-12-21,0.8125,0.84375,0.78125,0.8125,75900,0.8125
2000-12-20,0.78125,0.8125,0.75,0.75,75500,0.75
2000-12-19,0.76562,0.8125,0.75,0.78125,27000,0.78125
2000-12-18,0.875,0.90625,0.6875,0.75,38200,0.75
2000-12-15,0.85938,0.85938,0.84375,0.84375,6900,0.84375
2000-12-14,0.875,0.90625,0.84375,0.84375,15800,0.84375
2000-12-13,0.875,0.9375,0.84375,0.875,9200,0.875
2000-12-12,0.8125,0.875,0.8125,0.875,36300,0.875
2000-12-11,0.85938,0.85938,0.8125,0.84375,10500,0.84375
2000-12-08,0.875,0.95312,0.875,0.875,30200,0.875
2000-12-07,0.90625,0.90625,0.90625,0.90625,5700,0.90625
2000-12-06,0.875,0.9375,0.84375,0.9375,38100,0.9375
2000-12-05,0.8125,0.9375,0.75,0.90625,32500,0.90625
2000-12-04,0.90625,1.00,0.84375,0.84375,21200,0.84375
2000-12-01,0.9375,1.0625,0.9375,1.00,28200,1.00
2000-11-30,0.875,0.875,0.84375,0.875,11300,0.875
2000-11-29,0.75,0.9375,0.75,0.875,41000,0.875
2000-11-28,1.04688,1.04688,0.78125,0.8125,33400,0.8125
2000-11-27,1.07812,1.1875,1.03125,1.03125,53500,1.03125
2000-11-24,1.0625,1.125,1.00,1.0625,9200,1.0625
2000-11-22,1.00,1.00,0.90625,1.00,17800,1.00
2000-11-21,0.84375,0.9375,0.84375,0.9375,35100,0.9375
2000-11-20,1.03125,1.03125,0.8125,0.8125,46300,0.8125
2000-11-17,1.09375,1.125,1.03125,1.03125,17300,1.03125
2000-11-16,1.09375,1.09375,1.0625,1.09375,4100,1.09375
2000-11-15,1.125,1.125,1.0625,1.125,52600,1.125
2000-11-14,1.125,1.15625,1.125,1.15625,11000,1.15625
2000-11-13,1.25,1.25,1.125,1.125,4800,1.125
2000-11-10,1.21875,1.25,1.21875,1.25,127600,1.25
2000-11-09,1.1875,1.25,1.15625,1.15625,19400,1.15625
2000-11-08,1.21875,1.28125,1.1875,1.25,25200,1.25
2000-11-07,1.375,1.375,1.125,1.25,105400,1.25
2000-11-06,1.25,1.3125,1.25,1.3125,1800,1.3125
2000-11-03,1.15625,1.25,1.15625,1.25,24200,1.25
2000-11-02,1.26562,1.26562,1.15625,1.15625,29900,1.15625
2000-11-01,1.3125,1.3125,1.28125,1.28125,8300,1.28125
2000-10-31,1.3125,1.40625,1.3125,1.3125,2700,1.3125
2000-10-30,1.3125,1.375,1.25,1.375,15200,1.375
2000-10-27,1.45312,1.46875,1.3125,1.3125,14900,1.3125
2000-10-26,1.4375,1.4375,1.34375,1.4375,8700,1.4375
2000-10-25,1.3125,1.4375,1.25,1.40625,12600,1.40625
2000-10-24,1.59375,1.59375,1.4375,1.4375,30000,1.4375
2000-10-23,1.4375,1.59375,1.3125,1.59375,43000,1.59375
2000-10-20,1.21875,1.375,1.21875,1.375,16700,1.375
2000-10-19,1.1875,1.25,1.1875,1.21875,8200,1.21875
2000-10-18,1.125,1.25,1.0625,1.1875,39400,1.1875
2000-10-17,1.1875,1.1875,1.09375,1.125,18000,1.125
2000-10-16,1.25,1.25,1.1875,1.1875,2500,1.1875
2000-10-13,1.20312,1.23438,1.15625,1.15625,7300,1.15625
2000-10-12,1.3125,1.3125,1.15625,1.21875,12300,1.21875
2000-10-11,1.3125,1.3125,1.28125,1.28125,7400,1.28125
2000-10-10,1.28125,1.28125,1.25,1.28125,7200,1.28125
2000-10-09,1.42188,1.4375,1.28125,1.28125,2400,1.28125
2000-10-06,1.3125,1.4375,1.26562,1.28125,14500,1.28125
2000-10-05,1.3125,1.3125,1.25,1.25,4900,1.25
2000-10-04,1.67188,1.67188,1.00,1.25,79100,1.25
2000-10-03,1.4375,1.625,1.4375,1.625,34800,1.625
2000-10-02,1.75,1.75,1.28125,1.50,35000,1.50
2000-09-29,1.50,1.875,1.50,1.65625,101500,1.65625
2000-09-28,1.375,1.96875,1.21875,1.71875,266800,1.71875
2000-09-27,1.25,1.25,1.25,1.25,10900,1.25
2000-09-26,1.3125,1.4375,1.3125,1.3125,1700,1.3125
2000-09-25,1.21875,1.25,1.21875,1.25,7000,1.25
2000-09-22,1.28125,1.28125,1.15625,1.25,21200,1.25
2000-09-21,1.28125,1.375,1.28125,1.3125,23100,1.3125
2000-09-20,1.28125,1.3125,1.28125,1.28125,1700,1.28125
2000-09-19,1.3125,1.40625,1.25,1.3125,29300,1.3125
2000-09-18,1.4375,1.4375,1.375,1.375,14900,1.375
2000-09-15,1.50,1.50,1.50,1.50,1200,1.50
2000-09-14,1.50,1.50,1.50,1.50,2000,1.50
2000-09-13,1.51562,1.51562,1.50,1.50,10700,1.50
2000-09-12,1.53125,1.54688,1.50,1.53125,7800,1.53125
2000-09-11,1.53125,1.5625,1.50,1.53125,9300,1.53125
2000-09-08,1.53125,1.5625,1.50,1.50,2600,1.50
2000-09-07,1.50,1.5625,1.4375,1.50,36000,1.50
2000-09-06,1.50,1.50,1.40625,1.40625,13900,1.40625
2000-09-05,1.50,1.50,1.40625,1.40625,9800,1.40625
2000-09-01,1.51562,1.51562,1.4375,1.4375,21600,1.4375
2000-08-31,1.53125,1.53125,1.50,1.50,1700,1.50
2000-08-30,1.53125,1.59375,1.50,1.53125,14400,1.53125
2000-08-29,1.53125,1.5625,1.50,1.5625,4100,1.5625
2000-08-28,1.50,1.59375,1.50,1.5625,46600,1.5625
2000-08-25,1.59375,1.59375,1.53125,1.59375,3700,1.59375
2000-08-24,1.54688,1.5625,1.50,1.50,6100,1.50
2000-08-23,1.50,1.5625,1.50,1.50,23800,1.50
2000-08-22,1.50,1.50,1.4375,1.4375,45700,1.4375
2000-08-21,1.23438,1.40625,1.1875,1.40625,14300,1.40625
2000-08-18,1.28125,1.28125,1.25,1.25,1600,1.25
2000-08-17,1.34375,1.34375,1.3125,1.3125,4800,1.3125
2000-08-16,1.34375,1.34375,1.34375,1.34375,3000,1.34375
2000-08-15,1.34375,1.34375,1.34375,1.34375,9500,1.34375
2000-08-14,1.32812,1.375,1.3125,1.34375,15800,1.34375
2000-08-11,1.375,1.50,1.3125,1.375,31500,1.375
2000-08-10,1.4375,1.4375,1.25,1.375,41100,1.375
2000-08-09,1.4375,1.4375,1.375,1.4375,19500,1.4375
2000-08-08,1.42188,1.4375,1.375,1.4375,23800,1.4375
2000-08-07,1.4375,1.50,1.375,1.40625,65300,1.40625
2000-08-04,1.375,1.4375,1.375,1.375,13500,1.375
2000-08-03,1.375,1.50,1.375,1.375,19600,1.375
2000-08-02,1.4375,1.4375,1.375,1.40625,13400,1.40625
2000-08-01,1.46875,1.50,1.25,1.50,53800,1.50
2000-07-31,1.46875,1.50,1.40625,1.40625,20400,1.40625
2000-07-28,1.59375,1.59375,1.40625,1.50,102600,1.50
2000-07-27,1.40625,1.50,1.28125,1.50,56400,1.50
2000-07-26,1.375,1.4375,1.375,1.40625,5700,1.40625
2000-07-25,1.50,1.50,1.375,1.40625,13100,1.40625
2000-07-24,1.50,1.5625,1.50,1.5625,8300,1.5625
2000-07-21,1.50,1.50,1.50,1.50,1600,1.50
2000-07-20,1.4375,1.5625,1.4375,1.50,11200,1.50
2000-07-19,1.51562,1.51562,1.4375,1.50,5700,1.50
2000-07-18,1.50,1.50,1.50,1.50,2200,1.50
2000-07-17,1.50,1.59375,1.50,1.59375,1100,1.59375
2000-07-14,1.57812,1.59375,1.5625,1.59375,9300,1.59375
2000-07-13,1.625,1.6875,1.5625,1.5625,7100,1.5625
2000-07-12,1.70312,1.71875,1.65625,1.65625,12300,1.65625
2000-07-11,1.71875,1.71875,1.6875,1.71875,7200,1.71875
2000-07-10,1.53125,1.71875,1.51562,1.625,4800,1.625
2000-07-07,1.50,1.6875,1.4375,1.6875,37000,1.6875
2000-07-06,1.50,1.50,1.4375,1.4375,600,1.4375
2000-07-05,1.60938,1.625,1.50,1.50,9600,1.50
2000-07-03,1.5625,1.5625,1.5625,1.5625,100,1.5625
2000-06-30,1.53125,1.53125,1.53125,1.53125,100,1.53125
2000-06-29,1.59375,1.59375,1.53125,1.53125,1000,1.53125
2000-06-28,1.53125,1.53125,1.53125,1.53125,4100,1.53125
2000-06-27,1.5625,1.5625,1.5625,1.5625,20800,1.5625
2000-06-26,1.57812,1.59375,1.5625,1.5625,13200,1.5625
2000-06-23,1.625,1.625,1.5625,1.5625,15600,1.5625
2000-06-22,1.6875,1.6875,1.59375,1.65625,11000,1.65625
2000-06-21,1.71875,1.96875,1.375,1.59375,58900,1.59375
2000-06-20,1.625,1.6875,1.625,1.625,2500,1.625
2000-06-19,1.6875,1.6875,1.625,1.6875,17600,1.6875
2000-06-16,1.64062,1.65625,1.625,1.625,10400,1.625
2000-06-15,1.60938,1.625,1.59375,1.625,22800,1.625
2000-06-14,1.65625,1.65625,1.59375,1.625,9200,1.625
2000-06-13,1.625,1.8125,1.59375,1.65625,43700,1.65625
2000-06-12,1.6875,1.6875,1.625,1.6875,20600,1.6875
2000-06-09,1.71875,1.71875,1.6875,1.6875,8100,1.6875
2000-06-08,1.70312,1.8125,1.65625,1.8125,37700,1.8125
2000-06-07,1.71875,1.71875,1.6875,1.6875,23300,1.6875
2000-06-06,1.65625,1.6875,1.65625,1.6875,4700,1.6875
2000-06-05,1.71875,1.75,1.65625,1.65625,6900,1.65625
2000-06-02,1.6875,1.78125,1.6875,1.75,7000,1.75
2000-06-01,1.73438,1.73438,1.6875,1.6875,5300,1.6875
2000-05-31,1.6875,1.75,1.6875,1.75,1800,1.75
2000-05-30,1.75,1.8125,1.6875,1.75,37800,1.75
2000-05-26,1.73438,1.73438,1.65625,1.65625,52000,1.65625
2000-05-25,1.65625,1.71875,1.65625,1.71875,5300,1.71875
2000-05-24,1.65625,1.6875,1.625,1.625,1600,1.625
2000-05-23,1.75,1.75,1.65625,1.65625,15800,1.65625
2000-05-22,1.78125,1.875,1.6875,1.75,27800,1.75
2000-05-19,1.9375,1.9375,1.75,1.75,21000,1.75
2000-05-18,2.00,2.03125,1.75,1.9375,32800,1.9375
2000-05-17,1.71875,1.78125,1.71875,1.71875,2900,1.71875
2000-05-16,1.71875,1.84375,1.6875,1.71875,6300,1.71875
2000-05-15,1.65625,2.00,1.65625,1.6875,4200,1.6875
2000-05-12,1.85938,1.875,1.75,1.78125,23000,1.78125
2000-05-11,2.00,2.03125,1.96875,1.96875,21000,1.96875
2000-05-10,1.9375,2.00,1.75,2.00,94700,2.00
2000-05-09,1.875,1.9375,1.5625,1.75,117100,1.75
2000-05-08,1.53125,1.625,1.53125,1.5625,21500,1.5625
2000-05-05,1.50,1.5625,1.50,1.53125,10400,1.53125
2000-05-04,1.53125,1.53125,1.53125,1.53125,200,1.53125
2000-05-03,1.76562,1.76562,1.625,1.625,6500,1.625
2000-05-02,1.65625,1.8125,1.65625,1.71875,40300,1.71875
2000-05-01,1.75,1.875,1.625,1.65625,33400,1.65625
2000-04-28,1.48438,1.59375,1.46875,1.59375,43400,1.59375
2000-04-27,1.5625,1.5625,1.50,1.5625,43200,1.5625
2000-04-26,1.375,1.625,1.375,1.40625,57200,1.40625
2000-04-25,1.4375,1.50,1.375,1.375,42400,1.375
2000-04-24,1.59375,1.59375,1.50,1.50,19900,1.50
2000-04-20,1.5625,1.625,1.53125,1.53125,38900,1.53125
2000-04-19,1.5625,1.625,1.5625,1.5625,5700,1.5625
2000-04-18,1.64062,1.6875,1.50,1.5625,14300,1.5625
2000-04-17,1.625,1.75,1.25,1.50,31800,1.50
2000-04-14,1.50,1.50,1.125,1.25,36300,1.25
2000-04-13,1.5625,1.59375,1.50,1.50,21800,1.50
2000-04-12,1.71875,1.71875,1.53125,1.53125,19200,1.53125
2000-04-11,1.73438,1.73438,1.625,1.65625,41900,1.65625
2000-04-10,1.76562,1.78125,1.71875,1.71875,14200,1.71875
2000-04-07,1.79688,1.8125,1.65625,1.71875,19000,1.71875
2000-04-06,1.54688,1.75,1.54688,1.6875,43300,1.6875
2000-04-05,1.625,1.625,1.50,1.625,25300,1.625
2000-04-04,1.625,1.65625,1.5625,1.5625,43700,1.5625
2000-04-03,1.65625,1.71875,1.625,1.625,22000,1.625
2000-03-31,1.8125,1.8125,1.6875,1.71875,30800,1.71875
2000-03-30,1.75,1.84375,1.75,1.8125,14100,1.8125
2000-03-29,1.85938,1.90625,1.75,1.75,21700,1.75
2000-03-28,1.90625,1.90625,1.8125,1.84375,57100,1.84375
2000-03-27,1.89062,1.90625,1.875,1.875,14700,1.875
2000-03-24,1.89062,1.90625,1.875,1.875,43000,1.875
2000-03-23,1.8125,1.90625,1.75,1.875,35400,1.875
2000-03-22,1.90625,1.9375,1.875,1.875,19200,1.875
2000-03-21,2.0625,2.07812,1.875,1.875,29900,1.875
2000-03-20,2.10938,2.125,2.00,2.03125,14800,2.03125
2000-03-17,2.09375,2.1875,2.0625,2.09375,207100,2.09375
2000-03-16,2.09375,2.1875,2.00,2.09375,63300,2.09375
2000-03-15,2.375,2.40625,2.03125,2.03125,90200,2.03125
2000-03-14,2.875,2.9375,2.00,2.21875,376100,2.21875
2000-03-13,2.01562,3.25,1.875,3.00,409400,3.00
2000-03-10,2.00,2.0625,1.90625,2.00,30400,2.00
2000-03-09,2.17188,2.17188,2.00,2.00,72400,2.00
2000-03-08,1.98438,2.25,1.875,2.03125,181700,2.03125
2000-03-07,1.79688,1.96875,1.75,1.875,84900,1.875
2000-03-06,1.67188,1.875,1.625,1.75,87200,1.75
2000-03-03,1.8125,1.8125,1.625,1.625,87300,1.625
2000-03-02,1.6875,1.75,1.625,1.625,13800,1.625
2000-03-01,1.5625,1.75,1.5625,1.75,33400,1.75
2000-02-29,1.6875,1.71875,1.5625,1.625,41800,1.625
2000-02-28,1.71875,1.75,1.625,1.6875,29600,1.6875
2000-02-25,1.70312,1.75,1.6875,1.71875,72600,1.71875
2000-02-24,1.71875,1.78125,1.6875,1.6875,30400,1.6875
2000-02-23,1.71875,1.8125,1.6875,1.75,67700,1.75
2000-02-22,1.71875,1.84375,1.625,1.75,123700,1.75
2000-02-18,1.96875,1.96875,1.50,1.71875,146900,1.71875
2000-02-17,1.89062,1.96875,1.8125,1.90625,23700,1.90625
2000-02-16,2.125,2.125,1.8125,1.875,56100,1.875
2000-02-15,2.0625,2.125,2.00,2.0625,53700,2.0625
2000-02-14,2.09375,2.125,2.0625,2.0625,22300,2.0625
2000-02-11,2.09375,2.125,2.0625,2.09375,14300,2.09375
2000-02-10,2.0625,2.15625,2.03125,2.0625,8000,2.0625
2000-02-09,2.15625,2.1875,2.0625,2.0625,13300,2.0625
2000-02-08,2.20312,2.20312,2.125,2.1875,15000,2.1875
2000-02-07,2.125,2.25,2.125,2.15625,76400,2.15625
2000-02-04,2.0625,2.15625,2.0625,2.09375,20200,2.09375
2000-02-03,1.96875,2.1875,1.96875,2.0625,73300,2.0625
2000-02-02,1.9375,2.00,1.90625,1.96875,14300,1.96875
2000-02-01,1.9375,1.96875,1.84375,1.9375,12300,1.9375
2000-01-31,1.9375,1.9375,1.8125,1.8125,25500,1.8125
2000-01-28,2.00,2.03125,1.875,1.9375,36800,1.9375
2000-01-27,1.875,2.0625,1.84375,1.9375,43900,1.9375
2000-01-26,1.8125,1.9375,1.8125,1.84375,24400,1.84375
2000-01-25,2.0625,2.0625,1.8125,1.8125,41100,1.8125
2000-01-24,2.03125,2.0625,1.9375,1.9375,53800,1.9375
2000-01-21,2.1875,2.25,2.00,2.00,25900,2.00
2000-01-20,2.25,2.25,2.125,2.1875,22700,2.1875
2000-01-19,2.39062,2.4375,2.125,2.25,44500,2.25
2000-01-18,2.03125,2.46875,2.00,2.34375,226700,2.34375
2000-01-14,2.09375,2.21875,2.03125,2.0625,48700,2.0625
2000-01-13,2.00,2.125,1.9375,2.03125,62400,2.03125
2000-01-12,1.875,1.9375,1.84375,1.9375,43800,1.9375
2000-01-11,1.75,1.875,1.75,1.8125,53500,1.8125
2000-01-10,1.625,1.9375,1.625,1.90625,179000,1.90625
2000-01-07,1.65625,1.65625,1.59375,1.625,27300,1.625
2000-01-06,1.6875,1.71875,1.5625,1.59375,27800,1.59375
2000-01-05,1.6875,1.75,1.625,1.65625,66800,1.65625
2000-01-04,1.53125,1.625,1.53125,1.625,28800,1.625
2000-01-03,1.70312,1.70312,1.53125,1.53125,34800,1.53125
1999-12-31,1.59375,1.65625,1.5625,1.59375,93800,1.59375
1999-12-30,1.65625,1.71875,1.59375,1.59375,190700,1.59375
1999-12-29,1.70312,1.71875,1.65625,1.65625,191900,1.65625
1999-12-28,1.67188,1.84375,1.65625,1.6875,99900,1.6875
1999-12-27,1.82812,1.84375,1.625,1.65625,129200,1.65625
1999-12-23,1.57812,1.84375,1.5625,1.75,151100,1.75
1999-12-22,1.78125,1.875,1.5625,1.5625,142600,1.5625
1999-12-21,1.92188,1.96875,1.75,1.75,80800,1.75
1999-12-20,2.04688,2.04688,1.90625,1.9375,92100,1.9375
1999-12-17,2.03125,2.0625,2.03125,2.03125,37100,2.03125
1999-12-16,2.09375,2.125,2.00,2.03125,43800,2.03125
1999-12-15,2.125,2.1875,2.03125,2.09375,50500,2.09375
1999-12-14,2.29688,2.34375,2.09375,2.125,38600,2.125
1999-12-13,2.125,2.34375,2.00,2.34375,102000,2.34375
1999-12-10,2.0625,2.21875,2.03125,2.125,58600,2.125
1999-12-09,2.25,2.3125,2.125,2.125,65400,2.125
1999-12-08,2.26562,3.00,2.0625,2.1875,243800,2.1875
1999-12-07,1.96875,2.375,1.96875,2.25,150700,2.25
1999-12-06,1.90625,1.96875,1.875,1.96875,108000,1.96875
1999-12-03,1.95312,2.00,1.875,1.90625,75200,1.90625
1999-12-02,2.04688,2.09375,2.00,2.00,66800,2.00
1999-12-01,2.125,2.125,2.03125,2.03125,29100,2.03125
1999-11-30,2.1875,2.20312,1.875,2.09375,47700,2.09375
1999-11-29,2.25,2.3125,2.125,2.25,50100,2.25
1999-11-26,2.25,2.25,2.125,2.25,46900,2.25
1999-11-24,2.375,2.40625,2.00,2.1875,127800,2.1875
1999-11-23,2.5625,2.5625,2.50,2.50,36300,2.50
1999-11-22,2.6875,2.8125,2.53125,2.53125,37000,2.53125
1999-11-19,2.75,2.8125,2.65625,2.8125,68200,2.8125
1999-11-18,2.8125,2.84375,2.78125,2.8125,20000,2.8125
1999-11-17,2.82812,2.84375,2.6875,2.84375,37000,2.84375
1999-11-16,2.8125,2.84375,2.6875,2.8125,45800,2.8125
1999-11-15,2.875,2.90625,2.78125,2.8125,26300,2.8125
1999-11-12,2.8125,2.9375,2.6875,2.90625,9300,2.90625
1999-11-11,2.92188,2.96875,2.8125,2.875,18900,2.875
1999-11-10,2.8125,2.9375,2.625,2.84375,23700,2.84375
1999-11-09,2.9375,2.9375,2.625,2.75,16500,2.75
1999-11-08,2.8125,3.00,2.65625,2.6875,27600,2.6875
1999-11-05,2.625,3.00,2.625,3.00,75900,3.00
1999-11-04,2.3125,3.0625,2.125,2.5625,65800,2.5625
1999-11-03,2.59375,2.65625,2.28125,2.375,138700,2.375
1999-11-02,2.71875,2.75,2.50,2.625,87700,2.625
1999-11-01,2.96875,2.96875,2.53125,2.75,81500,2.75
1999-10-29,3.00,3.0625,2.875,2.96875,56600,2.96875
1999-10-28,3.03125,3.03125,2.9375,2.96875,29500,2.96875
1999-10-27,3.09375,3.09375,2.9375,3.00,26500,3.00
1999-10-26,3.03125,3.21875,2.875,3.15625,46400,3.15625
1999-10-25,3.21875,3.25,2.5625,3.0625,94900,3.0625
1999-10-22,3.28125,3.28125,3.25,3.25,2000,3.25
1999-10-21,3.21875,3.34375,3.21875,3.25,73100,3.25
1999-10-20,3.6875,3.6875,3.15625,3.34375,66800,3.34375
1999-10-19,3.64062,3.71875,3.28125,3.46875,89700,3.46875
1999-10-18,3.50,3.96875,3.25,3.59375,99600,3.59375
1999-10-15,2.8125,3.625,2.78125,3.40625,96900,3.40625
1999-10-14,2.95312,2.96875,2.78125,2.78125,9000,2.78125
1999-10-13,3.00,3.0625,2.875,2.9375,28600,2.9375
1999-10-12,2.75,3.00,2.75,3.00,67600,3.00
1999-10-11,2.71875,2.8125,2.65625,2.75,20600,2.75
1999-10-08,2.75,2.75,2.5625,2.75,36100,2.75
1999-10-07,2.96875,2.96875,2.50,2.8125,208000,2.8125
1999-10-06,2.90625,2.90625,2.8125,2.875,25200,2.875
1999-10-05,2.9375,3.0625,2.8125,2.8125,32300,2.8125
1999-10-04,2.96875,3.09375,2.96875,3.00,17800,3.00
1999-10-01,3.0625,3.125,2.9375,3.09375,51100,3.09375
1999-09-30,2.9375,3.28125,2.9375,3.125,32700,3.125
1999-09-29,3.01562,3.125,2.9375,3.0625,37900,3.0625
1999-09-28,3.09375,3.21875,2.90625,2.96875,63500,2.96875
1999-09-27,3.23438,3.3125,3.03125,3.09375,49900,3.09375
1999-09-24,3.25,3.34375,3.0625,3.09375,22500,3.09375
1999-09-23,3.5625,3.6875,3.25,3.25,38700,3.25
1999-09-22,3.50,3.625,3.25,3.50,107800,3.50
1999-09-21,4.15625,4.25,3.03125,3.1875,408800,3.1875
1999-09-20,4.375,4.375,4.15625,4.15625,13400,4.15625
1999-09-17,4.3125,4.50,4.3125,4.3125,7400,4.3125
1999-09-16,4.3125,4.375,4.3125,4.375,1500,4.375
1999-09-15,4.375,4.50,4.28125,4.375,17300,4.375
1999-09-14,4.50,4.625,4.3125,4.375,15700,4.375
1999-09-13,4.50,4.50,4.25,4.3125,31300,4.3125
1999-09-10,4.25,4.50,4.25,4.25,7800,4.25
1999-09-09,4.25,4.3125,4.125,4.25,23000,4.25
1999-09-08,4.6875,4.8125,4.25,4.3125,43900,4.3125
1999-09-07,4.96875,5.00,4.6875,4.6875,48900,4.6875
1999-09-03,4.875,5.00,4.71875,4.96875,24600,4.96875
1999-09-02,4.9375,5.00,4.875,4.90625,28200,4.90625
1999-09-01,4.71875,4.9375,4.50,4.90625,26600,4.90625
1999-08-31,4.5625,4.9375,4.5625,4.9375,28200,4.9375
1999-08-30,4.875,5.00,4.4375,4.75,44800,4.75
1999-08-27,4.4375,4.8125,4.4375,4.8125,27800,4.8125
1999-08-26,4.5625,4.875,4.42188,4.50,82700,4.50
1999-08-25,4.53125,4.625,4.53125,4.5625,13100,4.5625
1999-08-24,4.8125,4.8125,4.5625,4.75,57600,4.75
1999-08-23,4.95312,5.00,4.75,5.00,24800,5.00
1999-08-20,4.50,4.96875,4.50,4.96875,52200,4.96875
1999-08-19,4.9375,4.9375,4.50,4.53125,56100,4.53125
1999-08-18,4.875,4.9375,4.65625,4.90625,46200,4.90625
1999-08-17,4.6875,4.875,4.625,4.6875,33100,4.6875
1999-08-16,4.6875,4.875,4.6875,4.75,32800,4.75
1999-08-13,5.25,5.25,4.75,4.8125,20500,4.8125
1999-08-12,4.9375,5.03125,4.75,5.00,62000,5.00
1999-08-11,4.75,4.90625,4.75,4.875,29500,4.875
1999-08-10,4.875,4.9375,4.71875,4.71875,59300,4.71875
1999-08-09,4.6875,4.875,4.6875,4.875,44700,4.875
1999-08-06,4.6875,5.00,4.6875,4.875,33900,4.875
1999-08-05,5.0625,5.125,4.625,5.00,74200,5.00
1999-08-04,4.875,5.00,4.6875,5.00,17000,5.00
1999-08-03,5.00,5.00,4.6875,4.875,53800,4.875
1999-08-02,5.00,5.25,4.75,4.8125,13000,4.8125
1999-07-30,4.96875,5.25,4.6875,5.25,134900,5.25
1999-07-29,5.03125,5.25,4.625,4.9375,35100,4.9375
1999-07-28,4.71875,5.3125,4.4375,5.25,169800,5.25
1999-07-27,5.00,5.125,4.65625,4.75,49400,4.75
1999-07-26,5.1875,5.1875,4.96875,5.125,10700,5.125
1999-07-23,5.71875,5.71875,5.21875,5.21875,19100,5.21875
1999-07-22,5.75,5.75,5.5625,5.65625,16400,5.65625
1999-07-21,5.9375,5.9375,5.71875,5.8125,41800,5.8125
1999-07-20,5.9375,5.9375,5.46875,5.625,83500,5.625
1999-07-19,5.15625,5.90625,5.125,5.90625,124800,5.90625
1999-07-16,4.96875,5.21875,4.875,5.125,97500,5.125
1999-07-15,4.9375,4.96875,4.84375,4.96875,19300,4.96875
1999-07-14,4.90625,4.9375,4.84375,4.9375,29000,4.9375
1999-07-13,4.84375,4.9375,4.84375,4.875,16200,4.875
1999-07-12,4.9375,4.96875,4.875,4.875,4900,4.875
1999-07-09,4.78125,5.00,4.78125,5.00,78800,5.00
1999-07-08,4.875,4.875,4.78125,4.8125,32100,4.8125
1999-07-07,4.875,4.96875,4.875,4.9375,24700,4.9375
1999-07-06,4.90625,4.9375,4.875,4.90625,16100,4.90625
1999-07-02,4.875,5.00,4.875,5.00,28600,5.00
1999-07-01,4.875,4.9375,4.875,4.875,15400,4.875
1999-06-30,4.96875,4.96875,4.875,4.90625,20900,4.90625
1999-06-29,4.90625,4.9375,4.90625,4.90625,14200,4.90625
1999-06-28,4.875,4.9375,4.875,4.9375,19800,4.9375
1999-06-25,4.90625,5.00,4.90625,5.00,28900,5.00
1999-06-24,4.92188,4.9375,4.875,4.9375,13100,4.9375
1999-06-23,4.9375,4.95312,4.75,4.9375,68800,4.9375
1999-06-22,4.9375,5.00,4.9375,4.9375,57400,4.9375
1999-06-21,4.9375,4.96875,4.9375,4.96875,22400,4.96875
1999-06-18,4.875,5.00,4.875,5.00,30600,5.00
1999-06-17,4.9375,5.00,4.90625,4.90625,58500,4.90625
1999-06-16,4.875,5.00,4.78125,5.00,53000,5.00
1999-06-15,4.96875,4.96875,4.84375,4.90625,42000,4.90625
1999-06-14,4.84375,5.00,4.84375,5.00,59900,5.00
1999-06-11,4.84375,5.00,4.8125,4.96875,72200,4.96875
1999-06-10,4.9375,4.9375,4.84375,4.875,45800,4.875
1999-06-09,4.84375,5.00,4.84375,5.00,41200,5.00
1999-06-08,4.84375,4.9375,4.8125,4.90625,13000,4.90625
1999-06-07,4.90625,4.96875,4.875,4.875,19200,4.875
1999-06-04,4.90625,4.96875,4.875,4.96875,34000,4.96875
1999-06-03,4.875,4.9375,4.875,4.90625,167100,4.90625
1999-06-02,4.84375,4.9375,4.84375,4.9375,21200,4.9375
1999-06-01,4.8125,4.9375,4.8125,4.875,25300,4.875
1999-05-28,4.8125,5.00,4.8125,4.90625,91300,4.90625
1999-05-27,4.8125,4.875,4.75,4.8125,37800,4.8125
1999-05-26,4.875,5.00,4.75,4.96875,111800,4.96875
1999-05-25,4.875,4.96875,4.6875,4.90625,86600,4.90625
1999-05-24,4.875,4.96875,4.75,4.96875,70000,4.96875
1999-05-21,4.71875,5.00,4.71875,4.90625,14700,4.90625
1999-05-20,4.9375,5.00,4.75,5.00,65100,5.00
1999-05-19,4.96875,5.00,4.875,4.875,42400,4.875
1999-05-18,4.96875,5.0625,4.9375,4.96875,28200,4.96875
1999-05-17,5.00,5.125,4.9375,5.00,71100,5.00
1999-05-14,4.875,5.00,4.875,4.9375,152900,4.9375
1999-05-13,4.90625,4.96875,4.84375,4.90625,154300,4.90625
1999-05-12,4.96875,5.00,4.90625,4.9375,96800,4.9375
1999-05-11,5.00,5.03125,4.96875,4.96875,98000,4.96875
1999-05-10,5.03125,5.03125,4.90625,4.96875,91200,4.96875
1999-05-07,5.03125,5.0625,5.03125,5.03125,68900,5.03125
1999-05-06,5.03125,5.09375,5.03125,5.03125,22400,5.03125
1999-05-05,5.03125,5.09375,5.00,5.03125,142400,5.03125
1999-05-04,5.00,5.1875,5.00,5.09375,129500,5.09375
1999-05-03,5.125,5.125,5.00,5.125,130800,5.125
1999-04-30,5.0625,5.125,4.9375,5.125,405400,5.125
1999-04-29,5.03125,5.125,5.00,5.0625,177800,5.0625
1999-04-28,5.03125,5.09375,5.03125,5.0625,92100,5.0625
1999-04-27,5.0625,5.09375,5.03125,5.09375,138700,5.09375
1999-04-26,5.0625,5.09375,5.03125,5.09375,71500,5.09375
1999-04-23,5.0625,5.125,5.03125,5.0625,35000,5.0625
1999-04-22,5.0625,5.125,5.03125,5.0625,71600,5.0625
1999-04-21,5.15625,5.15625,4.96875,5.0625,64000,5.0625
1999-04-20,4.84375,5.1875,4.84375,5.1875,197500,5.1875
1999-04-19,5.03125,5.0625,4.875,4.875,123300,4.875
1999-04-16,5.0625,5.09375,5.03125,5.03125,84700,5.03125
1999-04-15,5.125,5.1875,5.0625,5.0625,57800,5.0625
1999-04-14,5.0625,5.25,5.03125,5.1875,346000,5.1875
1999-04-13,5.0625,5.15625,5.03125,5.0625,205200,5.0625
1999-04-12,5.0625,5.125,5.0625,5.125,96600,5.125
1999-04-09,5.125,5.15625,5.0625,5.0625,102300,5.0625
1999-04-08,5.09375,5.125,5.0625,5.125,50500,5.125
1999-04-07,5.15625,5.15625,5.0625,5.125,69100,5.125
1999-04-06,5.21875,5.25,5.125,5.15625,28500,5.15625
1999-04-05,5.09375,5.1875,5.09375,5.1875,207200,5.1875
1999-04-01,5.15625,5.15625,5.09375,5.125,32900,5.125
1999-03-31,5.125,5.15625,5.0625,5.125,75700,5.125
1999-03-30,5.09375,5.15625,5.09375,5.125,72400,5.125
1999-03-29,5.09375,5.15625,5.0625,5.125,47400,5.125
1999-03-26,5.0625,5.15625,5.0625,5.09375,104800,5.09375
1999-03-25,5.125,5.1875,5.0625,5.0625,41200,5.0625
1999-03-24,5.125,5.125,5.125,5.125,16400,5.125
1999-03-23,5.125,5.1875,5.0625,5.09375,49300,5.09375
1999-03-22,5.46875,5.46875,5.125,5.125,66000,5.125
1999-03-19,5.1875,5.50,5.125,5.4375,227000,5.4375
1999-03-18,5.0625,5.1875,5.0625,5.125,140100,5.125
1999-03-17,5.125,5.15625,5.09375,5.125,56000,5.125
1999-03-16,5.125,5.125,5.0625,5.125,107600,5.125
1999-03-15,5.1875,5.1875,5.0625,5.125,63500,5.125
1999-03-12,5.15625,5.1875,5.09375,5.1875,47200,5.1875
1999-03-11,5.09375,5.15625,5.09375,5.125,54600,5.125
1999-03-10,5.09375,5.15625,5.09375,5.125,17700,5.125
1999-03-09,5.125,5.1875,5.09375,5.125,52300,5.125
1999-03-08,5.15625,5.1875,5.0625,5.1875,110900,5.1875
1999-03-05,5.15625,5.1875,5.0625,5.0625,37700,5.0625
1999-03-04,5.125,5.21875,5.125,5.21875,53800,5.21875
1999-03-03,5.125,5.15625,5.0625,5.15625,108700,5.15625
1999-03-02,5.125,5.15625,5.0625,5.15625,89500,5.15625
1999-03-01,5.125,5.1875,5.125,5.1875,34500,5.1875
1999-02-26,5.125,5.25,5.0625,5.125,102600,5.125
1999-02-25,5.25,5.375,5.125,5.125,23700,5.125
1999-02-24,5.0625,5.3125,5.0625,5.1875,81200,5.1875
1999-02-23,5.125,5.28125,5.00,5.25,405200,5.25
1999-02-22,5.34375,5.50,4.9375,5.1875,178600,5.1875
1999-02-19,5.71875,5.75,5.1875,5.53125,230300,5.53125
1999-02-18,4.9375,5.625,4.9375,5.625,179300,5.625
1999-02-17,5.09375,5.25,5.00,5.09375,125800,5.09375
1999-02-16,5.25,5.34375,5.00,5.15625,58900,5.15625
1999-02-12,5.3125,5.4375,5.25,5.40625,41100,5.40625
1999-02-11,5.09375,5.46875,4.90625,5.4375,94100,5.4375
1999-02-10,5.25,5.28125,5.03125,5.09375,74100,5.09375
1999-02-09,5.375,5.4375,5.25,5.3125,37900,5.3125
1999-02-08,5.28125,5.46875,5.28125,5.40625,35600,5.40625
1999-02-05,5.125,5.34375,5.125,5.25,62800,5.25
1999-02-04,5.21875,5.25,5.125,5.125,78500,5.125
1999-02-03,5.125,5.25,5.0625,5.1875,69500,5.1875
1999-02-02,5.00,5.25,5.00,5.0625,245100,5.0625
1999-02-01,5.25,5.25,5.03125,5.03125,68200,5.03125
1999-01-29,5.3125,5.375,5.125,5.21875,105700,5.21875
1999-01-28,5.375,5.375,5.0625,5.28125,104400,5.28125
1999-01-27,5.6875,5.6875,5.34375,5.40625,95200,5.40625
1999-01-26,5.625,5.75,5.5625,5.625,32100,5.625
1999-01-25,5.6875,5.8125,5.5625,5.65625,33100,5.65625
1999-01-22,5.6875,5.8125,5.65625,5.8125,43600,5.8125
1999-01-21,5.8125,5.8125,5.71875,5.8125,17700,5.8125
1999-01-20,6.09375,6.09375,5.75,5.75,29900,5.75
1999-01-19,6.0625,6.25,5.90625,6.00,91400,6.00
1999-01-15,5.875,6.25,5.8125,6.00,80900,6.00
1999-01-14,5.65625,6.1875,5.5625,5.78125,170900,5.78125
1999-01-13,5.65625,5.8125,5.50,5.65625,42200,5.65625
1999-01-12,5.9375,5.9375,5.75,5.75,92700,5.75
1999-01-11,6.75,6.875,5.875,5.875,198200,5.875
1999-01-08,5.8125,6.3125,5.78125,5.9375,135800,5.9375
1999-01-07,5.875,5.9375,5.6875,5.875,200600,5.875
1999-01-06,6.03125,6.03125,5.75,5.8125,73600,5.8125
1999-01-05,5.71875,6.00,5.71875,6.00,109600,6.00
1999-01-04,5.5625,5.84375,5.53125,5.75,50300,5.75
1998-12-31,5.59375,5.625,5.50,5.53125,142800,5.53125
1998-12-30,5.625,5.71875,5.5625,5.59375,128400,5.59375
1998-12-29,5.625,5.71875,5.5625,5.625,120900,5.625
1998-12-28,5.75,5.8125,5.5625,5.625,133200,5.625
1998-12-24,5.75,5.875,5.75,5.8125,117600,5.8125
1998-12-23,5.96875,6.00,5.71875,5.75,82100,5.75
1998-12-22,6.0625,6.125,5.9375,5.96875,100200,5.96875
1998-12-21,6.28125,6.34375,6.0625,6.0625,48200,6.0625
1998-12-18,6.375,6.4375,6.25,6.28125,49100,6.28125
1998-12-17,6.4375,6.75,6.1875,6.34375,84000,6.34375
1998-12-16,6.375,6.875,6.00,6.50,208700,6.50
1998-12-15,6.625,6.625,6.375,6.375,63100,6.375
1998-12-14,6.78125,6.875,6.59375,6.59375,79500,6.59375
1998-12-11,7.00,7.09375,6.78125,6.84375,69000,6.84375
1998-12-10,7.00,7.00,6.84375,7.00,130400,7.00
1998-12-09,7.09375,7.125,7.00,7.03125,63200,7.03125
1998-12-08,7.375,7.4375,6.9375,7.09375,117400,7.09375
1998-12-07,6.84375,7.28125,6.75,7.21875,254300,7.21875
1998-12-04,6.78125,6.9375,6.6875,6.75,35600,6.75
1998-12-03,6.9375,7.00,6.6875,6.875,48100,6.875
1998-12-02,7.00,7.0625,6.8125,6.90625,64200,6.90625
1998-12-01,7.00,7.0625,6.8125,6.9375,90300,6.9375
1998-11-30,7.15625,7.15625,6.75,6.8125,44200,6.8125
1998-11-27,6.8125,7.21875,6.8125,7.15625,74800,7.15625
1998-11-25,7.0625,7.0625,6.78125,6.84375,49300,6.84375
1998-11-24,7.00,7.0625,6.96875,7.0625,63500,7.0625
1998-11-23,7.125,7.34375,7.00,7.00,83200,7.00
1998-11-20,7.09375,7.21875,7.0625,7.21875,74300,7.21875
1998-11-19,7.125,7.25,7.125,7.125,68600,7.125
1998-11-18,7.00,7.15625,7.00,7.0625,34200,7.0625
1998-11-17,7.03125,7.125,6.96875,7.0625,69800,7.0625
1998-11-16,6.9375,7.09375,6.9375,7.09375,54000,7.09375
1998-11-13,6.96875,7.03125,6.75,7.00,74400,7.00
1998-11-12,6.78125,6.96875,6.71875,6.96875,75800,6.96875
1998-11-11,6.96875,6.96875,6.65625,6.75,34600,6.75
1998-11-10,6.78125,6.96875,6.75,6.79688,41800,6.79688
1998-11-09,6.84375,6.84375,6.75,6.78125,30900,6.78125
1998-11-06,6.59375,6.875,6.50,6.8125,133800,6.8125
1998-11-05,6.50,6.71875,6.50,6.50,66200,6.50
1998-11-04,6.9375,6.9375,6.53125,6.53125,148500,6.53125
1998-11-03,6.9375,7.00,6.6875,6.8125,98600,6.8125
1998-11-02,6.9375,7.0625,6.90625,6.96875,74500,6.96875
1998-10-30,7.375,7.375,6.75,6.875,135900,6.875
1998-10-29,7.03125,7.375,6.9375,7.375,63100,7.375
1998-10-28,7.00,7.34375,6.90625,7.03125,74600,7.03125
1998-10-27,7.03125,7.09375,6.875,6.9375,58700,6.9375
1998-10-26,7.21875,7.21875,6.9375,6.96875,59100,6.96875
1998-10-23,6.96875,7.25,6.875,7.15625,73700,7.15625
1998-10-22,6.84375,7.0625,6.71875,6.875,56300,6.875
1998-10-21,7.00,7.00,6.625,6.875,89800,6.875
1998-10-20,7.125,7.125,7.00,7.00,20000,7.00
1998-10-19,7.09375,7.1875,7.09375,7.125,18100,7.125
1998-10-16,7.5625,7.75,7.00,7.09375,133200,7.09375
1998-10-15,6.375,7.4375,6.3125,7.25,256500,7.25
1998-10-14,5.375,6.4375,5.3125,6.34375,254100,6.34375
1998-10-13,5.5625,5.6875,4.9375,4.9375,135300,4.9375
1998-10-12,5.8125,5.875,5.50,5.5625,148100,5.5625
1998-10-09,5.75,5.8125,5.625,5.6875,157800,5.6875
1998-10-08,5.75,5.875,5.25,5.625,108700,5.625
1998-10-07,5.8125,5.875,5.75,5.78125,58200,5.78125
1998-10-06,6.0625,6.125,5.75,5.8125,123900,5.8125
1998-10-05,6.00,6.1875,5.9375,6.00,200500,6.00
1998-10-02,6.6875,6.71875,5.71875,5.9375,185800,5.9375
1998-10-01,7.15625,7.15625,6.625,6.6875,66000,6.6875
1998-09-30,7.25,7.3125,7.1875,7.25,8000,7.25
1998-09-29,7.6875,7.6875,7.25,7.25,34600,7.25
1998-09-28,7.71875,7.71875,7.50,7.50,12600,7.50
1998-09-25,7.625,7.625,7.375,7.625,40900,7.625
1998-09-24,7.5625,8.00,7.50,7.625,72500,7.625
1998-09-23,8.25,8.3125,8.00,8.00,36500,8.00
1998-09-22,8.00,8.1875,7.9375,8.1875,34600,8.1875
1998-09-21,7.8125,7.9375,7.75,7.90625,25700,7.90625
1998-09-18,8.00,8.00,7.9375,7.9375,18400,7.9375
1998-09-17,7.9375,8.0625,7.5625,8.00,37100,8.00
1998-09-16,8.1875,8.1875,8.0625,8.15625,63300,8.15625
1998-09-15,8.1875,8.1875,8.00,8.15625,24700,8.15625
1998-09-14,8.15625,8.25,7.75,8.00,159400,8.00
1998-09-11,8.125,8.25,8.00,8.1875,33900,8.1875
1998-09-10,8.125,8.125,7.75,8.0625,65600,8.0625
1998-09-09,8.46875,8.50,8.125,8.25,43000,8.25
1998-09-08,8.375,8.5625,8.3125,8.375,41500,8.375
1998-09-04,8.46875,8.46875,8.25,8.375,43400,8.375
1998-09-03,8.3125,8.40625,8.25,8.34375,34600,8.34375
1998-09-02,8.125,8.375,8.00,8.34375,61400,8.34375
1998-09-01,7.3125,8.00,7.3125,7.96875,168400,7.96875
1998-08-31,7.96875,8.125,7.1875,7.1875,79700,7.1875
1998-08-28,7.5625,7.8125,7.375,7.50,83000,7.50
1998-08-27,8.15625,8.15625,7.125,7.375,125200,7.375
1998-08-26,8.625,8.625,8.00,8.15625,28700,8.15625
1998-08-25,8.625,8.625,8.375,8.50,20100,8.50
1998-08-24,8.75,8.75,8.50,8.53125,11400,8.53125
1998-08-21,8.50,9.00,8.25,8.59375,86800,8.59375
1998-08-20,9.46875,9.46875,8.625,8.9375,112000,8.9375
1998-08-19,9.15625,9.75,9.125,9.3125,184100,9.3125
1998-08-18,8.6875,9.00,8.625,9.00,58000,9.00
1998-08-17,8.3125,8.75,8.3125,8.625,80400,8.625
1998-08-14,8.4375,8.50,8.3125,8.375,21800,8.375
1998-08-13,8.50,8.50,8.25,8.25,77900,8.25
1998-08-12,8.1875,8.5625,8.1875,8.375,103000,8.375
1998-08-11,7.75,8.0625,7.625,7.875,128300,7.875
1998-08-10,8.00,8.25,7.625,8.125,84500,8.125
1998-08-07,7.625,8.1875,7.50,7.96875,126400,7.96875
1998-08-06,7.4375,7.625,7.4375,7.50,40100,7.50
1998-08-05,7.0625,7.50,6.9375,7.4375,69700,7.4375
1998-08-04,7.4375,7.625,7.4375,7.50,77300,7.50
1998-08-03,7.0625,7.4375,7.00,7.375,146800,7.375
1998-07-31,8.50,8.5625,7.375,7.375,190700,7.375
1998-07-30,8.8125,8.9375,8.50,8.5625,89100,8.5625
1998-07-29,8.875,8.9375,8.75,8.8125,21900,8.8125
1998-07-28,8.875,9.03125,8.875,8.875,54700,8.875
1998-07-27,9.00,9.00,8.75,9.00,93900,9.00
1998-07-24,8.9375,9.0625,8.875,9.00,86700,9.00
1998-07-23,9.09375,9.125,8.8125,9.00,102000,9.00
1998-07-22,9.00,9.125,8.75,9.00,112500,9.00
1998-07-21,8.625,9.00,8.625,9.00,100500,9.00
1998-07-20,8.125,8.625,8.125,8.50,90000,8.50
1998-07-17,8.1875,8.3125,7.875,8.3125,133800,8.3125
1998-07-16,8.0625,8.375,7.50,8.00,503500,8.00
1998-07-15,6.875,7.5625,6.8125,7.50,114300,7.50
1998-07-14,7.5625,7.625,6.625,6.84375,135500,6.84375
1998-07-13,7.625,7.75,7.375,7.50,38400,7.50
1998-07-10,7.71875,7.96875,7.5625,7.625,17300,7.625
1998-07-09,8.00,8.00,7.75,7.75,39100,7.75
1998-07-08,8.00,8.25,7.9375,8.00,86000,8.00
1998-07-07,7.75,8.125,7.6875,7.9375,99000,7.9375
1998-07-06,7.8125,7.8125,7.50,7.625,53700,7.625
1998-07-02,7.8125,7.96875,7.6875,7.75,58500,7.75
1998-07-01,7.09375,8.0625,7.09375,7.875,118900,7.875
1998-06-30,6.6875,7.25,6.50,7.125,123400,7.125
1998-06-29,6.50,6.75,6.25,6.75,213700,6.75
1998-06-26,7.1875,7.375,6.75,6.875,305200,6.875
1998-06-25,7.5625,7.625,7.125,7.15625,93200,7.15625
1998-06-24,7.28125,8.125,7.00,7.50,581000,7.50
1998-06-23,9.00,9.09375,7.1875,7.50,416900,7.50
1998-06-22,8.90625,8.9375,8.5625,8.875,182300,8.875
1998-06-19,8.875,8.90625,8.8125,8.8125,19700,8.8125
1998-06-18,8.875,9.00,8.625,8.8125,50500,8.8125
1998-06-17,9.00,9.0625,8.78125,8.8125,42100,8.8125
1998-06-16,9.09375,9.125,8.6875,8.875,79300,8.875
1998-06-15,8.96875,9.125,8.50,8.8125,57500,8.8125
1998-06-12,9.50,9.50,9.00,9.1875,70600,9.1875
1998-06-11,9.5625,9.6875,9.50,9.50,90900,9.50
1998-06-10,9.75,9.75,9.625,9.625,72500,9.625
1998-06-09,9.6875,9.8125,9.6875,9.75,47200,9.75
1998-06-08,9.75,9.75,9.65625,9.6875,5680000,9.6875
1998-06-05,9.8125,9.875,9.6875,9.75,97500,9.75
1998-06-04,10.00,10.00,9.8125,9.875,32200,9.875
1998-06-03,9.6875,10.0625,9.65625,9.90625,78000,9.90625
1998-06-02,9.625,9.75,9.625,9.625,95000,9.625
1998-06-01,9.8125,9.9375,9.625,9.625,59500,9.625
1998-05-29,10.00,10.1875,9.8125,9.875,88000,9.875
1998-05-28,10.1875,10.1875,9.84375,9.9375,104000,9.9375
1998-05-27,10.6875,10.75,10.125,10.1875,212200,10.1875
1998-05-26,11.8125,11.8125,10.5625,10.6875,592500,10.6875
1998-05-22,10.00,13.25,9.875,11.3125,3542000,11.3125
1998-05-21,9.5625,10.0625,9.5625,10.00,145500,10.00
1998-05-20,9.53125,9.625,9.53125,9.625,45100,9.625
1998-05-19,9.50,9.5625,9.4375,9.53125,58200,9.53125
1998-05-18,9.50,9.5625,9.46875,9.5625,41000,9.5625
1998-05-15,9.40625,9.625,9.40625,9.53125,63800,9.53125
1998-05-14,9.4375,9.625,9.4375,9.53125,105800,9.53125
1998-05-13,9.53125,9.59375,9.50,9.50,28200,9.50
1998-05-12,9.50,9.625,9.50,9.5625,30700,9.5625
1998-05-11,9.9375,10.00,9.4375,9.53125,86000,9.53125
1998-05-08,9.9375,10.375,9.8125,9.875,75500,9.875
1998-05-07,9.50,10.00,9.50,10.00,83500,10.00
1998-05-06,9.375,9.6875,9.375,9.50,65700,9.50
1998-05-05,9.375,9.625,9.375,9.50,32000,9.50
1998-05-04,9.75,9.875,9.125,9.375,101100,9.375
1998-05-01,9.8125,10.125,9.625,9.75,132200,9.75
1998-04-30,10.00,10.25,9.875,10.0625,43400,10.0625
1998-04-29,10.375,10.4375,10.00,10.0625,47700,10.0625
1998-04-28,10.1875,10.50,10.125,10.125,107800,10.125
1998-04-27,10.375,10.4375,9.875,10.125,91400,10.125
1998-04-24,9.5625,10.25,9.53125,10.25,104900,10.25
1998-04-23,8.78125,10.25,8.75,9.75,229100,9.75
1998-04-22,9.50,9.50,8.3125,8.75,238000,8.75
1998-04-21,9.625,9.625,9.3125,9.50,79700,9.50
1998-04-20,9.6875,9.6875,9.4375,9.625,102000,9.625
1998-04-17,9.625,9.8125,9.5625,9.5625,53500,9.5625
1998-04-16,9.9375,9.9375,9.625,9.625,44100,9.625
1998-04-15,9.6875,10.00,9.50,9.875,134200,9.875
1998-04-14,10.0625,10.125,9.625,9.625,75400,9.625
1998-04-13,10.1875,10.1875,10.00,10.0625,50700,10.0625
1998-04-09,9.875,10.25,9.75,10.00,104800,10.00
1998-04-08,9.75,10.375,9.625,9.875,176400,9.875
1998-04-07,10.125,10.375,9.50,9.6875,244500,9.6875
1998-04-06,11.0625,11.0625,10.125,10.125,152900,10.125
1998-04-03,11.1875,11.1875,10.875,10.875,69000,10.875
1998-04-02,11.25,11.50,10.9375,11.0625,98000,11.0625
1998-04-01,11.25,11.50,11.1875,11.375,44100,11.375
1998-03-31,11.125,11.8125,11.00,11.25,132500,11.25
1998-03-30,11.375,11.375,10.8125,11.00,66700,11.00
1998-03-27,11.25,11.4375,11.125,11.125,53700,11.125
1998-03-26,11.5625,11.6875,11.25,11.25,48200,11.25
1998-03-25,11.3125,11.75,11.125,11.3125,82900,11.3125
1998-03-24,11.6875,11.9375,11.0625,11.125,113200,11.125
1998-03-23,12.75,12.875,11.50,11.75,183200,11.75
1998-03-20,13.1875,13.4375,12.5625,12.75,389100,12.75
1998-03-19,10.875,13.25,10.75,12.50,732400,12.50
1998-03-18,10.25,10.50,10.125,10.4375,107500,10.4375
1998-03-17,10.625,10.75,9.50,10.50,226500,10.50
1998-03-16,10.9375,11.00,10.50,10.625,186800,10.625
1998-03-13,11.125,11.3125,10.9375,10.9375,97500,10.9375
1998-03-12,11.125,11.375,10.9375,11.0625,36900,11.0625
1998-03-11,10.9375,11.125,10.8125,11.00,52700,11.00
1998-03-10,10.875,11.125,10.8125,10.9375,66100,10.9375
1998-03-09,10.6875,11.3125,10.625,11.25,116900,11.25
1998-03-06,11.125,11.125,10.5625,10.6875,119300,10.6875
1998-03-05,11.25,11.3125,10.875,11.125,76600,11.125
1998-03-04,11.5625,11.5625,11.1875,11.3125,130300,11.3125
1998-03-03,12.1875,12.1875,11.125,11.50,305300,11.50
1998-03-02,12.8125,12.8125,11.875,12.125,240400,12.125
1998-02-27,12.8125,12.9375,12.625,12.8125,107500,12.8125
1998-02-26,12.875,13.00,12.6875,12.9375,100500,12.9375
1998-02-25,12.6875,13.0625,12.4375,13.00,157400,13.00
1998-02-24,13.375,13.4375,12.375,12.4375,391000,12.4375
1998-02-23,15.00,15.125,12.875,13.3125,807500,13.3125
1998-02-20,16.3125,16.375,15.625,16.00,168800,16.00
1998-02-19,15.25,16.4375,15.1875,16.0625,410400,16.0625
1998-02-18,15.1875,15.875,14.875,15.50,451500,15.50
1998-02-17,13.50,15.6875,13.375,15.1875,480000,15.1875
1998-02-13,13.0625,13.25,13.00,13.07812,127300,13.07812
1998-02-12,12.875,13.25,12.8125,13.25,74900,13.25
1998-02-11,13.125,13.50,12.875,12.9375,146400,12.9375
1998-02-10,12.50,13.3125,12.1875,13.125,102600,13.125
1998-02-09,12.0625,12.9375,12.00,12.625,110200,12.625
1998-02-06,12.0625,12.125,11.9375,12.0625,60700,12.0625
1998-02-05,12.0625,12.25,12.00,12.125,186700,12.125
1998-02-04,12.25,12.375,12.0625,12.125,134000,12.125
1998-02-03,12.875,13.00,12.0625,12.3125,118900,12.3125
1998-02-02,13.125,13.5625,12.875,12.875,113800,12.875
1998-01-30,12.8125,13.125,12.6875,13.0625,91500,13.0625
1998-01-29,12.75,13.00,12.75,12.9375,30000,12.9375
1998-01-28,12.75,13.00,12.5625,12.875,185100,12.875
1998-01-27,12.125,12.875,11.75,12.75,209100,12.75
1998-01-26,13.50,13.50,11.4375,11.50,253400,11.50
1998-01-23,13.50,13.6875,13.3125,13.50,73600,13.50
1998-01-22,13.375,13.75,13.125,13.50,119200,13.50
1998-01-21,13.50,13.50,13.3125,13.375,76800,13.375
1998-01-20,13.75,13.875,13.4375,13.50,86600,13.50
1998-01-16,13.8125,14.25,13.625,13.6875,148100,13.6875
1998-01-15,13.3125,13.9375,13.25,13.75,92200,13.75
1998-01-14,14.125,14.125,13.625,13.625,64400,13.625
1998-01-13,14.1875,14.3125,13.625,14.00,52400,14.00
1998-01-12,14.375,14.50,13.8125,14.00,132600,14.00
1998-01-09,14.9375,15.50,14.75,14.875,225400,14.875
1998-01-08,13.8125,15.1875,13.5625,14.9375,237700,14.9375
1998-01-07,13.5625,13.875,13.3125,13.8125,71300,13.8125
1998-01-06,13.375,13.875,13.375,13.5625,111200,13.5625
1998-01-05,14.625,14.625,13.0625,13.4375,312700,13.4375
1998-01-02,14.50,14.5625,14.375,14.5625,24100,14.5625
1997-12-31,15.00,15.00,14.4375,14.4375,163300,14.4375
1997-12-30,14.6875,15.0625,14.5625,14.6875,128200,14.6875
1997-12-29,14.625,14.75,14.50,14.625,57300,14.625
1997-12-26,14.625,14.75,14.50,14.5625,21200,14.5625
1997-12-24,14.875,14.875,14.625,14.6875,37700,14.6875
1997-12-23,14.875,14.9375,14.75,14.75,59400,14.75
1997-12-22,14.875,14.9375,14.6875,14.8125,84900,14.8125
1997-12-19,14.6875,14.8125,14.3125,14.8125,106400,14.8125
1997-12-18,14.875,14.875,14.625,14.75,59300,14.75
1997-12-17,14.9375,15.0625,14.50,14.875,154500,14.875
1997-12-16,15.375,15.6875,14.8125,14.8125,121100,14.8125
1997-12-15,15.25,15.4375,14.75,15.00,85900,15.00
1997-12-12,15.875,16.375,15.0625,15.0625,209900,15.0625
1997-12-11,15.9375,16.25,15.375,16.00,211500,16.00
1997-12-10,14.25,16.375,14.00,16.375,472000,16.375
1997-12-09,14.9375,14.9375,13.75,14.3125,372800,14.3125
1997-12-08,16.4375,16.4375,14.75,14.9375,368400,14.9375
1997-12-05,16.625,16.625,16.125,16.375,142700,16.375
1997-12-04,17.0625,17.0625,16.3125,16.75,235100,16.75
1997-12-03,17.3125,17.50,17.0625,17.1875,101100,17.1875
1997-12-02,17.6875,17.6875,17.00,17.50,130600,17.50
1997-12-01,18.0625,18.125,17.4375,17.5625,109000,17.5625
1997-11-28,17.9375,18.375,17.625,18.125,100900,18.125
1997-11-26,17.75,18.00,17.5625,17.9375,130900,17.9375
1997-11-25,17.375,17.75,16.9375,17.75,179200,17.75
1997-11-24,17.875,18.00,17.00,17.125,167000,17.125
1997-11-21,17.75,18.375,17.6875,18.00,107400,18.00
1997-11-20,17.00,18.00,17.00,17.625,169400,17.625
1997-11-19,17.75,17.75,16.75,16.8125,363900,16.8125
1997-11-18,18.875,18.875,17.9375,17.9375,136900,17.9375
1997-11-17,19.25,19.6875,18.75,19.00,237900,19.00
1997-11-14,18.625,18.8125,18.25,18.625,147900,18.625
1997-11-13,18.5625,19.25,18.00,18.50,246900,18.50
1997-11-12,20.8125,21.00,17.875,18.0625,529800,18.0625
1997-11-11,20.50,20.625,20.125,20.375,90800,20.375
1997-11-10,21.00,21.375,20.3125,20.5625,141700,20.5625
1997-11-07,22.0625,22.0625,20.00,20.625,348600,20.625
1997-11-06,20.25,22.125,20.25,22.125,470600,22.125
1997-11-05,18.50,20.375,18.375,20.046881,283900,20.046881
1997-11-04,18.75,18.75,18.375,18.421881,98600,18.421881
1997-11-03,18.421881,19.171881,18.25,18.875,99800,18.875
1997-10-31,18.375,18.421881,17.75,18.125,89200,18.125
1997-10-30,17.625,18.50,17.50,17.75,80300,17.75
1997-10-29,19.25,19.25,18.1875,18.1875,158400,18.1875
1997-10-28,16.50,18.75,15.50,18.6875,439900,18.6875
1997-10-27,18.50,18.625,17.25,17.5625,244900,17.5625
1997-10-24,19.4375,19.75,18.5625,19.00,130500,19.00
1997-10-23,18.9375,19.50,17.50,19.50,323000,19.50
1997-10-22,20.5625,20.625,19.25,19.50,217300,19.50
1997-10-21,21.00,21.125,20.5625,20.5625,52700,20.5625
1997-10-20,21.25,21.3125,20.4375,21.00,56500,21.00
1997-10-17,21.3125,21.3125,19.8125,21.1875,161200,21.1875
1997-10-16,22.1875,22.1875,21.25,21.3125,91000,21.3125
1997-10-15,22.375,22.375,21.75,21.875,116900,21.875
1997-10-14,22.00,23.00,21.875,22.125,198100,22.125
1997-10-13,22.4375,22.4375,21.625,22.00,106600,22.00
1997-10-10,21.5625,22.3125,21.4375,22.0625,254100,22.0625
1997-10-09,21.00,21.8125,20.4375,21.5625,139600,21.5625
1997-10-08,22.375,22.4375,19.875,21.0625,292600,21.0625
1997-10-07,22.125,22.875,22.00,22.1875,365300,22.1875
1997-10-06,20.8125,21.875,20.50,21.8125,505100,21.8125
1997-10-03,19.50,21.00,19.125,19.75,393800,19.75
1997-10-02,18.8125,19.375,18.625,19.1875,91600,19.1875
1997-10-01,19.00,19.00,17.875,18.6875,256300,18.6875
1997-09-30,19.9375,20.125,18.75,19.00,265400,19.00
1997-09-29,17.50,19.25,17.4375,19.125,333300,19.125
1997-09-26,16.8125,17.50,16.75,17.375,97200,17.375
1997-09-25,16.75,16.8125,16.625,16.8125,68900,16.8125
1997-09-24,16.8125,16.8125,16.625,16.75,67900,16.75
1997-09-23,16.875,16.875,16.5625,16.75,62300,16.75
1997-09-22,16.6875,16.8125,16.5625,16.5625,43100,16.5625
1997-09-19,16.375,16.75,16.375,16.50,64000,16.50
1997-09-18,16.4375,16.8125,16.3125,16.4375,75900,16.4375
1997-09-17,16.75,16.8125,16.375,16.4375,86400,16.4375
1997-09-16,16.8125,16.9375,16.00,16.50,93400,16.50
1997-09-15,16.875,17.00,16.50,16.8125,116400,16.8125
1997-09-12,16.0625,18.0625,16.0625,16.875,310900,16.875
1997-09-11,15.9375,16.1875,15.8125,15.9375,81400,15.9375
1997-09-10,16.125,16.25,15.8125,16.00,85900,16.00
1997-09-09,16.50,16.50,16.00,16.25,93200,16.25
1997-09-08,16.50,16.6875,16.25,16.375,77100,16.375
1997-09-05,16.75,16.75,16.125,16.625,114700,16.625
1997-09-04,16.25,16.75,16.125,16.625,51100,16.625
1997-09-03,16.875,16.875,16.00,16.1875,101200,16.1875
1997-09-02,16.875,16.9375,16.625,16.875,85100,16.875
1997-08-29,16.6875,17.00,16.50,16.5625,89300,16.5625
1997-08-28,16.6875,16.875,16.25,16.4375,107000,16.4375
1997-08-27,17.50,17.50,16.6875,16.875,83000,16.875
1997-08-26,17.50,17.9375,17.25,17.4375,82700,17.4375
1997-08-25,17.9375,18.1875,17.625,17.8125,108100,17.8125
1997-08-22,17.375,18.00,16.75,17.9375,200900,17.9375
1997-08-21,18.1875,18.1875,16.6875,17.75,339700,17.75
1997-08-20,16.00,18.125,15.875,18.00,255000,18.00
1997-08-19,15.8125,16.00,15.375,15.8125,62100,15.8125
1997-08-18,16.375,16.375,15.125,15.875,113400,15.875
1997-08-15,16.125,16.50,15.75,15.875,100200,15.875
1997-08-14,14.6875,16.25,14.375,15.75,213700,15.75
1997-08-13,17.25,17.3125,14.5625,14.5625,487200,14.5625
1997-08-12,15.50,17.9375,15.375,17.4375,1110100,17.4375
1997-08-11,14.25,15.1875,14.125,15.125,169700,15.125
1997-08-08,14.25,14.375,14.125,14.1875,67900,14.1875
1997-08-07,14.25,14.75,14.125,14.4375,114800,14.4375
1997-08-06,14.125,14.625,14.00,14.375,205500,14.375
1997-08-05,14.125,14.125,13.9375,14.0625,72700,14.0625
1997-08-04,14.125,14.25,13.9375,14.0625,132500,14.0625
1997-08-01,14.0625,14.0625,13.6875,13.9375,39300,13.9375
1997-07-31,14.00,14.125,13.625,14.0625,104300,14.0625
1997-07-30,13.625,14.25,13.50,14.0625,138000,14.0625
1997-07-29,13.25,13.625,13.25,13.50,56900,13.50
1997-07-28,13.25,13.50,13.25,13.3125,44800,13.3125
1997-07-25,13.375,13.375,13.1875,13.375,30300,13.375
1997-07-24,13.6875,13.6875,13.1875,13.375,74100,13.375
1997-07-23,13.50,13.625,13.25,13.5625,58500,13.5625
1997-07-22,13.125,13.50,12.875,13.375,73300,13.375
1997-07-21,13.25,13.50,13.00,13.25,54900,13.25
1997-07-18,13.25,13.625,12.625,13.375,161700,13.375
1997-07-17,13.6875,13.875,13.50,13.50,95100,13.50
1997-07-16,13.625,14.375,13.375,13.75,219700,13.75
1997-07-15,13.00,13.5625,12.625,13.4375,152800,13.4375
1997-07-14,13.875,14.00,12.875,13.125,182500,13.125
1997-07-11,13.6875,14.4375,13.5625,13.625,199300,13.625
1997-07-10,13.0625,13.625,12.50,13.50,226800,13.50
1997-07-09,14.375,15.0625,12.00,12.875,811200,12.875
1997-07-08,11.3125,14.3125,11.25,14.125,862000,14.125
1997-07-07,10.50,11.3125,9.875,11.00,222300,11.00
1997-07-03,9.9375,10.50,9.75,9.9375,77800,9.9375
1997-07-02,10.125,10.125,9.25,10.125,97700,10.125
1997-07-01,9.4375,9.50,8.6875,9.4375,33200,9.4375
1997-06-30,8.6875,8.6875,8.1875,8.6875,42200,8.6875
1997-06-27,8.3125,8.3125,8.25,8.3125,18600,8.3125
1997-06-26,8.3125,8.3125,8.25,8.3125,15200,8.3125
1997-06-25,8.25,8.3125,8.25,8.25,19900,8.25
1997-06-24,8.3125,8.50,8.25,8.3125,35400,8.3125
1997-06-23,8.50,8.8125,8.375,8.50,44400,8.50
1997-06-20,8.8125,8.9375,8.8125,8.8125,19300,8.8125
1997-06-19,8.875,8.9375,8.875,8.875,21000,8.875
1997-06-18,8.8125,8.9375,8.8125,8.8125,17300,8.8125
1997-06-17,8.875,9.00,8.75,8.875,19500,8.875
1997-06-16,8.875,9.1875,8.875,8.875,36200,8.875
1997-06-13,9.1875,9.50,8.75,9.1875,91400,9.1875
1997-06-12,8.75,8.875,8.375,8.75,59300,8.75
1997-06-11,8.625,8.9375,7.875,8.625,90200,8.625
1997-06-10,7.9375,8.00,7.875,7.9375,30000,7.9375
1997-06-09,8.00,8.1875,7.6875,8.00,160800,8.00
1997-06-06,8.1875,8.3125,8.125,8.1875,56600,8.1875
1997-06-05,8.3125,8.375,8.1875,8.3125,53100,8.3125
1997-06-04,8.375,8.9375,8.25,8.375,75400,8.375
1997-06-03,8.4375,8.75,8.4375,8.4375,58000,8.4375
1997-06-02,8.75,8.875,8.625,8.75,46400,8.75
1997-05-30,8.875,8.875,8.375,8.875,31100,8.875
1997-05-29,8.8125,8.875,8.625,8.8125,30900,8.8125
1997-05-28,8.8125,8.875,8.625,8.8125,49900,8.8125
1997-05-27,8.8125,9.125,8.6875,8.8125,50500,8.8125
1997-05-23,9.125,9.25,9.00,9.125,71700,9.125
1997-05-22,9.25,9.3125,9.125,9.25,67600,9.25
1997-05-21,9.25,9.3125,9.1875,9.25,40300,9.25
1997-05-20,9.25,9.375,8.9375,9.25,75000,9.25
1997-05-19,9.3125,9.6875,9.125,9.3125,85600,9.3125
1997-05-16,9.625,10.50,9.625,9.625,112700,9.625
1997-05-15,10.46875,10.875,10.25,10.46875,303000,10.46875
1997-05-14,10.00,10.00,9.9375,10.00,69500,10.00
1997-05-13,9.9375,10.125,9.9375,9.9375,23900,9.9375
1997-05-12,10.125,10.125,9.875,10.125,39100,10.125
1997-05-09,10.125,10.1875,9.9375,10.125,67000,10.125
1997-05-08,9.9375,10.25,9.125,9.9375,145700,9.9375
1997-05-07,9.1875,9.375,8.6875,9.1875,95900,9.1875
1997-05-06,9.00,9.00,8.75,8.9375,40000,8.9375
1997-05-05,9.00,9.125,8.6875,9.00,29900,9.00
1997-05-02,8.9375,9.50,8.6875,8.9375,88600,8.9375
1997-05-01,7.6875,8.875,7.6875,8.875,101000,8.875
1997-04-30,7.71875,8.0625,7.6875,7.71875,225700,7.71875
1997-04-29,8.0625,8.5625,8.00,8.0625,87000,8.0625
1997-04-28,8.50,8.8125,8.4375,8.50,39600,8.50
1997-04-25,8.625,9.00,8.4375,8.50,108900,8.50
1997-04-24,8.6875,9.50,8.50,8.6875,202800,8.6875
1997-04-23,9.50,10.25,9.375,9.50,156000,9.50
1997-04-22,10.1875,10.25,10.1875,10.20312,80900,10.20312
