Date,Open,High,Low,Close,Volume,Adj Close
2015-08-07,3.09,3.09,3.09,3.09,100,3.09
2015-08-06,3.09,3.10,3.09,3.09,7900,3.09
2015-08-05,3.08,3.10,3.08,3.10,3100,3.10
2015-08-04,3.07,3.09,3.07,3.08,2900,3.08
2015-08-03,3.10,3.10,3.08,3.08,400,3.08
2015-07-31,3.07,3.07,3.07,3.07,000,3.07
2015-07-30,3.10,3.10,3.07,3.07,4100,3.07
2015-07-29,3.10,3.10,3.06,3.07,8500,3.07
2015-07-28,3.06,3.15,3.06,3.14,1700,3.14
2015-07-27,3.08,3.15,3.08,3.10,1600,3.10
2015-07-24,3.10,3.10,3.05,3.05,6200,3.05
2015-07-23,3.17,3.18,3.11,3.11,14600,3.11
2015-07-22,3.10,3.19,3.10,3.18,11000,3.18
2015-07-21,3.13,3.13,3.13,3.13,000,3.13
2015-07-20,3.15,3.15,3.11,3.13,7100,3.13
2015-07-17,3.00,3.15,2.90,3.15,9200,3.15
2015-07-16,3.09,3.11,3.00,3.11,15700,3.11
2015-07-15,3.07,3.11,3.07,3.10,14700,3.10
2015-07-14,3.11,3.11,3.05,3.06,4300,3.06
2015-07-13,3.11,3.11,3.09,3.09,4300,3.09
2015-07-10,3.11,3.11,3.09,3.11,1100,3.11
2015-07-09,3.13,3.28,3.05,3.05,3900,3.05
2015-07-08,3.04,3.26,3.04,3.07,3300,3.07
2015-07-07,3.05,3.14,3.05,3.06,13900,3.06
2015-07-06,3.10,3.11,3.05,3.08,20900,3.08
2015-07-02,3.08,3.11,3.00,3.10,39400,3.10
2015-07-01,3.05,3.14,3.02,3.06,12900,3.06
2015-06-30,3.09,3.09,3.01,3.02,31500,3.02
2015-06-29,3.24,3.24,3.03,3.08,17900,3.08
2015-06-26,3.30,3.30,2.97,3.09,53300,3.09
2015-06-25,3.22,3.37,3.02,3.09,310700,3.09
2015-06-24,2.44,3.40,2.44,3.15,543700,3.15
2015-06-23,2.45,2.47,2.45,2.47,2000,2.47
2015-06-22,2.48,2.48,2.44,2.44,5500,2.44
2015-06-19,2.44,2.47,2.41,2.43,77500,2.43
2015-06-18,2.53,2.57,2.45,2.52,10400,2.52
2015-06-17,2.59,2.61,2.54,2.56,3100,2.56
2015-06-16,2.57,2.75,2.48,2.53,15500,2.53
2015-06-15,2.77,2.77,2.72,2.75,5400,2.75
2015-06-12,2.64,2.73,2.60,2.67,5900,2.67
2015-06-11,2.73,2.80,2.55,2.76,10800,2.76
2015-06-10,2.77,2.87,2.72,2.86,8900,2.86
2015-06-09,2.44,2.98,2.44,2.83,5600,2.83
2015-06-08,2.48,2.65,2.45,2.60,34900,2.60
2015-06-05,2.43,2.43,2.43,2.43,000,2.43
2015-06-04,2.44,2.45,2.43,2.43,5900,2.43
2015-06-03,2.37,2.49,2.37,2.45,2400,2.45
2015-06-02,2.49,2.49,2.49,2.49,100,2.49
2015-06-01,2.40,2.49,2.40,2.41,3400,2.41
2015-05-29,2.49,2.49,2.48,2.49,1400,2.49
2015-05-28,2.49,2.49,2.49,2.49,100,2.49
2015-05-27,2.39,2.49,2.39,2.49,6000,2.49
2015-05-26,2.44,2.46,2.37,2.46,15800,2.46
2015-05-22,2.46,2.46,2.46,2.46,200,2.46
2015-05-21,2.45,2.48,2.45,2.48,10500,2.48
2015-05-20,2.45,2.45,2.45,2.45,100,2.45
2015-05-19,2.41,2.45,2.41,2.45,6900,2.45
2015-05-18,2.44,2.44,2.44,2.44,1500,2.44
2015-05-15,2.41,2.46,2.35,2.46,32300,2.46
2015-05-14,2.43,2.46,2.41,2.41,400,2.41
2015-05-13,2.45,2.46,2.45,2.46,1300,2.46
2015-05-12,2.45,2.45,2.45,2.45,1000,2.45
2015-05-11,2.40,2.40,2.40,2.40,600,2.40
2015-05-08,2.45,2.45,2.45,2.45,000,2.45
2015-05-07,2.45,2.45,2.45,2.45,1600,2.45
2015-05-06,2.45,2.46,2.44,2.45,4500,2.45
2015-05-05,2.40,2.45,2.40,2.45,7200,2.45
2015-05-04,2.45,2.45,2.45,2.45,000,2.45
2015-05-01,2.45,2.45,2.45,2.45,100,2.45
2015-04-30,2.40,2.48,2.40,2.48,1100,2.48
2015-04-29,2.42,2.42,2.42,2.42,000,2.42
2015-04-28,2.49,2.49,2.42,2.42,1400,2.42
2015-04-27,2.43,2.45,2.40,2.45,33000,2.45
2015-04-24,2.47,2.47,2.40,2.45,36000,2.45
2015-04-23,2.47,2.47,2.47,2.47,100,2.47
2015-04-22,2.47,2.49,2.46,2.48,2500,2.48
2015-04-21,2.44,2.44,2.44,2.44,000,2.44
2015-04-20,2.47,2.49,2.43,2.44,20500,2.44
2015-04-17,2.51,2.51,2.40,2.49,59600,2.49
2015-04-16,2.60,2.61,2.56,2.56,54500,2.56
2015-04-15,2.60,2.61,2.59,2.60,19300,2.60
2015-04-14,2.60,2.60,2.60,2.60,300,2.60
2015-04-13,2.64,2.64,2.60,2.60,3700,2.60
2015-04-10,2.60,2.60,2.60,2.60,1100,2.60
2015-04-09,2.64,2.64,2.64,2.64,200,2.64
2015-04-08,2.62,2.67,2.50,2.65,65400,2.65
2015-04-07,2.67,2.68,2.61,2.67,1800,2.67
2015-04-06,2.60,2.67,2.60,2.67,1800,2.67
2015-04-02,2.67,2.67,2.67,2.67,100,2.67
2015-04-01,2.67,2.67,2.67,2.67,400,2.67
2015-03-31,2.67,2.67,2.67,2.67,300,2.67
2015-03-30,2.56,2.60,2.56,2.59,6100,2.59
2015-03-27,2.68,2.68,2.68,2.68,000,2.68
2015-03-26,2.57,2.69,2.56,2.68,36300,2.68
2015-03-25,2.68,2.68,2.68,2.68,700,2.68
2015-03-24,2.68,2.68,2.68,2.68,000,2.68
2015-03-23,2.65,2.68,2.56,2.68,3100,2.68
2015-03-20,2.68,2.69,2.57,2.57,11800,2.57
2015-03-19,2.69,2.69,2.62,2.65,1700,2.65
2015-03-18,2.75,2.75,2.70,2.70,600,2.70
2015-03-17,2.66,2.69,2.66,2.69,1000,2.69
2015-03-16,2.63,2.68,2.62,2.66,1400,2.66
2015-03-13,2.69,2.69,2.69,2.69,2000,2.69
2015-03-12,2.69,2.69,2.66,2.68,2400,2.68
2015-03-11,2.61,2.69,2.61,2.65,2400,2.65
2015-03-10,2.68,2.73,2.68,2.70,1000,2.70
2015-03-09,2.67,2.69,2.67,2.69,1800,2.69
2015-03-06,2.60,2.70,2.60,2.70,600,2.70
2015-03-05,2.61,2.63,2.57,2.59,23400,2.59
2015-03-04,2.69,2.69,2.69,2.69,000,2.69
2015-03-03,2.69,2.69,2.67,2.69,4000,2.69
2015-03-02,2.71,2.71,2.70,2.70,300,2.70
2015-02-27,2.68,2.68,2.68,2.68,100,2.68
2015-02-26,2.69,2.69,2.69,2.69,000,2.69
2015-02-25,2.72,2.73,2.68,2.69,3300,2.69
2015-02-24,2.72,2.72,2.69,2.69,2400,2.69
2015-02-23,2.73,2.75,2.73,2.74,1800,2.74
2015-02-20,2.65,2.65,2.65,2.65,200,2.65
2015-02-19,2.69,2.69,2.68,2.68,11100,2.68
2015-02-18,2.65,2.69,2.65,2.68,3700,2.68
2015-02-17,2.63,2.63,2.63,2.63,200,2.63
2015-02-13,2.67,2.74,2.67,2.74,500,2.74
2015-02-12,2.65,2.76,2.65,2.67,3000,2.67
2015-02-11,2.64,2.64,2.59,2.59,1600,2.59
2015-02-10,2.57,2.57,2.57,2.57,400,2.57
2015-02-09,2.61,2.64,2.56,2.56,10200,2.56
2015-02-06,2.60,2.60,2.60,2.60,000,2.60
2015-02-05,2.60,2.60,2.60,2.60,000,2.60
2015-02-04,2.64,2.77,2.60,2.60,2600,2.60
2015-02-03,2.72,2.72,2.62,2.62,1800,2.62
2015-02-02,2.69,2.71,2.59,2.59,10500,2.59
2015-01-30,2.70,2.72,2.70,2.72,3400,2.72
2015-01-29,2.79,2.79,2.71,2.71,4600,2.71
2015-01-28,2.81,2.81,2.65,2.81,400,2.81
2015-01-27,2.67,2.82,2.66,2.81,2300,2.81
2015-01-26,2.72,2.89,2.65,2.85,1300,2.85
2015-01-23,2.74,2.88,2.72,2.72,1900,2.72
2015-01-22,2.81,2.90,2.81,2.84,5500,2.84
2015-01-21,2.77,2.89,2.72,2.77,3200,2.77
2015-01-20,2.76,2.76,2.76,2.76,3000,2.76
2015-01-16,2.74,2.74,2.70,2.70,1000,2.70
2015-01-15,2.76,2.76,2.76,2.76,000,2.76
2015-01-14,2.75,2.76,2.75,2.76,1000,2.76
2015-01-13,2.86,2.86,2.86,2.86,000,2.86
2015-01-12,2.86,2.86,2.86,2.86,100,2.86
2015-01-09,2.89,2.89,2.70,2.70,400,2.70
2015-01-08,2.73,2.73,2.73,2.73,000,2.73
2015-01-07,2.73,2.73,2.73,2.73,000,2.73
2015-01-06,2.73,2.73,2.73,2.73,000,2.73
2015-01-05,2.73,2.73,2.73,2.73,200,2.73
2015-01-02,2.78,2.78,2.78,2.78,000,2.78
2014-12-31,2.69,2.78,2.69,2.78,13500,2.78
2014-12-30,2.62,2.70,2.61,2.61,11500,2.61
2014-12-29,2.67,2.67,2.67,2.67,000,2.67
2014-12-26,2.65,2.68,2.63,2.67,10800,2.67
2014-12-24,2.60,2.60,2.60,2.60,000,2.60
2014-12-23,2.60,2.68,2.60,2.67,9300,2.67
2014-12-22,2.62,2.62,2.61,2.61,1900,2.61
2014-12-19,2.65,2.65,2.62,2.62,1000,2.62
2014-12-18,2.63,2.65,2.63,2.65,6700,2.65
2014-12-17,2.62,2.63,2.62,2.62,9400,2.62
2014-12-16,2.70,2.70,2.62,2.63,18100,2.63
2014-12-15,2.83,2.83,2.72,2.76,800,2.76
2014-12-12,2.77,2.82,2.71,2.71,600,2.71
2014-12-11,2.72,2.81,2.69,2.76,3700,2.76
2014-12-10,2.65,2.87,2.65,2.69,2200,2.69
2014-12-09,2.76,2.79,2.76,2.78,3900,2.78
2014-12-08,2.69,2.76,2.69,2.76,5000,2.76
2014-12-05,2.76,2.77,2.74,2.74,4900,2.74
2014-12-04,2.96,2.99,2.74,2.74,3200,2.74
2014-12-03,2.78,2.85,2.78,2.85,3100,2.85
2014-12-02,2.77,2.87,2.77,2.83,7300,2.83
2014-12-01,2.93,2.93,2.88,2.89,7700,2.89
2014-11-28,3.00,3.00,2.90,2.98,12500,2.98
2014-11-26,2.98,2.98,2.98,2.98,1000,2.98
2014-11-25,3.00,3.00,2.91,2.96,2300,2.96
2014-11-24,2.93,2.93,2.93,2.93,000,2.93
2014-11-21,2.93,2.93,2.93,2.93,200,2.93
2014-11-20,2.93,3.00,2.92,3.00,1900,3.00
2014-11-19,3.04,3.04,3.04,3.04,000,3.04
2014-11-18,2.99,3.08,2.94,3.04,26700,3.04
2014-11-17,2.95,2.98,2.92,2.98,23600,2.98
2014-11-14,2.98,2.99,2.91,2.98,2600,2.98
2014-11-13,2.87,3.00,2.75,2.94,23000,2.94
2014-11-12,3.08,3.08,2.69,2.69,161200,2.69
2014-11-11,2.95,3.09,2.95,3.07,9000,3.07
2014-11-10,2.99,3.01,2.96,2.97,1700,2.97
2014-11-07,3.00,3.00,3.00,3.00,500,3.00
2014-11-06,3.10,3.12,3.01,3.01,7200,3.01
2014-11-05,2.99,3.44,2.95,3.09,38400,3.09
2014-11-04,3.00,3.06,2.99,2.99,4600,2.99
2014-11-03,3.00,3.00,2.97,2.97,1300,2.97
2014-10-31,3.08,3.08,3.08,3.08,600,3.08
2014-10-30,3.00,3.00,3.00,3.00,000,3.00
2014-10-29,3.00,3.00,3.00,3.00,000,3.00
2014-10-28,3.00,3.00,3.00,3.00,000,3.00
2014-10-27,2.95,3.00,2.95,3.00,2100,3.00
2014-10-24,3.00,3.01,3.00,3.00,2700,3.00
2014-10-23,3.00,3.04,3.00,3.04,23600,3.04
2014-10-22,2.96,3.08,2.95,3.08,8400,3.08
2014-10-21,2.98,2.99,2.97,2.98,10900,2.98
2014-10-20,2.98,2.98,2.97,2.97,2300,2.97
2014-10-17,2.99,2.99,2.99,2.99,2000,2.99
2014-10-16,2.98,2.98,2.92,2.92,2700,2.92
2014-10-15,2.98,2.98,2.97,2.98,15300,2.98
2014-10-14,2.99,2.99,2.99,2.99,300,2.99
2014-10-13,3.08,3.08,3.08,3.08,100,3.08
2014-10-10,2.91,3.05,2.88,3.04,3300,3.04
2014-10-09,3.05,3.07,3.02,3.05,2300,3.05
2014-10-08,3.00,3.00,3.00,3.00,000,3.00
2014-10-07,3.04,3.04,3.00,3.00,27100,3.00
2014-10-06,3.07,3.07,3.05,3.06,600,3.06
2014-10-03,2.98,3.00,2.98,3.00,1500,3.00
2014-10-02,3.01,3.10,3.01,3.01,18500,3.01
2014-10-01,3.04,3.07,2.94,3.02,31600,3.02
2014-09-30,3.08,3.16,3.08,3.08,9700,3.08
2014-09-29,3.08,3.08,3.08,3.08,000,3.08
2014-09-26,3.08,3.08,3.08,3.08,000,3.08
2014-09-25,3.05,3.14,3.03,3.08,16900,3.08
2014-09-24,3.01,3.15,3.01,3.03,93800,3.03
2014-09-23,3.08,3.12,3.03,3.04,34800,3.04
2014-09-22,3.03,3.12,3.03,3.04,8300,3.04
2014-09-19,3.08,3.11,2.96,2.96,22900,2.96
2014-09-18,3.04,3.10,3.04,3.09,38000,3.09
2014-09-17,3.07,3.08,3.00,3.04,3700,3.04
2014-09-16,3.00,3.06,3.00,3.04,15700,3.04
2014-09-15,3.00,3.05,3.00,3.05,6900,3.05
2014-09-12,3.07,3.07,3.06,3.06,600,3.06
2014-09-11,3.06,3.09,3.00,3.06,6900,3.06
2014-09-10,3.04,3.07,3.00,3.07,10900,3.07
2014-09-09,3.04,3.05,3.02,3.05,8200,3.05
2014-09-08,3.08,3.08,3.07,3.07,700,3.07
2014-09-05,3.04,3.04,3.00,3.00,1400,3.00
2014-09-04,3.03,3.06,3.02,3.05,2400,3.05
2014-09-03,3.04,3.04,3.04,3.04,000,3.04
2014-09-02,3.04,3.04,3.03,3.04,5700,3.04
2014-08-29,3.04,3.09,3.02,3.06,3500,3.06
2014-08-28,3.05,3.10,3.02,3.10,5100,3.10
2014-08-27,3.06,3.16,3.02,3.03,187000,3.03
2014-08-26,3.09,3.10,3.04,3.06,9900,3.06
2014-08-25,3.06,3.07,3.03,3.06,24400,3.06
2014-08-22,3.06,3.06,3.05,3.05,1600,3.05
2014-08-21,3.10,3.11,3.06,3.06,2100,3.06
2014-08-20,3.05,3.05,3.05,3.05,000,3.05
2014-08-19,3.03,3.05,3.03,3.05,2000,3.05
2014-08-18,3.02,3.06,3.02,3.05,3500,3.05
2014-08-15,3.11,3.11,3.11,3.11,000,3.11
2014-08-14,3.11,3.11,3.11,3.11,000,3.11
2014-08-13,3.06,3.12,3.05,3.11,16600,3.11
2014-08-12,3.05,3.15,3.04,3.06,11900,3.06
2014-08-11,3.07,3.08,3.05,3.06,10700,3.06
2014-08-08,3.03,3.10,3.03,3.06,26100,3.06
2014-08-07,3.08,3.08,3.06,3.06,3300,3.06
2014-08-06,3.10,3.10,3.00,3.05,6500,3.05
2014-08-05,3.11,3.11,3.01,3.06,14200,3.06
2014-08-04,3.06,3.06,3.06,3.06,000,3.06
2014-08-01,3.12,3.12,3.05,3.06,2800,3.06
2014-07-31,3.04,3.12,3.04,3.08,15800,3.08
2014-07-30,3.07,3.07,3.07,3.07,1200,3.07
2014-07-29,3.04,3.08,3.02,3.05,13200,3.05
2014-07-28,3.04,3.04,3.04,3.04,500,3.04
2014-07-25,3.10,3.10,3.03,3.06,2500,3.06
2014-07-24,3.10,3.10,3.06,3.10,900,3.10
2014-07-23,3.08,3.14,3.02,3.06,24600,3.06
2014-07-22,3.02,3.14,3.02,3.06,5100,3.06
2014-07-21,3.04,3.15,3.02,3.12,34000,3.12
2014-07-18,3.08,3.11,3.02,3.08,10400,3.08
2014-07-17,3.05,3.09,3.05,3.09,500,3.09
2014-07-16,3.11,3.11,3.05,3.05,8300,3.05
2014-07-15,3.07,3.07,3.01,3.01,900,3.01
2014-07-14,3.05,3.14,3.00,3.02,18800,3.02
2014-07-11,3.03,3.04,3.00,3.00,19100,3.00
2014-07-10,3.04,3.08,3.04,3.05,1700,3.05
2014-07-09,3.18,3.18,3.00,3.04,14200,3.04
2014-07-08,3.11,3.14,3.00,3.05,20700,3.05
2014-07-07,3.10,3.12,3.07,3.11,11600,3.11
2014-07-03,3.12,3.12,3.03,3.05,3300,3.05
2014-07-02,3.08,3.11,2.99,3.04,34900,3.04
2014-07-01,3.14,3.15,2.97,3.15,16000,3.15
2014-06-30,3.23,3.23,3.10,3.10,300,3.10
2014-06-27,3.18,3.18,3.09,3.18,800,3.18
2014-06-26,3.11,3.11,3.11,3.11,100,3.11
2014-06-25,3.19,3.19,3.19,3.19,200,3.19
2014-06-24,3.11,3.11,3.11,3.11,000,3.11
2014-06-23,3.12,3.12,3.11,3.11,400,3.11
2014-06-20,3.22,3.23,3.09,3.16,15500,3.16
2014-06-19,3.15,3.22,3.08,3.22,15200,3.22
2014-06-18,3.15,3.24,3.15,3.24,800,3.24
2014-06-17,3.20,3.20,3.15,3.15,3800,3.15
2014-06-16,3.16,3.23,3.16,3.22,900,3.22
2014-06-13,3.15,3.15,3.10,3.13,9700,3.13
2014-06-12,3.15,3.16,3.10,3.11,10000,3.11
2014-06-11,3.15,3.15,3.09,3.14,11900,3.14
2014-06-10,3.22,3.22,3.15,3.17,12800,3.17
2014-06-09,3.16,3.16,3.15,3.16,600,3.16
2014-06-06,3.17,3.23,3.17,3.23,2900,3.23
2014-06-05,3.17,3.17,3.13,3.14,10100,3.14
2014-06-04,3.23,3.23,3.23,3.23,100,3.23
2014-06-03,3.16,3.24,3.15,3.24,1800,3.24
2014-06-02,3.20,3.20,3.20,3.20,1900,3.20
2014-05-30,3.24,3.25,3.24,3.24,1000,3.24
2014-05-29,3.25,3.25,3.25,3.25,000,3.25
2014-05-28,3.16,3.25,3.16,3.25,500,3.25
2014-05-27,3.25,3.25,3.25,3.25,800,3.25
2014-05-23,3.31,3.31,3.18,3.18,4400,3.18
2014-05-22,3.30,3.30,3.27,3.30,7400,3.30
2014-05-21,3.30,3.33,3.30,3.33,1100,3.33
2014-05-20,3.35,3.39,3.20,3.21,47300,3.21
2014-05-19,3.28,3.37,3.21,3.35,334400,3.35
2014-05-16,3.15,3.21,3.15,3.20,9100,3.20
2014-05-15,3.15,3.20,3.13,3.14,16100,3.14
2014-05-14,3.15,3.19,3.15,3.19,5000,3.19
2014-05-13,3.26,3.29,3.09,3.15,62900,3.15
2014-05-12,3.21,3.24,3.18,3.24,4700,3.24
2014-05-09,3.22,3.29,3.20,3.26,3000,3.26
2014-05-08,3.22,3.22,3.22,3.22,300,3.22
2014-05-07,3.24,3.30,3.22,3.22,1500,3.22
2014-05-06,3.28,3.28,3.28,3.28,600,3.28
2014-05-05,3.13,3.30,3.10,3.21,22800,3.21
2014-05-02,3.19,3.19,3.10,3.15,13900,3.15
2014-05-01,3.21,3.25,3.06,3.12,48400,3.12
2014-04-30,3.21,3.26,3.21,3.21,2700,3.21
2014-04-29,3.21,3.32,3.21,3.29,500,3.29
2014-04-28,3.39,3.39,3.20,3.29,7200,3.29
2014-04-25,3.27,3.35,3.25,3.35,37100,3.35
2014-04-24,3.05,3.33,3.05,3.25,70000,3.25
2014-04-23,3.05,3.07,2.97,3.00,64900,3.00
2014-04-22,3.05,3.05,3.05,3.05,13400,3.05
2014-04-21,3.05,3.15,3.04,3.04,13000,3.04
2014-04-17,3.10,3.15,3.05,3.05,25600,3.05
2014-04-16,3.15,3.15,3.04,3.14,42900,3.14
2014-04-15,3.29,3.31,3.14,3.22,33100,3.22
2014-04-14,3.35,3.35,3.34,3.34,300,3.34
2014-04-11,3.26,3.33,3.21,3.22,28700,3.22
2014-04-10,3.31,3.37,3.24,3.30,7700,3.30
2014-04-09,3.33,3.35,3.28,3.34,31900,3.34
2014-04-08,3.38,3.39,3.28,3.28,6500,3.28
2014-04-07,3.31,3.37,3.24,3.34,24300,3.34
2014-04-04,3.42,3.43,3.35,3.35,2600,3.35
2014-04-03,3.33,3.43,3.28,3.28,44600,3.28
2014-04-02,3.40,3.47,3.30,3.35,59500,3.35
2014-04-01,3.34,3.40,3.30,3.40,14600,3.40
2014-03-31,3.30,3.35,3.26,3.30,62700,3.30
2014-03-28,3.21,3.31,3.17,3.30,98600,3.30
2014-03-27,3.19,3.20,3.16,3.20,6600,3.20
2014-03-26,3.36,3.36,3.19,3.20,7000,3.20
2014-03-25,3.30,3.30,3.16,3.21,7400,3.21
2014-03-24,3.30,3.40,3.19,3.19,84800,3.19
2014-03-21,3.40,3.40,3.29,3.35,21400,3.35
2014-03-20,3.31,3.37,3.24,3.30,115100,3.30
2014-03-19,3.30,3.40,3.16,3.27,123600,3.27
2014-03-18,3.20,3.40,3.20,3.21,9400,3.21
2014-03-17,3.32,3.36,3.18,3.21,6400,3.21
2014-03-14,3.32,3.35,3.25,3.35,30800,3.35
2014-03-13,3.21,3.49,3.00,3.34,1157500,3.34
2014-03-12,3.12,3.27,3.08,3.27,31800,3.27
2014-03-11,3.18,3.24,3.10,3.24,6100,3.24
2014-03-10,3.25,3.25,3.25,3.25,000,3.25
2014-03-07,3.23,3.26,3.19,3.25,37700,3.25
2014-03-06,3.25,3.31,3.22,3.23,56600,3.23
2014-03-05,3.20,3.22,3.20,3.22,200,3.22
2014-03-04,3.25,3.25,3.24,3.24,3300,3.24
2014-03-03,3.25,3.32,3.22,3.22,28600,3.22
2014-02-28,3.26,3.32,3.22,3.22,7700,3.22
2014-02-27,3.25,3.26,3.24,3.24,3600,3.24
2014-02-26,3.25,3.25,3.25,3.25,1000,3.25
2014-02-25,3.17,3.17,3.16,3.16,200,3.16
2014-02-24,3.11,3.22,3.11,3.11,2800,3.11
2014-02-21,3.12,3.22,3.10,3.11,500,3.11
2014-02-20,3.17,3.19,3.10,3.15,4300,3.15
2014-02-19,3.07,3.23,3.07,3.23,7200,3.23
2014-02-18,3.06,3.19,3.05,3.05,20900,3.05
2014-02-14,3.05,3.06,3.05,3.05,4400,3.05
2014-02-13,3.11,3.11,3.07,3.07,1900,3.07
2014-02-12,3.02,3.07,3.00,3.07,1400,3.07
2014-02-11,2.99,2.99,2.99,2.99,000,2.99
2014-02-10,2.99,2.99,2.99,2.99,000,2.99
2014-02-07,3.03,3.13,2.99,2.99,400,2.99
2014-02-06,3.06,3.06,3.06,3.06,500,3.06
2014-02-05,3.06,3.06,3.06,3.06,000,3.06
2014-02-04,3.08,3.12,2.99,3.06,51600,3.06
2014-02-03,3.20,3.21,3.13,3.13,6500,3.13
2014-01-31,3.13,3.13,3.13,3.13,1600,3.13
2014-01-30,3.00,3.24,3.00,3.24,31600,3.24
2014-01-29,3.07,3.08,2.96,2.96,24900,2.96
2014-01-28,3.05,3.06,3.01,3.01,3500,3.01
2014-01-27,3.02,3.08,2.99,2.99,15100,2.99
2014-01-24,3.03,3.03,3.01,3.01,3200,3.01
2014-01-23,3.02,3.07,2.98,3.02,6500,3.02
2014-01-22,3.10,3.10,3.10,3.10,000,3.10
2014-01-21,3.12,3.12,3.10,3.10,1900,3.10
2014-01-17,3.11,3.11,3.11,3.11,600,3.11
2014-01-16,3.15,3.15,3.03,3.04,4100,3.04
2014-01-15,3.13,3.13,2.97,3.12,15100,3.12
2014-01-14,3.11,3.15,3.10,3.13,6900,3.13
2014-01-13,3.11,3.19,3.11,3.15,1100,3.15
2014-01-10,3.15,3.15,3.10,3.15,3000,3.15
2014-01-09,3.15,3.17,3.11,3.16,5700,3.16
2014-01-08,3.19,3.19,3.16,3.19,500,3.19
2014-01-07,3.15,3.22,3.12,3.20,9100,3.20
2014-01-06,3.16,3.16,3.02,3.10,9300,3.10
2014-01-03,3.16,3.16,3.16,3.16,100,3.16
2014-01-02,3.15,3.15,3.15,3.15,400,3.15
2013-12-31,3.15,3.18,3.12,3.12,4400,3.12
2013-12-30,3.17,3.17,3.15,3.15,6300,3.15
2013-12-27,3.15,3.20,3.15,3.20,7400,3.20
2013-12-26,3.15,3.19,3.11,3.14,15900,3.14
2013-12-24,3.16,3.16,3.15,3.15,1600,3.15
2013-12-23,3.15,3.16,3.15,3.15,3600,3.15
2013-12-20,3.10,3.19,3.10,3.19,7000,3.19
2013-12-19,3.10,3.20,3.10,3.17,15600,3.17
2013-12-18,3.03,3.10,3.03,3.10,4500,3.10
2013-12-17,3.03,3.10,3.03,3.06,1900,3.06
2013-12-16,3.03,3.07,3.01,3.03,1400,3.03
2013-12-13,3.03,3.10,3.03,3.08,3600,3.08
2013-12-12,3.04,3.05,3.04,3.05,700,3.05
2013-12-11,3.10,3.16,3.01,3.07,119700,3.07
2013-12-10,3.15,3.22,3.15,3.20,22500,3.20
2013-12-09,3.18,3.21,3.06,3.16,46700,3.16
2013-12-06,3.13,3.33,3.12,3.16,30000,3.16
2013-12-05,3.17,3.35,3.10,3.15,38000,3.15
2013-12-04,3.46,3.46,3.15,3.21,35100,3.21
2013-12-03,3.18,3.50,3.16,3.25,118000,3.25
2013-12-02,3.05,3.21,3.04,3.13,217300,3.13
2013-11-29,3.19,3.21,3.06,3.06,5800,3.06
2013-11-27,3.17,3.22,3.15,3.22,13800,3.22
2013-11-26,3.04,3.06,3.04,3.06,1100,3.06
2013-11-25,3.10,3.17,3.05,3.17,1700,3.17
2013-11-22,3.12,3.12,3.12,3.12,1000,3.12
2013-11-21,3.15,3.15,3.05,3.11,4900,3.11
2013-11-20,3.13,3.19,3.06,3.07,11900,3.07
2013-11-19,3.25,3.26,3.06,3.06,5500,3.06
2013-11-18,3.35,3.36,2.93,3.06,22500,3.06
2013-11-15,3.40,3.45,3.32,3.36,20900,3.36
2013-11-14,3.32,3.40,3.31,3.35,16200,3.35
2013-11-13,3.40,3.48,3.35,3.35,8100,3.35
2013-11-12,3.50,3.50,3.31,3.36,19000,3.36
2013-11-11,3.55,3.62,3.20,3.45,61600,3.45
2013-11-08,3.24,3.68,3.24,3.50,138300,3.50
2013-11-07,3.06,3.30,3.05,3.30,75700,3.30
2013-11-06,3.10,3.12,3.04,3.04,50500,3.04
2013-11-05,3.12,3.20,3.12,3.20,25800,3.20
2013-11-04,3.15,3.20,3.15,3.16,10600,3.16
2013-11-01,3.20,3.20,3.20,3.20,000,3.20
2013-10-31,3.15,3.20,3.15,3.20,2400,3.20
2013-10-30,3.12,3.12,3.12,3.12,100,3.12
2013-10-29,3.16,3.16,3.15,3.15,2200,3.15
2013-10-28,3.20,3.20,3.20,3.20,11200,3.20
2013-10-25,3.08,3.20,3.08,3.18,4600,3.18
2013-10-24,3.06,3.06,3.06,3.06,400,3.06
2013-10-23,3.06,3.08,3.06,3.08,1300,3.08
2013-10-22,3.07,3.07,3.07,3.07,100,3.07
2013-10-21,3.10,3.10,3.06,3.07,6000,3.07
2013-10-18,3.10,3.10,3.06,3.06,400,3.06
2013-10-17,3.14,3.15,3.05,3.06,1800,3.06
2013-10-16,3.15,3.15,3.05,3.05,7500,3.05
2013-10-15,3.10,3.18,3.06,3.06,21300,3.06
2013-10-14,3.08,3.08,3.06,3.06,1400,3.06
2013-10-11,3.09,3.14,3.09,3.14,200,3.14
2013-10-10,3.09,3.25,3.05,3.13,10800,3.13
2013-10-09,3.20,3.20,3.09,3.10,25300,3.10
2013-10-08,3.10,3.12,3.06,3.08,31100,3.08
2013-10-07,3.19,3.20,3.10,3.15,2900,3.15
2013-10-04,3.20,3.25,3.14,3.19,25100,3.19
2013-10-03,3.10,3.29,3.10,3.27,24000,3.27
2013-10-02,3.20,3.25,3.10,3.10,22100,3.10
2013-10-01,3.21,3.31,3.12,3.23,11900,3.23
2013-09-30,3.20,3.20,3.20,3.20,5200,3.20
2013-09-27,3.39,3.39,3.11,3.15,11400,3.15
2013-09-26,3.32,3.41,3.32,3.40,600,3.40
2013-09-25,3.33,3.33,3.25,3.25,600,3.25
2013-09-24,3.41,3.41,3.41,3.41,000,3.41
2013-09-23,3.48,3.48,3.28,3.41,38500,3.41
2013-09-20,3.16,3.69,3.16,3.69,55500,3.69
2013-09-19,3.27,3.32,3.21,3.31,5600,3.31
2013-09-18,3.30,3.35,3.17,3.35,2400,3.35
2013-09-17,3.28,3.35,3.28,3.30,900,3.30
2013-09-16,3.30,3.30,3.11,3.30,34300,3.30
2013-09-13,3.30,3.30,3.18,3.28,47400,3.28
2013-09-12,3.28,3.40,3.27,3.30,1300,3.30
2013-09-11,3.35,3.35,3.30,3.30,2200,3.30
2013-09-10,3.44,3.44,3.26,3.35,2300,3.35
2013-09-09,3.38,3.40,3.31,3.32,7200,3.32
2013-09-06,3.42,3.45,3.42,3.45,6700,3.45
2013-09-05,3.42,3.44,3.42,3.43,3500,3.43
2013-09-04,3.48,3.48,3.43,3.43,700,3.43
2013-09-03,3.51,3.63,3.43,3.43,6800,3.43
2013-08-30,3.41,3.41,3.41,3.41,100,3.41
2013-08-29,3.43,3.50,3.39,3.41,23900,3.41
2013-08-28,3.46,3.46,3.45,3.45,3300,3.45
2013-08-27,3.52,3.56,3.50,3.50,2900,3.50
2013-08-26,3.65,3.65,3.60,3.60,400,3.60
2013-08-23,3.68,3.68,3.68,3.68,000,3.68
2013-08-22,3.68,3.68,3.68,3.68,000,3.68
2013-08-21,3.68,3.68,3.68,3.68,000,3.68
2013-08-20,3.52,3.68,3.52,3.68,600,3.68
2013-08-19,3.47,3.51,3.47,3.51,1400,3.51
2013-08-16,3.44,3.50,3.42,3.46,5600,3.46
2013-08-15,3.55,3.57,3.50,3.50,38000,3.50
2013-08-14,3.73,3.73,3.55,3.55,1400,3.55
2013-08-13,3.48,3.48,3.48,3.48,200,3.48
2013-08-12,3.67,3.67,3.48,3.54,8400,3.54
2013-08-09,3.43,3.72,3.43,3.72,17500,3.72
2013-08-08,3.50,3.50,3.45,3.45,3600,3.45
2013-08-07,3.55,3.55,3.45,3.46,21900,3.46
2013-08-06,3.60,3.66,3.51,3.55,63300,3.55
2013-08-05,3.44,4.66,3.44,3.65,485900,3.65
2013-08-02,3.41,3.45,3.40,3.40,6600,3.40
2013-08-01,3.35,3.45,3.35,3.45,5000,3.45
2013-07-31,3.45,3.45,3.33,3.45,1500,3.45
2013-07-30,3.49,3.49,3.39,3.39,3100,3.39
2013-07-29,3.43,3.43,3.32,3.33,40800,3.33
2013-07-26,3.47,3.50,3.43,3.50,1200,3.50
2013-07-25,3.49,3.49,3.49,3.49,000,3.49
2013-07-24,3.44,3.50,3.44,3.49,1900,3.49
2013-07-23,3.51,3.51,3.50,3.50,800,3.50
2013-07-22,3.55,3.55,3.55,3.55,000,3.55
2013-07-19,3.58,3.59,3.42,3.55,15900,3.55
2013-07-18,3.50,3.58,3.46,3.57,5800,3.57
2013-07-17,3.56,3.56,3.56,3.56,000,3.56
2013-07-16,3.59,3.59,3.56,3.56,300,3.56
2013-07-15,3.59,3.65,3.59,3.59,19400,3.59
2013-07-12,3.73,3.73,3.46,3.69,1300,3.69
2013-07-11,3.63,3.63,3.48,3.48,7900,3.48
2013-07-10,3.57,3.57,3.57,3.57,000,3.57
2013-07-09,3.52,3.60,3.52,3.57,2600,3.57
2013-07-08,3.43,3.52,3.43,3.52,500,3.52
2013-07-05,3.48,3.48,3.39,3.39,34000,3.39
2013-07-03,3.50,3.51,3.46,3.48,14500,3.48
2013-07-02,3.53,3.55,3.53,3.55,5400,3.55
2013-07-01,3.56,3.56,3.56,3.56,100,3.56
2013-06-28,3.52,3.61,3.52,3.61,400,3.61
2013-06-27,3.58,3.63,3.58,3.63,1500,3.63
2013-06-26,3.51,3.60,3.51,3.60,2700,3.60
2013-06-25,3.51,3.60,3.51,3.60,3900,3.60
2013-06-24,3.47,3.49,3.47,3.49,500,3.49
2013-06-21,3.45,3.54,3.45,3.54,300,3.54
2013-06-20,3.45,3.45,3.45,3.45,100,3.45
2013-06-19,3.59,3.59,3.59,3.59,000,3.59
2013-06-18,3.60,3.63,3.58,3.59,9500,3.59
2013-06-17,3.50,3.50,3.50,3.50,000,3.50
2013-06-14,3.54,3.56,3.50,3.50,19500,3.50
2013-06-13,3.63,3.63,3.63,3.63,000,3.63
2013-06-12,3.63,3.63,3.63,3.63,300,3.63
2013-06-11,3.56,3.56,3.56,3.56,300,3.56
2013-06-10,3.63,3.63,3.63,3.63,200,3.63
2013-06-07,3.51,3.57,3.51,3.57,800,3.57
2013-06-06,3.57,3.57,3.57,3.57,000,3.57
2013-06-05,3.54,3.57,3.53,3.57,3800,3.57
2013-06-04,3.60,3.60,3.54,3.54,4000,3.54
2013-06-03,3.54,3.57,3.51,3.57,9500,3.57
2013-05-31,3.62,3.62,3.52,3.54,7800,3.54
2013-05-30,3.63,3.63,3.63,3.63,000,3.63
2013-05-29,3.62,3.63,3.62,3.63,800,3.63
2013-05-28,3.62,3.62,3.62,3.62,2100,3.62
2013-05-24,3.62,3.64,3.55,3.63,1500,3.63
2013-05-23,3.56,3.65,3.55,3.65,6600,3.65
2013-05-22,3.62,3.62,3.62,3.62,5400,3.62
2013-05-21,3.63,3.63,3.62,3.62,3900,3.62
2013-05-20,3.65,3.70,3.62,3.65,6700,3.65
2013-05-17,3.68,3.70,3.62,3.62,7300,3.62
2013-05-16,3.67,3.67,3.57,3.62,2300,3.62
2013-05-15,3.67,3.75,3.67,3.67,3100,3.67
2013-05-14,3.75,3.75,3.71,3.71,16800,3.71
2013-05-13,3.72,3.80,3.72,3.75,5300,3.75
2013-05-10,3.69,3.69,3.69,3.69,1000,3.69
2013-05-09,3.63,3.63,3.63,3.63,000,3.63
2013-05-08,3.63,3.69,3.62,3.63,4700,3.63
2013-05-07,3.65,3.81,3.65,3.72,3400,3.72
2013-05-06,3.62,3.62,3.62,3.62,8700,3.62
2013-05-03,3.69,3.69,3.62,3.62,1700,3.62
2013-05-02,3.70,3.70,3.70,3.70,000,3.70
2013-05-01,3.70,3.70,3.70,3.70,1100,3.70
2013-04-30,3.74,3.75,3.74,3.75,2200,3.75
2013-04-29,3.66,3.73,3.65,3.71,18300,3.71
2013-04-26,3.65,3.65,3.62,3.62,600,3.62
2013-04-25,3.59,3.65,3.59,3.62,8300,3.62
2013-04-24,3.62,3.62,3.62,3.62,000,3.62
2013-04-23,3.62,3.62,3.62,3.62,700,3.62
2013-04-22,3.64,3.64,3.62,3.62,2200,3.62
2013-04-19,3.65,3.65,3.62,3.62,5700,3.62
2013-04-18,3.64,3.65,3.62,3.62,10600,3.62
2013-04-17,3.66,3.66,3.62,3.62,5500,3.62
2013-04-16,3.68,3.68,3.66,3.66,1100,3.66
2013-04-15,3.66,3.67,3.62,3.66,3800,3.66
2013-04-12,3.68,3.68,3.68,3.68,000,3.68
2013-04-11,3.70,3.70,3.66,3.68,4200,3.68
2013-04-10,3.66,3.70,3.66,3.70,2200,3.70
2013-04-09,3.62,3.62,3.58,3.58,3700,3.58
2013-04-08,3.65,3.65,3.65,3.65,000,3.65
2013-04-05,3.62,3.65,3.62,3.65,1100,3.65
2013-04-04,3.62,3.72,3.62,3.70,12600,3.70
2013-04-03,3.70,3.70,3.70,3.70,8200,3.70
2013-04-02,3.69,3.78,3.68,3.70,7300,3.70
2013-04-01,3.70,3.72,3.68,3.68,18900,3.68
2013-03-28,3.75,3.75,3.70,3.71,24800,3.71
2013-03-27,3.80,3.80,3.70,3.75,37600,3.75
2013-03-26,3.80,3.94,3.80,3.94,200,3.94
2013-03-25,3.62,3.80,3.60,3.80,15000,3.80
2013-03-22,3.83,3.83,3.81,3.81,7600,3.81
2013-03-21,3.88,3.88,3.81,3.81,14800,3.81
2013-03-20,3.95,3.95,3.95,3.95,500,3.95
2013-03-19,3.92,3.92,3.88,3.88,2400,3.88
2013-03-18,3.91,3.95,3.91,3.95,500,3.95
2013-03-15,3.90,3.90,3.88,3.88,3500,3.88
2013-03-14,4.00,4.00,4.00,4.00,000,4.00
2013-03-13,3.99,4.00,3.99,4.00,4900,4.00
2013-03-12,3.96,4.00,3.95,3.98,8300,3.98
2013-03-11,4.06,4.06,3.97,3.97,6700,3.97
2013-03-08,3.92,4.07,3.92,4.00,17100,4.00
2013-03-07,3.88,3.88,3.86,3.86,800,3.86
2013-03-06,3.92,3.92,3.88,3.88,300,3.88
2013-03-05,3.90,3.90,3.85,3.90,18900,3.90
2013-03-04,3.86,3.90,3.85,3.86,19300,3.86
2013-03-01,3.85,3.90,3.85,3.90,4100,3.90
2013-02-28,3.93,3.93,3.85,3.85,12100,3.85
2013-02-27,3.90,3.91,3.87,3.89,7400,3.89
2013-02-26,3.76,3.85,3.75,3.85,22500,3.85
2013-02-25,3.79,3.82,3.79,3.81,13500,3.81
2013-02-22,3.77,3.83,3.77,3.83,1500,3.83
2013-02-21,3.79,3.80,3.72,3.80,12000,3.80
2013-02-20,3.78,3.81,3.78,3.80,13700,3.80
2013-02-19,3.78,3.81,3.78,3.80,28100,3.80
2013-02-15,3.80,3.80,3.78,3.79,5600,3.79
2013-02-14,3.81,3.85,3.79,3.81,8200,3.81
2013-02-13,3.81,3.83,3.80,3.81,3600,3.81
2013-02-12,3.82,3.83,3.78,3.83,3100,3.83
2013-02-11,3.80,3.84,3.78,3.83,5200,3.83
2013-02-08,3.76,3.84,3.76,3.80,16900,3.80
2013-02-07,3.79,3.80,3.77,3.78,7200,3.78
2013-02-06,3.75,3.77,3.75,3.77,5900,3.77
2013-02-05,3.71,3.76,3.70,3.70,1600,3.70
2013-02-04,3.68,3.74,3.68,3.68,1700,3.68
2013-02-01,3.75,3.78,3.72,3.75,1700,3.75
2013-01-31,3.75,3.75,3.75,3.75,2900,3.75
2013-01-30,3.75,3.78,3.70,3.78,3100,3.78
2013-01-29,3.77,3.79,3.75,3.75,2200,3.75
2013-01-28,3.73,3.80,3.73,3.80,5200,3.80
2013-01-25,3.70,3.72,3.70,3.71,700,3.71
2013-01-24,3.70,3.70,3.65,3.69,3300,3.69
2013-01-23,3.80,3.80,3.68,3.70,9800,3.70
2013-01-22,3.73,3.78,3.70,3.78,3700,3.78
2013-01-18,3.76,3.76,3.71,3.71,800,3.71
2013-01-17,3.69,3.70,3.65,3.70,2500,3.70
2013-01-16,3.65,3.75,3.61,3.69,6800,3.69
2013-01-15,3.68,3.70,3.60,3.66,29000,3.66
2013-01-14,3.73,3.80,3.71,3.75,6800,3.75
2013-01-11,3.78,3.80,3.76,3.76,9300,3.76
2013-01-10,3.83,3.83,3.77,3.77,10600,3.77
2013-01-09,3.76,3.80,3.76,3.80,9000,3.80
2013-01-08,3.77,3.77,3.75,3.75,1500,3.75
2013-01-07,3.74,3.75,3.74,3.75,5300,3.75
2013-01-04,3.69,3.74,3.66,3.74,5400,3.74
2013-01-03,3.79,3.79,3.70,3.70,16900,3.70
2013-01-02,3.56,3.70,3.56,3.70,43100,3.70
2012-12-31,3.54,3.55,3.51,3.55,26300,3.55
2012-12-28,3.51,3.53,3.45,3.53,10300,3.53
2012-12-27,3.46,3.51,3.46,3.51,58000,3.51
2012-12-26,3.46,3.52,3.40,3.52,9200,3.52
2012-12-24,3.50,3.50,3.43,3.43,1600,3.43
2012-12-21,3.45,3.54,3.36,3.50,63800,3.50
2012-12-20,3.60,3.60,3.45,3.48,20700,3.48
2012-12-19,3.51,3.59,3.50,3.59,15300,3.59
2012-12-18,3.60,3.60,3.50,3.53,26000,3.53
2012-12-17,3.60,3.65,3.55,3.60,34300,3.60
2012-12-14,3.71,3.71,3.60,3.65,5500,3.65
2012-12-13,3.63,3.71,3.63,3.71,1100,3.71
2012-12-12,3.61,3.90,3.60,3.60,16600,3.60
2012-12-11,3.65,3.65,3.50,3.55,88300,3.55
2012-12-10,3.63,3.87,3.63,3.75,22100,3.75
2012-12-07,3.85,3.85,3.55,3.64,67400,3.64
2012-12-06,4.05,4.05,3.81,3.82,16000,3.82
2012-12-05,3.81,4.05,3.81,4.05,23600,4.05
2012-12-04,3.76,3.97,3.76,3.92,9700,3.92
2012-12-03,4.11,4.11,3.75,3.90,84500,3.90
2012-11-30,4.00,4.18,3.99,4.06,131500,4.06
2012-11-29,3.79,4.15,3.65,3.99,237300,3.99
2012-11-28,3.59,3.64,3.58,3.58,11300,3.58
2012-11-27,3.44,3.58,3.44,3.58,10000,3.58
2012-11-26,3.60,3.60,3.40,3.41,39900,3.41
2012-11-23,3.57,3.57,3.57,3.57,000,3.57
2012-11-21,3.52,3.57,3.52,3.57,1300,3.57
2012-11-20,3.59,3.59,3.54,3.59,3200,3.59
2012-11-19,3.55,3.57,3.54,3.57,7400,3.57
2012-11-16,3.48,3.55,3.48,3.50,7800,3.50
2012-11-15,3.47,3.85,3.46,3.48,27000,3.48
2012-11-14,3.50,3.50,3.48,3.48,11800,3.48
2012-11-13,3.46,3.50,3.46,3.50,23800,3.50
2012-11-12,3.44,3.50,3.37,3.47,14800,3.47
2012-11-09,3.46,3.46,3.45,3.45,1000,3.45
2012-11-08,3.42,3.48,3.37,3.46,1900,3.46
2012-11-07,3.42,3.43,3.40,3.43,10500,3.43
2012-11-06,3.55,3.55,3.55,3.55,600,3.55
2012-11-05,3.56,3.63,3.56,3.59,1800,3.59
2012-11-02,3.60,3.60,3.60,3.60,000,3.60
2012-11-01,3.49,3.61,3.49,3.60,12300,3.60
2012-10-31,3.36,3.45,3.36,3.42,11500,3.42
2012-10-26,3.46,3.46,3.36,3.36,400,3.36
2012-10-25,3.52,3.52,3.40,3.40,300,3.40
2012-10-24,3.39,3.55,3.36,3.50,3300,3.50
2012-10-23,3.48,3.48,3.00,3.43,188000,3.43
2012-10-22,3.51,3.53,3.51,3.52,1000,3.52
2012-10-19,3.70,3.70,3.52,3.55,13400,3.55
2012-10-18,3.55,3.72,3.52,3.72,3300,3.72
2012-10-17,3.69,3.69,3.69,3.69,000,3.69
2012-10-16,3.56,3.76,3.53,3.69,4600,3.69
2012-10-15,3.74,3.74,3.60,3.61,2900,3.61
2012-10-12,3.68,3.85,3.54,3.74,1200,3.74
2012-10-11,3.59,3.85,3.59,3.67,7400,3.67
2012-10-10,3.70,3.71,3.51,3.51,16500,3.51
2012-10-09,4.00,4.00,3.72,3.88,25900,3.88
2012-10-08,4.15,4.20,3.84,4.04,23700,4.04
2012-10-05,4.19,4.34,3.89,4.10,519200,4.10
2012-10-04,3.54,4.00,3.54,4.00,57500,4.00
2012-10-03,3.47,3.55,3.45,3.55,21100,3.55
2012-10-02,3.49,3.49,3.49,3.49,3400,3.49
2012-10-01,3.53,3.53,3.43,3.43,10300,3.43
2012-09-28,3.54,3.57,3.54,3.57,7200,3.57
2012-09-27,3.54,3.54,3.54,3.54,000,3.54
2012-09-26,3.48,3.57,3.41,3.54,35900,3.54
2012-09-25,3.42,3.50,3.42,3.45,75400,3.45
2012-09-24,3.42,3.44,3.35,3.44,13500,3.44
2012-09-21,3.44,3.44,3.44,3.44,1500,3.44
2012-09-20,3.42,3.45,3.42,3.45,300,3.45
2012-09-19,3.43,3.45,3.43,3.43,800,3.43
2012-09-18,3.45,3.45,3.44,3.45,5100,3.45
2012-09-17,3.48,3.49,3.45,3.49,500,3.49
2012-09-14,3.45,3.50,3.45,3.46,90900,3.46
2012-09-13,3.46,3.46,3.45,3.45,700,3.45
2012-09-12,3.44,3.45,3.44,3.45,66700,3.45
2012-09-11,3.42,3.44,3.42,3.44,3300,3.44
2012-09-10,3.43,3.43,3.42,3.42,2200,3.42
2012-09-07,3.44,3.44,3.44,3.44,100,3.44
2012-09-06,3.43,3.43,3.43,3.43,300,3.43
2012-09-05,3.47,3.48,3.47,3.48,1100,3.48
2012-09-04,3.46,3.46,3.46,3.46,2900,3.46
2012-08-31,3.44,3.44,3.44,3.44,600,3.44
2012-08-30,3.46,3.46,3.46,3.46,000,3.46
2012-08-29,3.46,3.46,3.46,3.46,000,3.46
2012-08-28,3.50,3.50,3.46,3.46,5500,3.46
2012-08-27,3.48,3.48,3.44,3.44,700,3.44
2012-08-24,3.50,3.50,3.50,3.50,9100,3.50
2012-08-23,3.43,3.43,3.43,3.43,200,3.43
2012-08-22,3.50,3.50,3.50,3.50,4000,3.50
2012-08-21,3.46,3.50,3.46,3.49,28300,3.49
2012-08-20,3.43,3.43,3.43,3.43,1300,3.43
2012-08-17,3.46,3.46,3.46,3.46,100,3.46
2012-08-16,3.42,3.45,3.42,3.42,1400,3.42
2012-08-15,3.48,3.48,3.48,3.48,000,3.48
2012-08-14,3.48,3.48,3.48,3.48,100,3.48
2012-08-13,3.50,3.52,3.46,3.50,7600,3.50
2012-08-10,3.51,3.51,3.51,3.51,000,3.51
2012-08-09,3.51,3.51,3.51,3.51,1700,3.51
2012-08-08,3.57,3.65,3.51,3.51,10300,3.51
2012-08-07,3.60,3.62,3.50,3.62,5700,3.62
2012-08-06,3.69,3.69,3.63,3.68,1300,3.68
2012-08-03,3.62,3.69,3.60,3.68,7400,3.68
2012-08-02,3.65,3.65,3.65,3.65,100,3.65
2012-08-01,3.69,3.70,3.65,3.65,5900,3.65
2012-07-31,3.69,3.70,3.69,3.70,7700,3.70
2012-07-30,3.69,3.69,3.69,3.69,000,3.69
2012-07-27,3.69,3.69,3.69,3.69,000,3.69
2012-07-26,3.65,3.69,3.65,3.69,7600,3.69
2012-07-25,3.70,3.70,3.70,3.70,000,3.70
2012-07-24,3.69,3.70,3.69,3.70,3200,3.70
2012-07-23,3.75,3.75,3.65,3.65,3800,3.65
2012-07-20,3.68,3.68,3.68,3.68,000,3.68
2012-07-19,3.68,3.69,3.68,3.68,600,3.68
2012-07-18,3.68,3.70,3.68,3.68,5300,3.68
2012-07-17,3.71,3.71,3.71,3.71,000,3.71
2012-07-16,3.68,3.71,3.68,3.71,3000,3.71
2012-07-13,3.75,3.75,3.65,3.68,10100,3.68
2012-07-12,3.71,3.71,3.71,3.71,100,3.71
2012-07-11,3.61,3.75,3.61,3.71,4800,3.71
2012-07-10,3.61,3.75,3.60,3.70,5200,3.70
2012-07-09,3.75,3.75,3.75,3.75,000,3.75
2012-07-06,3.75,3.75,3.75,3.75,900,3.75
2012-07-05,3.72,3.75,3.72,3.75,7400,3.75
2012-07-03,3.74,3.75,3.72,3.72,7100,3.72
2012-07-02,3.84,3.90,3.70,3.75,30600,3.75
2012-06-29,3.99,3.99,3.99,3.99,000,3.99
2012-06-28,3.99,3.99,3.99,3.99,000,3.99
2012-06-27,3.94,3.99,3.94,3.99,800,3.99
2012-06-26,3.99,3.99,3.99,3.99,000,3.99
2012-06-25,3.85,3.99,3.80,3.99,8000,3.99
2012-06-22,4.02,4.02,3.76,3.76,29400,3.76
2012-06-21,3.95,4.05,3.95,4.00,4600,4.00
2012-06-20,3.95,3.95,3.86,3.91,8700,3.91
2012-06-19,3.93,3.95,3.85,3.85,5400,3.85
2012-06-18,4.01,4.01,3.82,3.82,1000,3.82
2012-06-15,3.82,4.04,3.81,4.04,2700,4.04
2012-06-14,3.86,3.88,3.81,3.81,4700,3.81
2012-06-13,3.95,3.95,3.83,3.95,400,3.95
2012-06-12,4.01,4.03,3.98,3.98,6100,3.98
2012-06-11,4.00,4.04,3.91,4.03,3900,4.03
2012-06-08,3.66,3.95,3.66,3.95,25800,3.95
2012-06-07,3.69,3.69,3.65,3.65,500,3.65
2012-06-06,3.66,3.70,3.54,3.65,37900,3.65
2012-06-05,3.70,3.70,3.62,3.63,27600,3.63
2012-06-04,3.69,3.70,3.57,3.70,27600,3.70
2012-06-01,3.70,3.70,3.65,3.68,24700,3.68
2012-05-31,3.62,3.77,3.62,3.71,5000,3.71
2012-05-30,3.80,3.80,3.72,3.72,1500,3.72
2012-05-29,3.65,3.73,3.65,3.73,78400,3.73
2012-05-25,3.70,3.70,3.70,3.70,000,3.70
2012-05-24,3.70,3.70,3.70,3.70,100,3.70
2012-05-23,3.59,3.70,3.59,3.70,1200,3.70
2012-05-22,3.65,3.67,3.65,3.65,1200,3.65
2012-05-21,3.64,3.70,3.57,3.65,1700,3.65
2012-05-18,3.65,3.65,3.60,3.62,26500,3.62
2012-05-17,3.61,3.61,3.58,3.58,5000,3.58
2012-05-16,3.61,3.61,3.55,3.55,2900,3.55
2012-05-15,3.51,3.65,3.50,3.65,27000,3.65
2012-05-14,3.79,3.79,3.52,3.60,4800,3.60
2012-05-11,3.77,3.80,3.75,3.76,8000,3.76
2012-05-10,3.58,3.87,3.58,3.75,8700,3.75
2012-05-09,3.36,3.60,3.36,3.60,2500,3.60
2012-05-08,3.54,3.58,3.54,3.58,800,3.58
2012-05-07,3.44,3.60,3.27,3.47,65000,3.47
2012-05-04,3.35,3.47,3.33,3.41,13300,3.41
2012-05-03,3.33,3.50,3.33,3.47,20000,3.47
2012-05-02,3.21,3.63,3.21,3.26,41000,3.26
2012-05-01,3.24,3.25,3.19,3.24,6600,3.24
2012-04-30,3.28,3.29,3.16,3.29,6700,3.29
2012-04-27,3.21,3.24,3.21,3.24,11800,3.24
2012-04-26,3.18,3.26,3.18,3.21,6900,3.21
2012-04-25,3.22,3.26,3.16,3.26,16900,3.26
2012-04-24,3.18,3.25,3.17,3.24,6000,3.24
2012-04-23,3.24,3.24,3.18,3.18,12400,3.18
2012-04-20,3.20,3.22,3.20,3.22,4300,3.22
2012-04-19,3.25,3.25,3.20,3.21,5300,3.21
2012-04-18,3.20,3.25,3.20,3.20,30100,3.20
2012-04-17,3.22,3.22,3.20,3.20,20600,3.20
2012-04-16,3.23,3.24,3.22,3.24,16200,3.24
2012-04-13,3.20,3.22,3.20,3.22,7200,3.22
2012-04-12,3.20,3.21,3.20,3.20,2400,3.20
2012-04-11,3.20,3.20,3.20,3.20,2000,3.20
2012-04-10,3.20,3.23,3.20,3.20,21900,3.20
2012-04-09,3.20,3.26,3.20,3.26,5700,3.26
2012-04-05,3.18,3.22,3.18,3.22,3700,3.22
2012-04-04,3.20,3.20,3.18,3.18,36500,3.18
2012-04-03,3.25,3.27,3.19,3.20,34200,3.20
2012-04-02,3.27,3.28,3.25,3.26,3400,3.26
2012-03-30,3.30,3.30,3.27,3.29,11500,3.29
2012-03-29,3.27,3.30,3.26,3.30,9400,3.30
2012-03-28,3.27,3.30,3.26,3.29,10300,3.29
2012-03-27,3.26,3.28,3.26,3.26,4800,3.26
2012-03-26,3.30,3.31,3.26,3.28,6400,3.28
2012-03-23,3.32,3.39,3.26,3.28,13000,3.28
2012-03-22,3.36,3.36,3.32,3.33,3900,3.33
2012-03-21,3.32,3.40,3.32,3.40,24200,3.40
2012-03-20,3.36,3.36,3.26,3.33,8500,3.33
2012-03-19,3.36,3.41,3.30,3.37,12700,3.37
2012-03-16,3.40,3.42,3.30,3.36,12800,3.36
2012-03-15,3.35,3.41,3.28,3.41,29100,3.41
2012-03-14,3.40,3.42,3.35,3.37,31300,3.37
2012-03-13,3.40,3.42,3.35,3.40,49300,3.40
2012-03-12,3.21,3.43,3.08,3.35,323400,3.35
2012-03-09,8.08,8.33,8.08,8.24,66500,3.24
2012-03-08,8.24,8.35,8.15,8.31,63700,3.267524
2012-03-07,8.12,8.19,8.12,8.19,23900,3.220339
2012-03-06,8.06,8.13,8.06,8.12,2100,3.192815
2012-03-05,8.15,8.18,8.07,8.10,5100,3.184951
2012-03-02,8.12,8.20,8.04,8.15,39400,3.204611
2012-03-01,8.06,8.12,8.06,8.12,14700,3.192815
2012-02-29,8.04,8.09,8.00,8.00,5800,3.145631
2012-02-28,8.04,8.09,8.00,8.00,10700,3.145631
2012-02-27,8.00,8.04,7.99,8.04,9400,3.161359
2012-02-24,8.00,8.00,7.96,7.97,700,3.133835
2012-02-23,8.05,8.05,7.96,7.96,21600,3.129903
2012-02-22,8.05,8.06,8.00,8.00,19900,3.145631
2012-02-21,8.00,8.09,7.94,8.04,27400,3.161359
2012-02-17,8.04,8.04,7.97,8.00,15300,3.145631
2012-02-16,7.99,8.02,7.96,8.01,40500,3.149563
2012-02-15,8.01,8.07,7.95,8.00,10900,3.145631
2012-02-14,8.03,8.04,7.91,8.00,22900,3.145631
2012-02-13,8.15,8.15,8.00,8.03,36300,3.157427
2012-02-10,8.04,8.20,8.00,8.20,31700,3.224272
2012-02-09,8.19,8.19,8.03,8.04,56900,3.161359
2012-02-08,8.21,8.21,8.02,8.04,41700,3.161359
2012-02-07,8.14,8.15,8.02,8.15,59500,3.204611
2012-02-06,8.23,8.24,8.09,8.15,32400,3.204611
2012-02-03,7.99,8.27,7.98,8.26,29300,3.247864
2012-02-02,8.41,8.41,7.86,7.90,101700,3.10631
2012-02-01,8.17,8.22,8.00,8.08,51700,3.177087
2012-01-31,8.09,8.18,7.99,8.14,65000,3.20068
2012-01-30,8.25,8.25,8.01,8.02,22700,3.153495
2012-01-27,8.10,8.20,8.00,8.15,19900,3.204611
2012-01-26,8.20,8.33,8.00,8.00,48500,3.145631
2012-01-25,8.45,8.50,8.15,8.15,63000,3.204611
2012-01-24,8.49,8.49,8.31,8.49,28900,3.338301
2012-01-23,8.50,8.50,8.30,8.40,43100,3.302912
2012-01-20,8.25,8.63,8.16,8.44,240000,3.31864
2012-01-19,8.60,8.60,8.22,8.22,59500,3.232136
2012-01-18,8.55,8.59,8.47,8.50,27800,3.342233
2012-01-17,8.66,8.66,8.46,8.52,42700,3.350097
2012-01-13,8.60,8.60,8.40,8.41,31300,3.306844
2012-01-12,8.70,8.75,8.36,8.60,22900,3.381553
2012-01-11,9.00,9.25,8.60,8.62,135000,3.389417
2012-01-10,7.82,8.00,7.82,7.99,35900,3.141699
2012-01-09,7.95,8.02,7.81,7.91,12000,3.110242
2012-01-06,8.07,8.07,7.93,7.95,11100,3.125971
2012-01-05,7.93,8.15,7.91,7.91,8900,3.110242
2012-01-04,8.13,8.14,8.00,8.01,5000,3.149563
2012-01-03,8.15,8.15,7.98,8.12,26100,3.192815
2011-12-30,8.11,8.16,8.11,8.14,3400,3.20068
2011-12-29,8.08,8.16,8.02,8.16,11000,3.208543
2011-12-28,8.12,8.17,8.04,8.04,10800,3.161359
2011-12-27,8.06,8.09,8.01,8.09,12500,3.181019
2011-12-23,8.10,8.10,7.96,8.02,14800,3.153495
2011-12-22,7.86,8.10,7.86,8.06,12400,3.169223
2011-12-21,7.86,7.99,7.85,7.86,5600,3.090582
2011-12-20,7.87,8.09,7.87,7.89,8500,3.102378
2011-12-19,7.70,7.87,7.61,7.84,5200,3.082718
2011-12-16,7.72,7.78,7.60,7.68,14900,3.019806
2011-12-15,7.36,7.46,7.34,7.35,4100,2.890048
2011-12-14,7.48,7.48,7.27,7.27,31900,2.858592
2011-12-13,7.55,7.64,7.42,7.42,30000,2.917573
2011-12-12,7.73,7.82,7.44,7.50,54100,2.949029
2011-12-09,7.85,7.85,7.44,7.66,46600,3.011941
2011-12-08,7.88,7.97,7.82,7.82,2200,3.074854
2011-12-07,7.73,7.83,7.73,7.82,31600,3.074854
2011-12-06,7.90,7.90,7.79,7.79,17600,3.063058
2011-12-05,8.25,8.25,7.88,7.90,16100,3.10631
2011-12-02,7.91,8.00,7.91,7.94,6900,3.122039
2011-12-01,7.86,8.00,7.86,7.86,14600,3.090582
2011-11-30,7.90,7.90,7.84,7.87,3300,3.094514
2011-11-29,7.75,7.76,7.60,7.74,62100,3.043398
2011-11-28,7.90,7.90,7.75,7.80,27200,3.06699
2011-11-25,7.82,7.82,7.82,7.82,000,3.074854
2011-11-23,7.84,7.85,7.78,7.82,11500,3.074854
2011-11-22,7.87,8.00,7.81,7.85,14200,3.08665
2011-11-21,7.90,7.91,7.84,7.85,32700,3.08665
2011-11-18,8.00,8.00,7.92,7.92,4300,3.114175
2011-11-17,8.06,8.10,7.95,8.00,49400,3.145631
2011-11-16,8.16,8.19,8.07,8.13,94400,3.196747
2011-11-15,8.12,8.16,8.06,8.12,30700,3.192815
2011-11-14,8.15,8.20,8.09,8.09,25900,3.181019
2011-11-11,8.20,8.20,8.14,8.15,51900,3.204611
2011-11-10,8.28,8.28,8.06,8.20,24100,3.224272
2011-11-09,8.25,8.35,8.25,8.25,46200,3.243932
2011-11-08,8.34,8.40,8.20,8.34,40800,3.27932
2011-11-07,8.23,8.45,8.23,8.36,42300,3.287184
2011-11-04,8.25,8.38,8.25,8.29,48400,3.25966
2011-11-03,8.00,8.32,7.82,8.25,267600,3.243932
2011-11-02,8.40,8.40,8.35,8.37,370800,3.291116
2011-11-01,8.37,8.41,8.37,8.40,38000,3.302912
2011-10-31,8.41,8.50,8.39,8.48,33800,3.334369
2011-10-28,8.43,8.43,8.41,8.41,6500,3.306844
2011-10-27,8.45,8.45,8.35,8.41,199200,3.306844
2011-10-26,8.50,8.50,8.39,8.45,21400,3.322572
2011-10-25,8.40,8.41,8.40,8.40,30000,3.302912
2011-10-24,8.37,8.43,8.36,8.42,12300,3.310776
2011-10-21,8.44,8.44,8.40,8.43,25200,3.314709
2011-10-20,8.40,8.46,8.40,8.45,23400,3.322572
2011-10-19,8.45,8.45,8.45,8.45,6000,3.322572
2011-10-18,8.50,8.50,8.46,8.47,20800,3.330437
2011-10-17,8.64,8.74,8.45,8.46,51100,3.326505
2011-10-14,8.72,8.72,8.50,8.65,10900,3.401213
2011-10-13,8.55,8.75,8.55,8.66,31900,3.405145
2011-10-12,8.43,8.84,8.43,8.65,64900,3.401213
2011-10-11,8.40,9.40,8.40,8.79,300200,3.456262
2011-10-10,6.25,6.25,6.20,6.20,900,2.437864
2011-10-07,6.25,6.25,6.25,6.25,300,2.457524
2011-10-06,5.81,6.25,5.81,6.03,8000,2.371019
2011-10-05,6.07,6.07,6.06,6.06,400,2.382815
2011-10-04,5.93,6.21,5.93,6.19,300,2.433932
2011-10-03,6.10,6.10,5.90,5.90,400,2.319903
2011-09-30,5.98,6.11,5.91,6.10,3000,2.398543
2011-09-29,6.00,6.00,6.00,6.00,000,2.359223
2011-09-28,6.00,6.00,5.97,6.00,2000,2.359223
2011-09-27,5.61,6.21,5.57,5.98,2300,2.351359
2011-09-26,5.50,5.55,5.50,5.51,5600,2.166553
2011-09-23,5.50,5.50,5.50,5.50,3000,2.162621
2011-09-22,5.50,5.60,5.50,5.53,4800,2.174417
2011-09-21,5.55,5.70,5.51,5.56,8300,2.186213
2011-09-20,5.53,5.62,5.53,5.58,2500,2.194077
2011-09-19,5.47,5.55,5.47,5.51,5000,2.166553
2011-09-16,5.36,5.54,5.36,5.43,9300,2.135097
2011-09-15,5.51,5.69,5.47,5.57,1000,2.190146
2011-09-14,5.55,5.67,5.53,5.67,2000,2.229466
2011-09-13,5.41,5.67,5.41,5.55,9000,2.182281
2011-09-12,5.59,5.72,5.30,5.60,10000,2.201942
2011-09-09,5.92,5.92,5.55,5.56,1800,2.186213
2011-09-08,5.98,5.98,5.73,5.81,7700,2.284514
2011-09-07,6.00,6.05,5.90,6.00,17700,2.359223
2011-09-06,5.95,6.06,5.76,5.93,13900,2.331699
2011-09-02,6.02,6.03,5.99,6.03,3000,2.371019
2011-09-01,6.25,6.25,6.02,6.07,1900,2.386747
2011-08-31,6.21,6.21,6.21,6.21,000,2.441796
2011-08-30,6.34,6.34,6.15,6.21,1500,2.441796
2011-08-29,6.20,6.45,6.06,6.06,1600,2.382815
2011-08-26,6.23,6.23,6.04,6.07,17100,2.386747
2011-08-25,6.35,6.63,6.12,6.52,2000,2.563689
2011-08-24,6.03,6.25,6.03,6.25,1800,2.457524
2011-08-23,6.16,6.18,6.04,6.18,3200,2.43
2011-08-22,6.23,6.40,6.02,6.11,3500,2.402476
2011-08-19,6.03,6.15,6.00,6.10,27500,2.398543
2011-08-18,6.00,6.50,5.69,6.10,14200,2.398543
2011-08-17,6.59,6.88,6.59,6.81,4600,2.677718
2011-08-16,6.51,6.80,6.47,6.62,6100,2.603009
2011-08-15,6.67,6.75,6.61,6.61,2200,2.599078
2011-08-12,6.66,7.00,6.59,6.59,3900,2.591213
2011-08-11,6.68,6.79,6.39,6.59,5000,2.591213
2011-08-10,6.30,6.65,6.30,6.56,7300,2.579417
2011-08-09,6.30,6.30,6.20,6.20,11400,2.437864
2011-08-08,6.85,6.85,6.21,6.21,9000,2.441796
2011-08-05,6.75,7.00,6.62,7.00,5400,2.752427
2011-08-04,7.27,7.38,6.50,6.92,19000,2.720971
2011-08-03,7.44,7.44,7.10,7.25,11800,2.850728
2011-08-02,7.40,7.42,7.27,7.27,2900,2.858592
2011-08-01,7.50,7.50,7.35,7.49,7600,2.945097
2011-07-29,7.60,7.60,7.60,7.60,200,2.988349
2011-07-28,7.42,7.68,7.40,7.68,15300,3.019806
2011-07-27,7.55,7.55,7.33,7.38,22800,2.901844
2011-07-26,7.61,7.62,7.61,7.62,300,2.996213
2011-07-25,7.75,7.78,7.70,7.70,600,3.02767
2011-07-22,7.79,7.80,7.72,7.77,5100,3.055194
2011-07-21,7.65,8.00,7.65,7.75,36300,3.04733
2011-07-20,7.93,7.96,7.33,7.73,21100,3.039466
2011-07-19,7.85,8.00,7.85,8.00,2000,3.145631
2011-07-18,7.65,7.65,7.65,7.65,000,3.00801
2011-07-15,7.99,8.00,7.60,7.65,3200,3.00801
2011-07-14,7.79,8.00,7.77,7.89,1100,3.102378
2011-07-13,7.92,8.00,7.92,8.00,3800,3.145631
2011-07-12,7.93,7.94,7.89,7.94,4100,3.122039
2011-07-11,8.00,8.00,7.93,7.98,4200,3.137767
2011-07-08,8.13,8.13,8.00,8.00,1200,3.145631
2011-07-07,8.00,8.20,7.91,8.20,23700,3.224272
2011-07-06,7.26,8.00,7.20,7.98,11500,3.137767
2011-07-05,7.29,7.75,7.12,7.24,1800,2.846796
2011-07-01,7.12,7.42,7.12,7.22,1700,2.838932
2011-06-30,7.08,7.16,7.08,7.15,1100,2.811408
2011-06-29,7.13,7.31,6.95,7.02,5300,2.760291
2011-06-28,6.93,7.24,6.93,7.22,4000,2.838932
2011-06-27,7.12,7.28,6.94,7.28,3800,2.862524
2011-06-24,7.25,7.28,7.04,7.12,5100,2.799611
2011-06-23,7.27,7.33,7.03,7.24,2600,2.846796
2011-06-22,7.23,7.61,6.97,7.25,12500,2.850728
2011-06-21,6.86,7.64,6.86,7.15,9200,2.811408
2011-06-20,6.73,7.39,6.62,7.10,3800,2.791747
2011-06-17,7.07,7.07,6.70,7.00,1100,2.752427
2011-06-16,6.67,7.02,6.67,7.02,2800,2.760291
2011-06-15,6.84,6.87,6.84,6.87,200,2.70131
2011-06-14,6.76,7.00,6.65,6.90,3500,2.713107
2011-06-13,6.95,6.97,6.65,6.65,2300,2.614806
2011-06-10,6.91,7.95,6.50,6.97,8200,2.740631
2011-06-09,6.67,6.97,6.60,6.85,1200,2.693446
2011-06-08,6.55,6.72,6.55,6.72,800,2.64233
2011-06-07,6.82,6.82,6.67,6.67,400,2.62267
2011-06-06,6.69,6.98,6.69,6.98,800,2.744563
2011-06-03,6.56,6.99,6.51,6.99,1200,2.748495
2011-06-02,6.66,6.66,6.66,6.66,200,2.618738
2011-06-01,6.58,6.65,6.51,6.65,10000,2.614806
2011-05-31,6.75,6.76,6.74,6.75,5900,2.654126
2011-05-27,6.68,6.75,6.65,6.66,3200,2.618738
2011-05-26,6.69,6.70,6.62,6.67,2200,2.62267
2011-05-25,6.73,6.73,6.67,6.73,5200,2.646262
2011-05-24,6.71,6.75,6.70,6.73,24200,2.646262
2011-05-23,6.65,6.73,6.65,6.71,3800,2.638398
2011-05-20,6.85,6.85,6.83,6.83,3000,2.685582
2011-05-19,6.84,7.00,6.78,6.85,12000,2.693446
2011-05-18,6.73,6.78,6.66,6.78,4800,2.665922
2011-05-17,6.71,6.71,6.66,6.66,200,2.618738
2011-05-16,6.84,6.84,6.77,6.77,1000,2.66199
2011-05-13,6.65,6.90,6.64,6.90,3800,2.713107
2011-05-12,7.00,7.00,6.74,6.87,6300,2.70131
2011-05-11,6.90,7.28,6.70,6.80,8100,2.673786
2011-05-10,7.50,7.50,6.84,6.84,31800,2.689514
2011-05-09,7.62,7.62,7.62,7.62,1100,2.996213
2011-05-06,7.94,7.94,7.72,7.82,1100,3.074854
2011-05-05,7.48,7.58,7.45,7.45,400,2.929369
2011-05-04,7.59,7.60,7.50,7.50,2500,2.949029
2011-05-03,8.00,8.00,7.59,7.59,9000,2.984417
2011-05-02,8.00,8.20,7.95,8.10,23000,3.184951
2011-04-29,7.90,8.20,7.90,8.07,26000,3.173155
2011-04-28,8.10,8.10,7.00,7.91,5100,3.110242
2011-04-27,8.00,8.20,7.98,8.20,7100,3.224272
2011-04-26,8.00,8.10,8.00,8.00,6100,3.145631
2011-04-25,7.97,8.10,7.92,8.10,8400,3.184951
2011-04-21,7.77,8.10,7.77,7.99,6800,3.141699
2011-04-20,7.70,7.95,7.67,7.67,2800,3.015874
2011-04-19,7.65,7.69,7.55,7.69,8500,3.023738
2011-04-18,7.70,7.75,7.61,7.73,2300,3.039466
2011-04-15,7.75,8.00,7.75,7.90,10600,3.10631
2011-04-14,7.74,8.00,7.74,7.75,8400,3.04733
2011-04-13,7.66,8.10,7.66,8.10,1500,3.184951
2011-04-12,7.56,7.98,7.55,7.98,1300,3.137767
2011-04-11,7.97,8.00,7.78,7.78,600,3.059126
2011-04-08,8.00,8.00,8.00,8.00,000,3.145631
2011-04-07,7.99,8.00,7.99,8.00,1200,3.145631
2011-04-06,7.94,7.94,7.94,7.94,000,3.122039
2011-04-05,7.50,8.00,7.50,7.94,4500,3.122039
2011-04-04,7.51,7.93,7.51,7.86,7700,3.090582
2011-04-01,7.45,7.70,7.45,7.54,18400,2.964757
2011-03-31,7.54,7.54,7.41,7.48,700,2.941165
2011-03-30,7.36,7.36,7.36,7.36,100,2.89398
2011-03-29,7.75,7.75,7.49,7.49,6700,2.945097
2011-03-28,7.10,7.20,7.02,7.11,7700,2.795679
2011-03-25,7.05,7.30,7.05,7.18,7500,2.823204
2011-03-24,7.06,7.10,6.90,7.07,6600,2.779951
2011-03-23,7.08,7.10,6.80,7.00,26000,2.752427
2011-03-22,7.00,7.05,7.00,7.00,10700,2.752427
2011-03-21,6.90,7.13,6.85,7.00,20700,2.752427
2011-03-18,6.82,6.82,6.61,6.61,18200,2.599078
2011-03-17,6.97,6.97,6.61,6.77,24200,2.66199
2011-03-16,6.74,6.92,6.54,6.92,700,2.720971
2011-03-15,6.65,6.80,6.56,6.75,10900,2.654126
2011-03-14,7.01,7.04,6.42,6.68,16800,2.626602
2011-03-11,7.02,7.06,7.00,7.00,20400,2.752427
2011-03-10,7.15,7.18,7.00,7.03,15900,2.764223
2011-03-09,7.42,7.60,7.11,7.11,18000,2.795679
2011-03-08,7.50,7.50,7.41,7.41,10000,2.913641
2011-03-07,7.55,7.60,7.51,7.55,5300,2.968689
2011-03-04,7.53,7.59,7.52,7.59,2700,2.984417
2011-03-03,7.68,7.68,7.50,7.51,15400,2.952961
2011-03-02,7.55,7.70,7.51,7.53,6700,2.960825
2011-03-01,7.84,7.87,7.57,7.57,2900,2.976553
2011-02-28,7.71,7.91,7.71,7.78,10600,3.059126
2011-02-25,7.51,7.77,7.50,7.77,6400,3.055194
2011-02-24,7.54,7.54,7.50,7.51,14300,2.952961
2011-02-23,7.54,7.59,7.50,7.52,13500,2.956893
2011-02-22,7.65,7.65,7.59,7.65,800,3.00801
2011-02-18,7.55,7.70,7.55,7.70,5800,3.02767
2011-02-17,7.60,7.70,7.50,7.70,5000,3.02767
2011-02-16,7.73,7.73,7.52,7.70,13100,3.02767
2011-02-15,7.62,7.76,7.55,7.62,27400,2.996213
2011-02-14,7.80,7.82,7.51,7.56,18300,2.972621
2011-02-11,8.00,8.00,7.58,7.75,35700,3.04733
2011-02-10,8.02,8.05,7.97,7.97,24600,3.133835
2011-02-09,8.01,8.11,8.01,8.05,6400,3.165291
2011-02-08,8.51,8.51,8.00,8.09,19300,3.181019
2011-02-07,8.50,8.75,8.49,8.60,7300,3.381553
2011-02-04,8.50,8.60,8.36,8.49,1300,3.338301
2011-02-03,8.47,8.50,8.44,8.50,12000,3.342233
2011-02-02,8.53,8.53,8.48,8.50,6300,3.342233
2011-02-01,8.51,8.77,8.51,8.65,2300,3.401213
2011-01-31,8.70,8.77,8.70,8.72,1800,3.428738
2011-01-28,8.80,8.80,8.47,8.49,2200,3.338301
2011-01-27,8.60,8.80,8.57,8.79,2700,3.456262
2011-01-26,8.73,8.74,8.70,8.74,600,3.436602
2011-01-25,8.62,8.63,8.50,8.50,2500,3.342233
2011-01-24,8.45,8.70,8.45,8.63,7800,3.393349
2011-01-21,8.30,8.70,8.25,8.63,7900,3.393349
2011-01-20,8.49,8.54,8.28,8.28,2900,3.255728
2011-01-19,8.26,8.50,8.23,8.45,3900,3.322572
2011-01-18,8.58,8.58,8.02,8.53,2400,3.354029
2011-01-14,8.45,8.60,8.45,8.56,8800,3.365825
2011-01-13,8.53,8.60,8.50,8.60,6000,3.381553
2011-01-12,8.48,8.51,8.48,8.51,400,3.346165
2011-01-11,8.63,8.63,8.48,8.48,2100,3.334369
2011-01-10,8.46,8.60,8.43,8.60,1300,3.381553
2011-01-07,8.50,8.59,7.94,8.36,6900,3.287184
2011-01-06,8.45,8.60,8.45,8.51,11900,3.346165
2011-01-05,8.45,8.60,8.45,8.47,10700,3.330437
2011-01-04,8.59,8.60,8.55,8.60,20000,3.381553
2011-01-03,8.25,8.60,8.17,8.60,37900,3.381553
2010-12-31,8.03,8.25,8.03,8.18,30000,3.216408
2010-12-30,7.95,8.05,7.47,8.00,12900,3.145631
2010-12-29,7.56,8.00,7.56,8.00,15300,3.145631
2010-12-28,7.49,7.64,7.49,7.64,24400,3.004077
2010-12-27,7.49,7.49,7.37,7.37,5400,2.897912
2010-12-23,7.17,7.60,7.17,7.56,26100,2.972621
2010-12-22,7.15,7.20,7.10,7.12,2700,2.799611
2010-12-21,7.20,7.20,7.15,7.15,11400,2.811408
2010-12-20,7.09,7.10,7.04,7.05,18500,2.772087
2010-12-17,7.09,7.10,6.89,7.10,10700,2.791747
2010-12-16,6.93,7.02,6.89,7.02,12500,2.760291
2010-12-15,7.10,7.10,7.00,7.00,13700,2.752427
2010-12-14,7.05,7.14,7.00,7.05,14900,2.772087
2010-12-13,6.99,7.10,6.99,7.10,12400,2.791747
2010-12-10,6.89,7.00,6.89,7.00,16200,2.752427
2010-12-09,6.90,6.90,6.70,6.89,10100,2.709175
2010-12-08,6.95,6.95,6.90,6.90,4100,2.713107
2010-12-07,6.83,6.95,6.83,6.95,6400,2.732767
2010-12-06,6.83,6.99,6.83,6.83,11800,2.685582
2010-12-03,6.80,6.97,6.80,6.95,16300,2.732767
2010-12-02,6.70,6.80,6.70,6.80,23400,2.673786
2010-12-01,6.74,6.80,6.72,6.80,15100,2.673786
2010-11-30,6.60,6.75,6.60,6.75,6600,2.654126
2010-11-29,6.80,6.80,6.57,6.62,21200,2.603009
2010-11-26,6.70,6.80,6.70,6.75,17700,2.654126
2010-11-24,6.60,6.70,6.50,6.70,9600,2.634466
2010-11-23,6.40,6.65,6.40,6.65,11700,2.614806
2010-11-22,6.43,6.59,6.43,6.59,1400,2.591213
2010-11-19,6.41,6.59,6.40,6.43,44000,2.528301
2010-11-18,6.55,6.58,6.25,6.45,4100,2.536165
2010-11-17,6.56,6.65,6.21,6.59,7400,2.591213
2010-11-16,6.38,6.70,6.38,6.58,2500,2.587281
2010-11-15,6.68,6.75,6.42,6.55,1800,2.575485
2010-11-12,6.62,6.70,6.55,6.70,3800,2.634466
2010-11-11,6.50,6.74,6.50,6.65,10500,2.614806
2010-11-10,6.40,6.50,6.39,6.50,73600,2.555825
2010-11-09,6.37,6.49,6.23,6.49,10000,2.551893
2010-11-08,6.38,6.47,6.27,6.37,36100,2.504709
2010-11-05,6.40,6.40,6.30,6.40,19800,2.516505
2010-11-04,6.35,6.40,6.21,6.40,8100,2.516505
2010-11-03,6.22,6.40,6.22,6.34,39500,2.492912
2010-11-02,6.30,6.40,5.81,6.29,65400,2.473252
2010-11-01,6.17,6.17,6.14,6.16,1300,2.422136
2010-10-29,6.17,6.30,6.10,6.30,22500,2.477184
2010-10-28,6.21,6.40,6.20,6.20,5300,2.437864
2010-10-27,6.17,6.49,5.69,6.21,6300,2.441796
2010-10-26,6.42,6.49,6.42,6.49,1800,2.551893
2010-10-25,6.70,6.70,6.31,6.36,800,2.500777
2010-10-22,6.76,6.80,6.49,6.75,22100,2.654126
2010-10-21,6.50,6.80,6.50,6.80,9500,2.673786
2010-10-20,6.35,6.35,6.35,6.35,000,2.496844
2010-10-19,6.35,6.35,6.35,6.35,000,2.496844
2010-10-18,6.35,6.50,6.19,6.35,12500,2.496844
2010-10-15,6.20,6.25,6.17,6.20,159900,2.437864
2010-10-14,5.93,6.20,5.65,6.12,62800,2.406408
2010-10-13,5.96,6.00,5.79,6.00,3100,2.359223
2010-10-12,5.86,5.86,5.86,5.86,000,2.304175
2010-10-11,5.92,5.92,5.80,5.86,500,2.304175
2010-10-08,5.64,6.00,5.64,5.99,28700,2.355291
2010-10-07,5.49,5.65,5.49,5.65,2800,2.221602
2010-10-06,5.50,5.66,5.48,5.65,10600,2.221602
2010-10-05,5.51,5.51,5.51,5.51,000,2.166553
2010-10-04,5.29,5.51,5.29,5.51,2000,2.166553
2010-10-01,5.57,5.57,5.57,5.57,000,2.190146
2010-09-30,5.30,5.67,5.30,5.57,800,2.190146
2010-09-29,5.28,5.33,5.25,5.28,33900,2.076116
2010-09-28,5.75,5.75,5.75,5.75,000,2.260922
2010-09-27,5.75,5.75,5.75,5.75,2700,2.260922
2010-09-24,5.42,5.78,5.42,5.78,1400,2.272718
2010-09-23,5.55,5.55,5.55,5.55,1000,2.182281
2010-09-22,5.50,5.69,5.50,5.69,2100,2.23733
2010-09-21,5.48,5.57,5.48,5.57,1000,2.190146
2010-09-20,5.40,5.40,5.35,5.35,1000,2.103641
2010-09-17,5.00,5.86,5.00,5.17,3100,2.032864
2010-09-16,5.82,5.82,5.82,5.82,000,2.288447
2010-09-15,5.96,5.96,5.82,5.82,300,2.288447
2010-09-14,5.89,5.89,5.89,5.89,000,2.315971
2010-09-13,5.91,6.00,5.89,5.89,2800,2.315971
2010-09-10,6.00,6.00,4.89,5.97,5700,2.347427
2010-09-09,5.29,6.20,5.29,6.10,9200,2.398543
2010-09-08,5.30,5.30,5.30,5.30,000,2.083981
2010-09-07,5.20,5.30,5.13,5.30,1200,2.083981
2010-09-03,5.00,5.30,4.99,5.30,5100,2.083981
2010-09-02,5.00,5.40,4.99,5.00,18100,1.966019
2010-09-01,4.75,5.30,4.75,5.30,7300,2.083981
2010-08-31,4.80,4.90,4.80,4.90,2200,1.926699
2010-08-30,4.76,4.80,4.75,4.80,2700,1.887379
2010-08-27,4.80,4.90,4.75,4.90,1200,1.926699
2010-08-26,4.75,4.75,4.75,4.75,000,1.867718
2010-08-25,4.90,4.91,4.75,4.75,6800,1.867718
2010-08-24,4.80,4.80,4.80,4.80,000,1.887379
2010-08-23,4.80,4.80,4.80,4.80,000,1.887379
2010-08-20,4.80,4.80,4.75,4.80,800,1.887379
2010-08-19,4.76,4.79,4.75,4.75,1000,1.867718
2010-08-18,4.80,4.88,4.80,4.88,400,1.918835
2010-08-17,4.85,4.85,4.75,4.76,6300,1.87165
2010-08-16,4.75,4.75,4.75,4.75,000,1.867718
2010-08-13,4.75,4.75,4.75,4.75,500,1.867718
2010-08-12,4.75,4.80,4.75,4.80,700,1.887379
2010-08-11,4.75,4.75,4.75,4.75,2600,1.867718
2010-08-10,4.76,4.76,4.76,4.76,000,1.87165
2010-08-09,4.80,4.80,4.75,4.76,6000,1.87165
2010-08-06,4.95,4.95,4.95,4.95,000,1.946359
2010-08-05,5.00,5.00,4.95,4.95,2600,1.946359
2010-08-04,4.80,4.80,4.80,4.80,000,1.887379
2010-08-03,4.71,4.80,4.71,4.80,300,1.887379
2010-08-02,4.99,4.99,4.71,4.71,500,1.85199
2010-07-30,5.08,5.08,5.08,5.08,000,1.997476
2010-07-29,5.01,5.31,5.01,5.08,3300,1.997476
2010-07-28,5.01,5.10,5.01,5.10,3100,2.00534
2010-07-27,5.00,5.82,5.00,5.05,6200,1.98568
2010-07-26,5.00,5.00,5.00,5.00,000,1.966019
2010-07-23,4.97,5.00,4.97,5.00,2500,1.966019
2010-07-22,4.94,4.94,4.94,4.94,000,1.942427
2010-07-21,4.51,4.94,4.51,4.94,1400,1.942427
2010-07-20,4.50,4.50,4.50,4.50,300,1.769417
2010-07-19,4.52,4.55,4.50,4.55,700,1.789078
2010-07-16,4.45,4.52,4.45,4.52,700,1.777281
2010-07-15,4.53,4.53,4.53,4.53,000,1.781214
2010-07-14,4.98,5.00,4.44,4.53,11400,1.781214
2010-07-13,4.95,5.00,4.95,5.00,2400,1.966019
2010-07-12,4.75,4.75,4.75,4.75,100,1.867718
2010-07-09,4.99,5.00,4.99,5.00,5800,1.966019
2010-07-08,4.50,5.00,4.50,4.92,6700,1.934563
2010-07-07,4.35,4.99,4.35,4.70,3200,1.848058
2010-07-06,4.99,4.99,4.66,4.66,1100,1.83233
2010-07-02,5.00,5.00,5.00,5.00,3000,1.966019
2010-07-01,5.10,5.10,5.10,5.10,000,2.00534
2010-06-30,5.10,5.10,5.10,5.10,000,2.00534
2010-06-29,5.10,5.10,5.10,5.10,000,2.00534
2010-06-28,5.10,5.10,5.10,5.10,000,2.00534
2010-06-25,5.22,5.22,5.10,5.10,300,2.00534
2010-06-24,5.28,5.28,4.88,5.22,2800,2.052524
2010-06-23,4.74,5.30,4.74,5.28,800,2.076116
2010-06-22,5.10,5.10,5.10,5.10,000,2.00534
2010-06-21,5.07,5.10,4.93,5.10,10300,2.00534
2010-06-18,4.97,5.19,4.97,5.19,11600,2.040728
2010-06-17,4.60,4.87,4.60,4.87,1000,1.914903
2010-06-16,4.60,4.60,4.34,4.60,1300,1.808738
2010-06-15,4.53,4.69,4.36,4.56,1400,1.79301
2010-06-14,4.60,4.60,4.60,4.60,000,1.808738
2010-06-11,4.60,4.60,4.60,4.60,000,1.808738
2010-06-10,4.63,4.70,4.60,4.60,1100,1.808738
2010-06-09,4.51,4.51,4.50,4.50,500,1.769417
2010-06-08,4.51,4.51,4.33,4.33,7900,1.702573
2010-06-07,4.50,4.50,4.50,4.50,000,1.769417
2010-06-04,4.52,4.96,4.50,4.50,800,1.769417
2010-06-03,5.00,5.00,4.35,4.53,10900,1.781214
2010-06-02,4.89,5.68,4.86,4.99,22400,1.962087
2010-06-01,4.63,4.99,4.58,4.99,2700,1.962087
2010-05-28,4.98,5.00,4.98,5.00,2100,1.966019
2010-05-27,4.85,4.85,4.35,4.60,17800,1.808738
2010-05-26,4.73,4.73,4.42,4.42,2400,1.737961
2010-05-25,4.50,4.52,4.50,4.50,8400,1.769417
2010-05-24,4.53,4.53,4.30,4.30,15400,1.690777
2010-05-21,4.50,4.85,4.45,4.82,18700,1.895243
2010-05-20,4.45,4.64,4.45,4.64,400,1.824466
2010-05-19,4.87,4.87,4.51,4.55,5500,1.789078
2010-05-18,4.98,5.00,4.70,4.70,1600,1.848058
2010-05-17,4.98,5.00,4.98,4.98,1000,1.958155
2010-05-14,4.85,4.85,4.85,4.85,000,1.907039
2010-05-13,4.96,5.00,4.85,4.85,5100,1.907039
2010-05-12,4.70,5.00,4.70,5.00,4000,1.966019
2010-05-11,5.00,5.00,5.00,5.00,000,1.966019
2010-05-10,5.00,5.00,4.70,5.00,17100,1.966019
2010-05-07,4.81,5.00,4.80,5.00,5800,1.966019
2010-05-06,4.99,5.02,4.99,5.00,11500,1.966019
2010-05-05,5.30,5.30,4.80,5.00,8200,1.966019
2010-05-04,5.50,5.52,5.30,5.30,3000,2.083981
2010-05-03,5.09,5.10,4.87,5.09,5000,2.001408
2010-04-30,5.09,5.19,4.76,5.00,12500,1.966019
2010-04-29,5.02,5.50,4.98,5.33,5900,2.095777
2010-04-28,5.18,5.18,4.98,5.06,6800,1.989611
2010-04-27,5.45,5.45,5.15,5.25,2700,2.06432
2010-04-26,5.61,5.61,5.55,5.55,1200,2.182281
2010-04-23,5.59,5.77,5.59,5.64,1100,2.21767
2010-04-22,5.41,5.57,5.27,5.52,9400,2.170485
2010-04-21,5.51,5.81,5.46,5.81,8500,2.284514
2010-04-20,5.85,5.85,5.70,5.70,9100,2.241262
2010-04-19,5.85,5.85,5.72,5.72,1200,2.249126
2010-04-16,5.83,5.84,5.41,5.73,3400,2.253058
2010-04-15,5.70,5.75,5.70,5.70,1800,2.241262
2010-04-14,5.70,5.74,5.70,5.70,1100,2.241262
2010-04-13,5.37,5.45,5.35,5.45,3000,2.142961
2010-04-12,5.52,5.62,5.52,5.61,2400,2.205874
2010-04-09,5.35,5.35,5.35,5.35,000,2.103641
2010-04-08,5.48,5.48,5.35,5.35,1800,2.103641
2010-04-07,5.59,5.59,5.54,5.54,1900,2.178349
2010-04-06,5.62,5.62,5.57,5.57,1100,2.190146
2010-04-05,5.30,5.61,5.30,5.36,2700,2.107573
2010-04-01,5.15,5.30,5.15,5.30,1700,2.083981
2010-03-31,5.25,5.25,5.16,5.16,3200,2.028932
2010-03-30,5.10,5.25,5.10,5.25,5800,2.06432
2010-03-29,5.00,5.10,5.00,5.10,6200,2.00534
2010-03-26,4.95,5.23,4.95,5.00,11700,1.966019
2010-03-25,4.99,4.99,4.92,4.92,6000,1.934563
2010-03-24,4.84,5.00,4.81,4.94,3300,1.942427
2010-03-23,4.85,4.95,4.85,4.95,10700,1.946359
2010-03-22,4.70,4.90,4.70,4.84,3500,1.903107
2010-03-19,4.65,4.65,4.63,4.65,9500,1.828398
2010-03-18,4.61,4.65,4.61,4.65,7500,1.828398
2010-03-17,4.52,4.79,4.52,4.65,11100,1.828398
2010-03-16,4.85,4.85,4.46,4.47,22100,1.757621
2010-03-15,4.99,4.99,4.55,4.63,1900,1.820534
2010-03-12,4.73,4.73,4.49,4.55,21200,1.789078
2010-03-11,4.65,4.75,4.60,4.64,9700,1.824466
2010-03-10,4.71,4.80,4.69,4.70,7200,1.848058
2010-03-09,4.53,4.70,4.45,4.70,5700,1.848058
2010-03-08,4.75,4.79,4.70,4.75,2100,1.867718
2010-03-05,4.43,4.96,4.43,4.75,20100,1.867718
2010-03-04,4.55,4.58,4.40,4.44,14000,1.745825
2010-03-03,4.37,4.65,4.37,4.50,24900,1.769417
2010-03-02,4.30,4.30,4.30,4.30,000,1.690777
2010-03-01,4.30,4.30,4.30,4.30,100,1.690777
2010-02-26,4.19,4.34,4.12,4.34,2100,1.706505
2010-02-25,4.32,4.41,4.15,4.15,15000,1.631796
2010-02-24,4.40,4.40,4.30,4.30,12900,1.690777
2010-02-23,4.18,4.35,4.18,4.35,5900,1.710437
2010-02-22,4.28,4.35,4.19,4.35,7200,1.710437
2010-02-19,4.18,4.25,4.18,4.25,3000,1.671116
2010-02-18,4.30,4.30,4.25,4.25,2000,1.671116
2010-02-17,4.34,4.40,4.30,4.30,7800,1.690777
2010-02-16,4.33,4.36,4.30,4.30,4500,1.690777
2010-02-12,4.25,4.29,4.10,4.10,2200,1.612136
2010-02-11,4.30,4.40,4.30,4.31,19800,1.694709
2010-02-10,4.11,4.30,4.11,4.30,7000,1.690777
2010-02-09,4.25,4.40,4.24,4.35,7000,1.710437
2010-02-08,4.36,4.40,4.33,4.40,6900,1.730097
2010-02-05,4.00,4.50,3.96,4.50,7700,1.769417
2010-02-04,4.15,4.15,4.15,4.15,1300,1.631796
2010-02-03,4.25,4.25,4.21,4.25,7900,1.671116
2010-02-02,4.09,4.28,4.00,4.28,9000,1.682913
2010-02-01,4.00,4.14,3.98,4.09,13200,1.608204
2010-01-29,4.00,4.05,3.90,4.00,24400,1.572815
2010-01-28,4.14,4.14,3.95,4.00,2800,1.572815
2010-01-27,4.00,4.15,3.91,4.00,26100,1.572815
2010-01-26,3.52,4.40,3.52,4.18,58800,1.643592
2010-01-25,3.20,3.20,3.20,3.20,000,1.258252
2010-01-22,3.20,3.20,3.19,3.20,400,1.258252
2010-01-21,3.20,3.20,3.15,3.20,1100,1.258252
2010-01-20,3.20,3.20,3.20,3.20,000,1.258252
2010-01-19,3.20,3.20,3.20,3.20,000,1.258252
2010-01-15,3.20,3.20,3.20,3.20,100,1.258252
2010-01-14,3.15,3.15,3.15,3.15,000,1.238592
2010-01-13,3.15,3.15,3.15,3.15,000,1.238592
2010-01-12,3.12,3.15,3.12,3.15,500,1.238592
2010-01-11,3.10,3.10,3.10,3.10,200,1.218932
2010-01-08,3.20,3.20,3.20,3.20,000,1.258252
2010-01-07,3.25,3.25,3.20,3.20,800,1.258252
2010-01-06,3.25,3.25,3.25,3.25,100,1.277913
2010-01-05,3.20,3.20,3.14,3.14,1100,1.23466
2010-01-04,3.18,3.18,3.18,3.18,100,1.250388
2009-12-31,3.25,3.25,3.07,3.25,6700,1.277913
2009-12-30,3.24,3.24,3.24,3.24,000,1.27398
2009-12-29,3.08,3.24,3.05,3.24,6800,1.27398
2009-12-28,3.08,3.08,3.07,3.07,1100,1.207136
2009-12-24,3.08,3.08,3.08,3.08,000,1.211068
2009-12-23,3.06,3.12,3.04,3.08,7200,1.211068
2009-12-22,3.00,3.00,3.00,3.00,000,1.179612
2009-12-21,3.00,3.00,3.00,3.00,1600,1.179612
2009-12-18,3.00,3.05,3.00,3.05,2100,1.199272
2009-12-17,3.00,3.00,3.00,3.00,000,1.179612
2009-12-16,3.00,3.00,3.00,3.00,000,1.179612
2009-12-15,3.00,3.00,3.00,3.00,000,1.179612
2009-12-14,3.00,3.00,3.00,3.00,2000,1.179612
2009-12-11,3.02,3.02,3.02,3.02,300,1.187476
2009-12-10,3.02,3.02,3.01,3.01,700,1.183544
2009-12-09,3.00,3.00,3.00,3.00,100,1.179612
2009-12-08,3.05,3.05,3.01,3.01,1000,1.183544
2009-12-07,3.05,3.05,3.05,3.05,000,1.199272
2009-12-04,3.05,3.05,3.05,3.05,200,1.199272
2009-12-03,3.06,3.06,3.06,3.06,000,1.203204
2009-12-02,3.06,3.06,3.06,3.06,100,1.203204
2009-12-01,3.05,3.05,3.05,3.05,000,1.199272
2009-11-30,3.05,3.05,3.05,3.05,100,1.199272
2009-11-27,3.13,3.13,3.13,3.13,000,1.230728
2009-11-25,3.13,3.13,3.13,3.13,000,1.230728
2009-11-24,3.07,3.13,3.07,3.13,300,1.230728
2009-11-23,3.30,3.30,3.30,3.30,000,1.297573
2009-11-20,3.30,3.30,3.30,3.30,000,1.297573
2009-11-19,3.31,3.31,3.30,3.30,400,1.297573
2009-11-18,3.30,3.30,3.30,3.30,1000,1.297573
2009-11-17,3.00,3.04,3.00,3.04,700,1.19534
2009-11-16,3.03,3.64,3.00,3.00,700,1.179612
2009-11-13,3.00,3.00,3.00,3.00,000,1.179612
2009-11-12,3.00,3.00,3.00,3.00,400,1.179612
2009-11-11,3.01,3.01,3.01,3.01,000,1.183544
2009-11-10,3.02,3.04,3.01,3.01,700,1.183544
2009-11-09,3.00,3.00,2.99,3.00,2900,1.179612
2009-11-06,3.10,3.10,3.10,3.10,000,1.218932
2009-11-05,3.06,3.10,3.05,3.10,600,1.218932
2009-11-04,3.05,3.05,3.05,3.05,800,1.199272
2009-11-03,3.01,3.01,3.01,3.01,000,1.183544
2009-11-02,3.01,3.01,3.01,3.01,000,1.183544
2009-10-30,3.00,3.02,3.00,3.01,700,1.183544
2009-10-29,3.10,3.10,3.10,3.10,5000,1.218932
2009-10-28,3.29,3.29,3.29,3.29,100,1.293641
2009-10-27,3.05,3.21,3.05,3.21,4500,1.262184
2009-10-26,2.76,3.38,2.76,3.38,300,1.329029
2009-10-23,3.40,3.40,3.40,3.40,000,1.336893
2009-10-22,3.40,3.40,3.40,3.40,000,1.336893
2009-10-21,3.40,3.40,3.40,3.40,000,1.336893
2009-10-20,3.40,3.40,3.40,3.40,000,1.336893
2009-10-19,3.40,3.40,3.40,3.40,200,1.336893
2009-10-16,2.60,3.39,2.60,3.39,3400,1.332961
2009-10-15,3.63,3.63,3.25,3.25,1600,1.277913
2009-10-14,3.04,3.04,3.04,3.04,000,1.19534
2009-10-13,3.04,3.04,3.04,3.04,000,1.19534
2009-10-12,3.45,3.45,3.04,3.04,600,1.19534
2009-10-09,3.45,3.45,3.45,3.45,000,1.356553
2009-10-08,3.45,3.45,3.45,3.45,800,1.356553
2009-10-07,3.45,3.45,3.45,3.45,000,1.356553
2009-10-06,3.45,3.45,3.45,3.45,000,1.356553
2009-10-05,3.44,3.45,3.39,3.45,1600,1.356553
2009-10-02,3.56,3.56,3.01,3.39,4000,1.332961
2009-10-01,3.19,3.30,3.15,3.30,1300,1.297573
2009-09-30,3.00,3.20,3.00,3.17,2100,1.246456
2009-09-29,2.88,3.00,2.88,2.96,4100,1.163883
2009-09-28,2.94,2.94,2.94,2.94,000,1.156019
2009-09-25,2.94,2.94,2.94,2.94,000,1.156019
2009-09-24,2.94,2.94,2.94,2.94,000,1.156019
2009-09-23,2.94,2.94,2.94,2.94,000,1.156019
2009-09-22,2.99,2.99,2.80,2.94,1000,1.156019
2009-09-21,2.79,2.79,2.79,2.79,000,1.097039
2009-09-18,2.85,2.85,2.79,2.79,4800,1.097039
2009-09-17,2.90,3.10,2.90,3.10,1500,1.218932
2009-09-16,2.98,2.98,2.28,2.76,1700,1.085243
2009-09-15,2.15,3.41,2.10,3.00,1600,1.179612
2009-09-14,2.24,3.36,2.24,3.36,300,1.321165
2009-09-11,2.76,2.76,2.76,2.76,000,1.085243
2009-09-10,2.76,2.76,2.76,2.76,000,1.085243
2009-09-09,2.76,2.76,2.76,2.76,5900,1.085243
2009-09-08,2.86,2.86,2.86,2.86,000,1.124563
2009-09-04,2.80,2.90,2.35,2.86,700,1.124563
2009-09-03,3.10,3.10,3.10,3.10,000,1.218932
2009-09-02,3.21,3.22,3.10,3.10,2400,1.218932
2009-09-01,3.22,3.22,3.22,3.22,300,1.266116
2009-08-31,2.53,2.53,2.11,2.49,1400,0.979078
2009-08-28,2.61,2.61,2.55,2.55,700,1.00267
2009-08-27,2.11,2.70,2.11,2.65,8100,1.04199
2009-08-26,2.69,2.69,2.46,2.48,600,0.975146
2009-08-25,2.54,2.54,2.54,2.54,000,0.998738
2009-08-24,2.54,2.54,2.54,2.54,000,0.998738
2009-08-21,2.54,2.54,2.54,2.54,000,0.998738
2009-08-20,2.54,2.54,2.54,2.54,000,0.998738
2009-08-19,2.49,2.54,2.49,2.54,1000,0.998738
2009-08-18,2.62,2.62,2.50,2.54,1300,0.998738
2009-08-17,2.52,2.52,2.52,2.52,000,0.990874
2009-08-14,2.66,2.66,2.52,2.52,800,0.990874
2009-08-13,2.81,2.81,2.30,2.69,1800,1.057718
2009-08-12,2.84,2.84,2.84,2.84,100,1.116699
2009-08-11,2.81,2.81,2.81,2.81,100,1.104903
2009-08-10,2.84,2.84,2.84,2.84,100,1.116699
2009-08-07,2.94,2.94,2.61,2.79,700,1.097039
2009-08-06,3.00,3.00,2.97,2.97,800,1.167815
2009-08-05,2.86,2.95,2.86,2.94,900,1.156019
2009-08-04,2.54,2.92,2.54,2.81,1700,1.104903
2009-08-03,2.74,3.15,2.61,3.00,3200,1.179612
2009-07-31,2.40,2.61,2.09,2.61,1400,1.026262
2009-07-30,2.16,2.60,2.16,2.60,1000,1.02233
2009-07-29,3.41,3.41,3.41,3.41,000,1.340825
2009-07-28,3.41,3.41,3.41,3.41,000,1.340825
2009-07-27,3.41,3.41,3.41,3.41,100,1.340825
2009-07-24,3.36,3.36,3.36,3.36,000,1.321165
2009-07-23,3.36,3.36,3.36,3.36,100,1.321165
2009-07-22,3.03,3.03,3.02,3.02,300,1.187476
2009-07-21,3.45,3.45,2.88,2.90,4900,1.140291
2009-07-20,2.63,2.63,2.63,2.63,200,1.034126
2009-07-17,2.75,2.75,2.75,2.75,000,1.081311
2009-07-16,2.65,2.96,2.61,2.75,2200,1.081311
2009-07-15,2.73,2.73,2.70,2.70,300,1.06165
2009-07-14,2.84,2.84,2.84,2.84,000,1.116699
2009-07-13,2.84,2.84,2.84,2.84,100,1.116699
2009-07-10,2.86,2.86,2.86,2.86,100,1.124563
2009-07-09,2.97,2.97,2.97,2.97,000,1.167815
2009-07-08,2.97,2.97,2.97,2.97,000,1.167815
2009-07-07,3.09,3.09,2.97,2.97,500,1.167815
2009-07-06,3.09,3.09,3.09,3.09,000,1.215
2009-07-02,3.09,3.09,3.09,3.09,100,1.215
2009-07-01,3.02,3.18,3.01,3.18,5700,1.250388
2009-06-30,3.06,3.32,3.06,3.32,900,1.305437
2009-06-29,2.83,2.83,2.83,2.83,000,1.112767
2009-06-26,2.83,2.83,2.83,2.83,60000,1.112767
2009-06-25,2.83,2.83,2.83,2.83,000,1.112767
2009-06-24,2.83,2.83,2.83,2.83,000,1.112767
2009-06-23,2.83,2.83,2.83,2.83,000,1.112767
2009-06-22,2.83,2.83,2.83,2.83,000,1.112767
2009-06-19,2.83,2.83,2.83,2.83,000,1.112767
2009-06-18,2.83,2.83,2.83,2.83,000,1.112767
2009-06-17,2.54,2.83,2.54,2.83,900,1.112767
2009-06-16,2.60,2.82,2.60,2.79,12600,1.097039
2009-06-15,2.52,2.60,2.52,2.60,4200,1.02233
2009-06-12,2.58,2.58,2.58,2.58,000,1.014466
2009-06-11,2.60,2.60,2.58,2.58,7600,1.014466
2009-06-10,2.60,2.60,2.60,2.60,5100,1.02233
2009-06-09,2.53,2.53,2.53,2.53,000,0.994806
2009-06-08,2.08,2.53,2.08,2.53,300,0.994806
2009-06-05,2.53,2.53,2.53,2.53,000,0.994806
2009-06-04,2.45,2.53,2.45,2.53,2600,0.994806
2009-06-03,2.60,2.60,2.60,2.60,000,1.02233
2009-06-02,2.60,2.60,2.60,2.60,000,1.02233
2009-06-01,2.60,2.60,2.60,2.60,000,1.02233
2009-05-29,2.59,2.60,2.59,2.60,600,1.02233
2009-05-28,2.45,2.45,2.45,2.45,000,0.963349
2009-05-27,2.45,2.45,2.45,2.45,000,0.963349
2009-05-26,2.45,2.45,2.45,2.45,000,0.963349
2009-05-22,2.58,2.58,2.45,2.45,1500,0.963349
2009-05-21,2.59,2.59,2.40,2.40,2700,0.943689
2009-05-20,2.42,2.60,2.42,2.52,20500,0.990874
2009-05-19,2.42,2.42,2.42,2.42,500,0.951553
2009-05-18,2.40,2.40,2.40,2.40,200,0.943689
2009-05-15,2.45,2.45,2.45,2.45,000,0.963349
2009-05-14,2.45,2.45,2.45,2.45,000,0.963349
2009-05-13,2.45,2.45,2.45,2.45,2900,0.963349
2009-05-12,2.41,2.41,2.41,2.41,500,0.947621
2009-05-11,2.33,2.48,2.33,2.48,1000,0.975146
2009-05-08,2.45,2.45,2.45,2.45,1000,0.963349
2009-05-07,2.30,2.43,2.30,2.43,900,0.955485
2009-05-06,2.51,2.51,2.51,2.51,000,0.986942
2009-05-05,2.51,2.51,2.51,2.51,000,0.986942
2009-05-04,2.51,2.51,2.51,2.51,1000,0.986942
2009-05-01,2.45,2.47,2.45,2.47,400,0.971214
2009-04-30,2.43,2.43,2.43,2.43,000,0.955485
2009-04-29,2.34,2.43,2.29,2.43,11000,0.955485
2009-04-28,2.26,2.30,2.12,2.13,1400,0.837524
2009-04-27,2.28,2.28,2.28,2.28,000,0.896505
2009-04-24,2.17,2.28,2.17,2.28,1400,0.896505
2009-04-23,2.16,2.16,2.16,2.16,000,0.84932
2009-04-22,2.16,2.16,2.16,2.16,000,0.84932
2009-04-21,2.16,2.16,2.16,2.16,000,0.84932
2009-04-20,1.90,2.37,1.90,2.16,5100,0.84932
2009-04-17,2.11,2.11,2.11,2.11,000,0.82966
2009-04-16,2.11,2.11,2.11,2.11,100,0.82966
2009-04-15,2.01,2.05,1.98,2.00,1500,0.786408
2009-04-14,2.19,2.19,2.19,2.19,000,0.861116
2009-04-13,2.14,2.19,1.91,2.19,9900,0.861116
2009-04-09,2.54,2.54,2.54,2.54,300,0.998738
2009-04-08,2.39,2.39,2.39,2.39,200,0.939757
2009-04-07,2.19,2.19,2.19,2.19,000,0.861116
2009-04-06,2.19,2.19,2.19,2.19,000,0.861116
2009-04-03,2.49,2.49,2.19,2.19,2100,0.861116
2009-04-02,2.35,2.36,2.11,2.12,8500,0.833592
2009-04-01,2.25,2.46,2.25,2.46,1200,0.967281
2009-03-31,2.56,2.56,2.02,2.09,3900,0.821796
2009-03-30,2.41,2.41,2.41,2.41,000,0.947621
2009-03-27,2.41,2.41,2.41,2.41,000,0.947621
2009-03-26,2.01,2.45,2.01,2.41,1400,0.947621
2009-03-25,1.94,1.95,1.94,1.95,1200,0.766748
2009-03-24,1.51,1.96,1.51,1.95,3800,0.766748
2009-03-23,2.10,2.10,1.81,1.81,3000,0.711699
2009-03-20,2.24,2.24,2.24,2.24,000,0.880777
2009-03-19,2.24,2.24,2.24,2.24,000,0.880777
2009-03-18,2.09,2.29,2.09,2.24,4000,0.880777
2009-03-17,2.10,2.12,1.45,1.99,16000,0.782476
2009-03-16,2.10,2.14,2.10,2.14,1000,0.841456
2009-03-13,2.11,2.11,2.11,2.11,100,0.82966
2009-03-12,2.10,2.12,1.82,2.12,5200,0.833592
2009-03-11,2.10,2.11,2.10,2.10,5900,0.825728
2009-03-10,2.12,2.24,2.12,2.19,1400,0.861116
2009-03-09,2.04,2.10,1.84,2.10,4600,0.825728
2009-03-06,2.10,2.12,2.10,2.12,3600,0.833592
2009-03-05,2.10,2.10,2.10,2.10,1000,0.825728
2009-03-04,2.10,2.15,2.10,2.10,5400,0.825728
2009-03-03,1.90,2.00,1.90,2.00,3700,0.786408
2009-03-02,2.06,2.06,1.98,1.98,2600,0.778544
2009-02-27,2.09,2.09,2.07,2.07,400,0.813932
2009-02-26,2.01,2.01,2.01,2.01,000,0.79034
2009-02-25,2.05,2.05,1.91,2.01,7900,0.79034
2009-02-24,2.10,2.10,2.00,2.06,3500,0.81
2009-02-23,2.28,2.28,2.15,2.15,93300,0.845388
2009-02-20,2.29,2.29,2.23,2.28,24700,0.896505
2009-02-19,2.25,2.28,2.25,2.25,4800,0.884709
2009-02-18,2.25,2.28,2.25,2.28,3500,0.896505
2009-02-17,2.28,2.34,2.20,2.25,23900,0.884709
2009-02-13,2.29,2.29,2.28,2.28,20800,0.896505
2009-02-12,2.35,2.45,2.28,2.45,2000,0.963349
2009-02-11,2.40,2.65,2.40,2.65,300,1.04199
2009-02-10,2.40,2.40,2.38,2.38,22100,0.935825
2009-02-09,2.44,2.44,2.40,2.41,6000,0.947621
2009-02-06,2.38,2.40,2.38,2.40,5800,0.943689
2009-02-05,2.16,2.17,2.15,2.17,3200,0.853252
2009-02-04,2.16,2.16,2.15,2.15,1700,0.845388
2009-02-03,2.23,2.36,2.23,2.25,2600,0.884709
2009-02-02,2.30,2.30,2.16,2.21,3300,0.868981
2009-01-30,2.32,2.32,2.32,2.32,800,0.912233
2009-01-29,2.44,2.44,2.31,2.35,600,0.924029
2009-01-28,2.40,2.65,2.22,2.31,1800,0.908301
2009-01-27,2.19,2.19,2.06,2.17,4600,0.853252
2009-01-26,2.15,2.15,2.15,2.15,40000,0.845388
2009-01-23,2.16,2.16,2.05,2.11,18300,0.82966
2009-01-22,2.30,2.35,2.21,2.21,13000,0.868981
2009-01-21,2.34,2.36,2.25,2.30,6400,0.904369
2009-01-20,2.40,2.40,2.39,2.39,200,0.939757
2009-01-16,2.50,2.50,2.40,2.40,1600,0.943689
2009-01-15,2.43,2.43,2.09,2.40,4800,0.943689
2009-01-14,2.45,2.48,2.40,2.40,1500,0.943689
2009-01-13,2.53,2.53,2.40,2.40,2900,0.943689
2009-01-12,2.54,2.54,2.40,2.48,2600,0.975146
2009-01-09,2.73,2.76,2.55,2.57,4000,1.010534
2009-01-08,2.91,2.93,2.41,2.85,8200,1.120631
2009-01-07,2.53,3.10,2.40,2.59,2100,1.018398
2009-01-06,2.37,2.42,2.37,2.42,2500,0.951553
2009-01-05,2.38,2.40,2.38,2.40,400,0.943689
2009-01-02,2.38,2.38,2.38,2.38,100,0.935825
2008-12-31,2.15,2.38,2.15,2.38,34700,0.935825
2008-12-30,2.18,2.20,2.12,2.15,37600,0.845388
2008-12-29,1.67,2.15,1.67,2.15,1900,0.845388
2008-12-26,2.07,2.10,2.07,2.09,1400,0.821796
2008-12-24,2.08,2.15,2.08,2.10,1100,0.825728
2008-12-23,2.15,2.15,2.02,2.15,8000,0.845388
2008-12-22,2.02,2.14,1.84,2.14,3400,0.841456
2008-12-19,2.14,2.18,2.10,2.18,4100,0.857184
2008-12-18,2.15,2.15,2.11,2.11,13100,0.82966
2008-12-17,2.13,2.16,2.12,2.15,32000,0.845388
2008-12-16,1.68,2.14,1.68,2.14,7700,0.841456
2008-12-15,2.10,2.11,2.10,2.10,3100,0.825728
2008-12-12,2.09,2.09,2.09,2.09,000,0.821796
2008-12-11,2.00,2.38,2.00,2.09,4900,0.821796
2008-12-10,2.00,2.03,1.57,1.95,13300,0.766748
2008-12-09,2.08,2.08,2.02,2.02,3300,0.794272
2008-12-08,2.18,2.18,2.05,2.05,300,0.806068
2008-12-05,2.01,2.01,1.90,1.99,5400,0.782476
2008-12-04,2.09,2.10,1.99,2.02,10400,0.794272
2008-12-03,2.10,2.10,1.65,2.10,6200,0.825728
2008-12-02,2.01,2.17,1.90,2.07,12200,0.813932
2008-12-01,2.11,2.11,2.00,2.00,600,0.786408
2008-11-28,2.10,2.10,2.00,2.10,1100,0.825728
2008-11-26,2.09,2.16,2.08,2.10,5400,0.825728
2008-11-25,1.91,2.28,1.90,2.11,8500,0.82966
2008-11-24,1.91,2.00,1.90,2.00,900,0.786408
2008-11-21,2.27,2.27,2.24,2.24,2400,0.880777
2008-11-20,2.25,2.42,2.25,2.42,200,0.951553
2008-11-19,2.50,2.53,2.38,2.53,700,0.994806
2008-11-18,2.25,2.74,2.25,2.74,171500,1.077379
2008-11-17,2.31,2.31,2.05,2.25,2400,0.884709
2008-11-14,2.41,2.41,2.41,2.41,300,0.947621
2008-11-13,2.40,2.50,2.40,2.50,2000,0.98301
2008-11-12,2.51,2.69,2.31,2.50,8100,0.98301
2008-11-11,2.54,2.60,2.12,2.53,12600,0.994806
2008-11-10,2.70,2.70,2.70,2.70,000,1.06165
2008-11-07,2.70,2.70,2.70,2.70,000,1.06165
2008-11-06,2.70,2.70,2.70,2.70,000,1.06165
2008-11-05,2.64,2.70,2.60,2.70,5800,1.06165
2008-11-04,2.71,2.71,2.70,2.70,2600,1.06165
2008-11-03,2.86,2.87,2.72,2.76,13100,1.085243
2008-10-31,2.95,3.05,2.94,2.99,19800,1.17568
2008-10-30,2.95,3.00,2.70,2.70,4400,1.06165
2008-10-29,2.69,2.85,2.65,2.85,32500,1.120631
2008-10-28,2.81,2.82,2.65,2.65,5600,1.04199
2008-10-27,2.82,2.93,2.66,2.66,2300,1.045922
2008-10-24,3.61,3.99,2.91,2.91,28400,1.144223
2008-10-23,5.76,5.76,4.13,4.16,2700,1.635728
2008-10-22,4.43,4.43,4.00,4.13,5700,1.623932
2008-10-21,4.94,4.94,4.94,4.94,100,1.942427
2008-10-20,4.23,4.84,4.23,4.84,1800,1.903107
2008-10-17,3.90,4.08,3.44,4.08,5700,1.604272
2008-10-16,4.15,4.15,4.15,4.15,4500,1.631796
2008-10-15,4.10,4.12,4.10,4.12,13700,1.62
2008-10-14,4.32,5.04,4.20,4.20,2500,1.651456
2008-10-13,3.54,4.40,3.51,4.40,11500,1.730097
2008-10-10,2.86,4.39,2.86,3.31,8500,1.301505
2008-10-09,3.89,3.90,3.31,3.77,5600,1.482379
2008-10-08,4.19,4.19,3.48,3.83,16100,1.505971
2008-10-07,4.04,4.08,3.85,3.93,32100,1.545291
2008-10-06,4.67,4.67,3.84,4.19,11500,1.647524
2008-10-03,4.85,4.92,4.85,4.89,2800,1.922767
2008-10-02,5.00,5.00,4.83,4.83,2900,1.899175
2008-10-01,5.31,5.63,5.03,5.06,6000,1.989611
2008-09-30,5.30,5.50,5.27,5.41,3800,2.127233
2008-09-29,5.50,5.56,5.40,5.40,1000,2.123301
2008-09-26,5.12,5.80,5.08,5.80,3200,2.280582
2008-09-25,4.91,5.03,4.60,5.03,33100,1.977815
2008-09-24,4.85,5.81,4.85,4.98,35900,1.958155
2008-09-23,4.53,4.75,4.53,4.65,18100,1.828398
2008-09-22,4.65,4.80,4.60,4.75,8300,1.867718
2008-09-19,4.90,4.90,4.70,4.79,13900,1.883446
2008-09-18,4.74,4.90,4.74,4.90,1600,1.926699
2008-09-17,4.93,4.94,4.79,4.81,3000,1.891311
2008-09-16,5.05,5.05,4.90,5.02,3400,1.973883
2008-09-15,5.26,5.26,5.00,5.25,24800,2.06432
2008-09-12,5.45,5.74,5.35,5.40,14800,2.123301
2008-09-11,5.49,5.54,5.44,5.50,1900,2.162621
2008-09-10,5.60,5.60,5.37,5.42,9000,2.131165
2008-09-09,5.75,5.76,5.61,5.61,4900,2.205874
2008-09-08,5.60,5.76,5.60,5.75,22800,2.260922
2008-09-05,6.00,6.01,5.80,5.90,8200,2.319903
2008-09-04,6.00,6.00,6.00,6.00,3100,2.359223
2008-09-03,6.00,6.13,6.00,6.00,3500,2.359223
2008-09-02,6.08,6.15,6.00,6.05,3600,2.378883
2008-08-29,6.10,6.50,6.10,6.16,10400,2.422136
2008-08-28,6.15,6.19,6.05,6.12,2700,2.406408
2008-08-27,6.15,6.18,6.11,6.11,4000,2.402476
2008-08-26,6.13,6.15,6.00,6.02,1800,2.367087
2008-08-25,6.10,6.12,6.10,6.10,400,2.398543
2008-08-22,6.01,6.10,6.00,6.10,800,2.398543
2008-08-21,6.12,6.20,6.12,6.20,1300,2.437864
2008-08-20,6.01,6.18,6.00,6.18,2900,2.43
2008-08-19,6.23,6.23,6.23,6.23,000,2.44966
2008-08-18,6.45,6.45,6.23,6.23,3400,2.44966
2008-08-15,6.42,6.42,6.42,6.42,000,2.524369
2008-08-14,6.42,6.42,6.42,6.42,500,2.524369
2008-08-13,6.39,6.55,6.36,6.37,10100,2.504709
2008-08-12,6.45,6.45,6.45,6.45,100,2.536165
2008-08-11,6.00,6.50,6.00,6.40,30000,2.516505
2008-08-08,6.09,6.09,6.00,6.05,3700,2.378883
2008-08-07,6.48,6.48,6.10,6.10,6900,2.398543
2008-08-06,6.50,6.50,6.15,6.15,7800,2.418204
2008-08-05,6.00,6.52,6.00,6.45,39700,2.536165
2008-08-04,6.06,6.12,6.00,6.01,37900,2.363155
2008-08-01,6.10,6.20,6.08,6.15,8700,2.418204
2008-07-31,6.00,6.60,6.00,6.15,23300,2.418204
2008-07-30,6.00,6.00,5.90,5.95,31200,2.339563
2008-07-29,6.00,6.01,5.87,5.99,9000,2.355291
2008-07-28,6.36,6.36,5.88,6.00,11300,2.359223
2008-07-25,6.80,6.80,4.83,6.15,296700,2.418204
2008-07-24,8.55,8.79,8.51,8.79,8400,3.456262
2008-07-23,8.81,8.81,8.50,8.55,7400,3.361893
2008-07-22,8.62,8.63,8.12,8.53,5000,3.354029
2008-07-21,9.06,9.07,8.80,8.81,3400,3.464126
2008-07-18,8.94,8.95,8.83,8.83,700,3.47199
2008-07-17,8.95,8.95,8.95,8.95,000,3.519174
2008-07-16,9.01,9.01,8.95,8.95,700,3.519174
2008-07-15,8.30,9.01,8.30,9.01,1600,3.542767
2008-07-14,8.64,8.64,8.64,8.64,000,3.397281
2008-07-11,8.53,8.64,8.30,8.64,1500,3.397281
2008-07-10,9.00,9.00,8.85,8.85,1000,3.479854
2008-07-09,8.45,8.70,8.02,8.60,7600,3.381553
2008-07-08,8.70,8.70,8.52,8.53,20300,3.354029
2008-07-07,8.00,8.78,8.00,8.68,5600,3.41301
2008-07-03,8.97,9.00,8.80,8.83,4300,3.47199
2008-07-02,9.02,9.29,9.00,9.10,5500,3.578155
2008-07-01,9.19,9.20,9.00,9.10,2100,3.578155
2008-06-30,9.29,9.36,9.20,9.36,2300,3.680388
2008-06-27,9.36,9.37,9.20,9.20,2000,3.617475
2008-06-26,9.06,9.39,9.06,9.38,2500,3.688252
2008-06-25,9.25,9.74,9.10,9.30,20300,3.656796
2008-06-24,9.19,9.25,9.19,9.22,3000,3.62534
2008-06-23,9.43,9.43,9.11,9.12,10200,3.586019
2008-06-20,9.58,9.60,9.50,9.59,6700,3.770825
2008-06-19,9.66,9.66,9.50,9.50,4200,3.735437
2008-06-18,9.59,9.59,9.45,9.56,2800,3.759029
2008-06-17,9.44,9.69,9.30,9.41,6400,3.700048
2008-06-16,9.20,9.50,9.20,9.43,3700,3.707912
2008-06-13,9.40,9.50,9.40,9.47,1100,3.723641
2008-06-12,9.50,9.50,9.40,9.45,1700,3.715776
2008-06-11,9.41,9.57,9.00,9.57,1400,3.762961
2008-06-10,9.50,9.62,9.21,9.61,3800,3.778689
2008-06-09,9.70,9.87,9.50,9.87,4400,3.880922
2008-06-06,9.90,9.90,9.90,9.90,400,3.892718
2008-06-05,9.60,10.00,9.50,9.93,10100,3.904514
2008-06-04,9.64,9.80,9.61,9.77,1000,3.841602
2008-06-03,9.90,9.90,9.66,9.81,2300,3.85733
2008-06-02,9.83,9.90,9.83,9.90,200,3.892718
2008-05-30,9.53,10.00,9.25,10.00,13100,3.932039
2008-05-29,10.00,10.00,10.00,10.00,100,3.932039
2008-05-28,10.00,10.00,9.90,9.90,1600,3.892718
2008-05-27,9.90,10.00,9.77,9.91,3700,3.89665
2008-05-23,9.99,10.19,9.90,9.90,2600,3.892718
2008-05-22,10.17,10.26,10.01,10.01,2200,3.935971
2008-05-21,9.90,10.03,9.80,10.03,1100,3.943835
2008-05-20,9.76,9.99,9.75,9.99,3200,3.928106
2008-05-19,10.06,10.06,9.80,9.85,2400,3.873058
2008-05-16,10.20,10.45,10.17,10.17,900,3.998883
2008-05-15,10.08,10.17,10.00,10.17,700,3.998883
2008-05-14,10.71,10.85,10.08,10.21,4600,4.014611
2008-05-13,10.42,10.57,10.26,10.57,2600,4.156165
2008-05-12,10.85,10.85,10.14,10.15,3200,3.991019
2008-05-09,10.49,10.91,10.49,10.80,4900,4.246602
2008-05-08,10.19,10.40,10.19,10.40,3500,4.08932
2008-05-07,10.10,10.10,9.60,9.97,25100,3.920243
2008-05-06,10.26,10.30,9.88,10.29,9000,4.046068
2008-05-05,10.70,10.70,10.37,10.37,3900,4.077524
2008-05-02,10.85,11.02,10.69,10.75,2000,4.226941
2008-05-01,10.79,11.27,10.79,11.09,5700,4.360631
2008-04-30,10.93,11.15,10.90,11.00,15300,4.325242
2008-04-29,11.00,11.15,11.00,11.00,6700,4.325242
2008-04-28,11.37,11.37,10.84,11.00,2500,4.325242
2008-04-25,10.86,11.17,10.53,11.17,10700,4.392087
2008-04-24,11.14,11.36,11.02,11.02,3800,4.333107
2008-04-23,11.10,11.21,11.02,11.19,6700,4.399951
2008-04-22,11.50,11.54,10.81,11.09,14700,4.360631
2008-04-21,12.00,12.50,11.51,11.84,18800,4.655534
2008-04-18,12.39,12.50,11.19,12.22,68000,4.804951
2008-04-17,11.20,11.61,11.20,11.61,24800,4.565097
2008-04-16,11.29,11.40,11.22,11.40,10500,4.482524
2008-04-15,10.91,11.30,10.90,11.25,2600,4.423543
2008-04-14,10.76,11.30,10.75,11.30,12100,4.443204
2008-04-11,10.73,10.90,10.73,10.90,1700,4.285922
2008-04-10,10.95,10.95,10.75,10.94,12300,4.30165
2008-04-09,10.94,10.95,10.82,10.92,2300,4.293786
2008-04-08,10.95,10.95,10.81,10.81,900,4.250534
2008-04-07,10.95,10.95,10.83,10.94,2100,4.30165
2008-04-04,10.90,10.92,10.90,10.92,4800,4.293786
2008-04-03,10.50,10.90,10.50,10.84,1000,4.26233
2008-04-02,10.75,10.75,10.75,10.75,6400,4.226941
2008-04-01,10.70,10.78,10.60,10.67,4800,4.195485
2008-03-31,10.65,10.74,10.63,10.74,24900,4.223009
2008-03-28,10.78,10.83,10.65,10.72,1000,4.215145
2008-03-27,10.79,10.83,10.74,10.83,3800,4.258398
2008-03-26,10.81,10.90,10.80,10.90,2600,4.285922
2008-03-25,10.87,10.87,10.75,10.86,2900,4.270194
2008-03-24,10.71,10.87,10.71,10.87,2700,4.274126
2008-03-20,10.83,10.90,10.59,10.69,2600,4.203349
2008-03-19,10.89,10.90,10.70,10.70,6400,4.207281
2008-03-18,10.50,11.10,10.50,11.00,9700,4.325242
2008-03-17,10.61,11.10,10.61,10.84,61900,4.26233
2008-03-14,10.84,11.65,10.84,10.90,4400,4.285922
2008-03-13,11.53,11.80,11.30,11.75,52100,4.620145
2008-03-12,10.84,11.20,10.68,11.19,8700,4.399951
2008-03-11,11.15,11.15,10.67,10.96,7500,4.309514
2008-03-10,11.10,11.15,10.85,11.07,6500,4.352767
2008-03-07,11.10,11.19,11.00,11.04,3700,4.340971
2008-03-06,9.99,11.02,9.99,10.92,5300,4.293786
2008-03-05,11.09,11.17,11.02,11.03,7900,4.337038
2008-03-04,11.23,11.23,10.59,10.96,18200,4.309514
2008-03-03,11.15,11.22,11.00,11.16,2700,4.388155
2008-02-29,11.13,11.21,10.17,11.15,10600,4.384223
2008-02-28,11.47,11.49,11.00,11.36,18000,4.466796
2008-02-27,11.18,11.55,11.18,11.50,9500,4.521844
2008-02-26,11.26,11.38,11.21,11.38,5500,4.47466
2008-02-25,11.37,11.55,11.34,11.46,21100,4.506116
2008-02-22,11.25,11.37,11.21,11.29,18500,4.439272
2008-02-21,11.37,11.37,11.23,11.30,5800,4.443204
2008-02-20,11.00,11.33,10.95,11.20,9800,4.403883
2008-02-19,11.37,11.37,10.70,11.26,12200,4.427475
2008-02-15,11.37,11.37,11.13,11.13,8100,4.376359
2008-02-14,11.13,11.37,11.00,11.37,48200,4.470728
2008-02-13,10.95,11.08,10.88,11.04,63200,4.340971
2008-02-12,10.81,10.99,10.81,10.96,1400,4.309514
2008-02-11,10.98,11.09,10.76,10.98,30700,4.317378
2008-02-08,11.14,11.14,10.84,11.07,34200,4.352767
2008-02-07,11.00,11.15,10.74,11.13,74500,4.376359
2008-02-06,10.35,11.00,10.35,10.99,36100,4.32131
2008-02-05,10.40,10.43,10.30,10.35,11500,4.06966
2008-02-04,10.45,10.45,10.34,10.44,8200,4.105048
2008-02-01,10.11,10.94,10.11,10.45,29300,4.10898
2008-01-31,10.00,10.18,10.00,10.09,19500,3.967427
2008-01-30,9.97,10.09,9.59,10.01,34400,3.935971
2008-01-29,9.70,10.12,9.70,10.02,28200,3.939903
2008-01-28,9.60,9.98,9.28,9.73,29700,3.825873
2008-01-25,8.74,10.73,8.25,9.55,180200,3.755097
2008-01-24,7.00,7.50,7.00,7.39,26500,2.905776
2008-01-23,6.86,7.00,6.74,7.00,20800,2.752427
2008-01-22,6.61,7.05,6.61,7.02,7500,2.760291
2008-01-18,7.30,7.30,7.00,7.00,4000,2.752427
2008-01-17,7.33,7.33,7.13,7.26,7800,2.85466
2008-01-16,7.35,7.41,7.05,7.41,4700,2.913641
2008-01-15,7.17,7.33,7.17,7.33,2700,2.882184
2008-01-14,7.21,7.26,7.08,7.26,14700,2.85466
2008-01-11,7.29,7.47,7.05,7.38,3500,2.901844
2008-01-10,7.14,7.53,7.02,7.42,10300,2.917573
2008-01-09,7.60,7.93,7.16,7.50,31100,2.949029
2008-01-08,8.00,8.00,7.34,7.68,20800,3.019806
2008-01-07,8.36,8.50,7.50,8.00,17400,3.145631
2008-01-04,8.28,8.41,7.89,7.89,17500,3.102378
2008-01-03,8.49,8.53,8.28,8.29,10700,3.25966
2008-01-02,9.09,9.09,8.65,8.65,800,3.401213
2007-12-31,8.28,9.00,8.28,8.99,9000,3.534903
2007-12-28,8.64,8.75,8.28,8.32,15900,3.271456
2007-12-27,8.48,8.70,8.48,8.69,1800,3.416941
2007-12-26,8.77,8.77,8.28,8.65,5500,3.401213
2007-12-24,8.32,8.84,8.32,8.69,2300,3.416941
2007-12-21,8.44,8.44,8.28,8.30,9300,3.263592
2007-12-20,8.45,8.52,8.28,8.29,6700,3.25966
2007-12-19,8.38,8.47,8.38,8.45,10800,3.322572
2007-12-18,8.47,8.50,8.40,8.47,15700,3.330437
2007-12-17,8.56,8.60,8.47,8.47,6800,3.330437
2007-12-14,8.48,8.54,8.47,8.54,4500,3.357961
2007-12-13,8.51,8.84,8.46,8.48,6400,3.334369
2007-12-12,8.75,8.75,8.65,8.68,5300,3.41301
2007-12-11,8.70,8.70,8.48,8.51,5800,3.346165
2007-12-10,8.55,8.70,8.47,8.70,7300,3.420873
2007-12-07,8.76,8.76,8.32,8.53,16100,3.354029
2007-12-06,8.61,9.52,8.61,8.76,23300,3.444466
2007-12-05,9.07,9.20,8.62,8.62,9600,3.389417
2007-12-04,10.16,10.16,8.75,9.26,59200,3.641068
2007-12-03,10.65,10.88,10.49,10.79,16200,4.24267
2007-11-30,10.21,10.84,10.21,10.84,20800,4.26233
2007-11-29,9.46,10.30,9.36,10.22,35500,4.018543
2007-11-28,10.15,10.55,10.15,10.50,53400,4.12864
2007-11-27,10.22,10.30,10.22,10.30,700,4.05
2007-11-26,10.25,10.33,10.25,10.33,300,4.061796
2007-11-23,10.10,10.31,10.10,10.31,2400,4.053932
2007-11-21,10.12,10.17,10.12,10.15,1700,3.991019
2007-11-20,10.30,10.30,10.20,10.20,1300,4.010679
2007-11-19,10.35,10.35,10.23,10.23,5200,4.022475
2007-11-16,10.13,10.38,10.10,10.35,3700,4.06966
2007-11-15,10.00,10.18,9.99,10.13,16900,3.983155
2007-11-14,10.04,10.69,10.04,10.69,6000,4.203349
2007-11-13,10.00,10.15,9.99,10.15,11100,3.991019
2007-11-12,9.30,9.98,9.30,9.81,8100,3.85733
2007-11-09,9.00,9.42,9.00,9.42,5200,3.70398
2007-11-08,9.64,9.75,9.30,9.58,16400,3.766893
2007-11-07,9.84,10.17,9.25,10.03,12100,3.943835
2007-11-06,10.00,10.79,10.00,10.17,7500,3.998883
2007-11-05,10.01,10.47,10.01,10.22,5200,4.018543
2007-11-02,10.30,10.67,10.14,10.28,5200,4.042136
2007-11-01,10.86,10.86,10.25,10.42,8400,4.097184
2007-10-31,11.00,11.00,10.90,10.90,5600,4.285922
2007-10-30,10.86,10.95,10.86,10.88,12200,4.278058
2007-10-29,11.00,11.00,10.89,10.96,6400,4.309514
2007-10-26,10.46,11.00,10.46,11.00,8800,4.325242
2007-10-25,11.26,11.33,10.78,10.79,9300,4.24267
2007-10-24,11.03,11.03,10.75,10.95,5400,4.305582
2007-10-23,10.43,11.39,10.43,11.00,25600,4.325242
2007-10-22,11.28,11.35,10.38,10.74,24500,4.223009
2007-10-19,11.00,11.20,10.80,11.20,28500,4.403883
2007-10-18,10.74,10.74,10.19,10.59,14500,4.164029
2007-10-17,10.45,10.70,10.30,10.44,12000,4.105048
2007-10-16,10.34,10.48,10.11,10.24,8700,4.026407
2007-10-15,10.74,10.74,10.21,10.25,9500,4.03034
2007-10-12,9.20,11.40,9.20,10.74,30500,4.223009
2007-10-11,10.10,10.37,9.21,9.21,18900,3.621408
2007-10-10,10.07,10.13,10.00,10.08,11300,3.963495
2007-10-09,10.03,10.57,9.88,10.38,16400,4.081456
2007-10-08,9.48,9.90,9.48,9.82,6600,3.861262
2007-10-05,9.23,9.57,8.89,9.57,11100,3.762961
2007-10-04,9.19,9.50,8.89,9.00,17900,3.538835
2007-10-03,10.05,10.05,9.00,9.00,17900,3.538835
2007-10-02,9.86,10.04,9.76,10.04,15400,3.947767
2007-10-01,9.10,9.89,9.10,9.84,45200,3.869126
2007-09-28,8.21,9.00,8.21,9.00,21400,3.538835
2007-09-27,8.19,8.38,8.19,8.38,2400,3.295048
2007-09-26,8.20,8.34,8.20,8.34,2900,3.27932
2007-09-25,8.29,8.31,8.06,8.16,2700,3.208543
2007-09-24,8.11,8.24,8.00,8.24,15300,3.24
2007-09-21,8.05,8.20,8.02,8.11,3500,3.188883
2007-09-20,8.08,8.09,7.90,8.00,3600,3.145631
2007-09-19,8.00,8.36,7.93,8.18,41500,3.216408
2007-09-18,8.37,8.37,8.02,8.02,22100,3.153495
2007-09-17,8.40,8.40,8.30,8.33,2800,3.275388
2007-09-14,8.19,8.40,8.19,8.39,7400,3.29898
2007-09-13,7.95,8.30,7.95,8.28,14600,3.255728
2007-09-12,8.01,8.05,7.95,8.03,20000,3.157427
2007-09-11,8.19,8.23,7.95,8.06,21000,3.169223
2007-09-10,8.76,8.79,8.00,8.15,58600,3.204611
2007-09-07,8.95,9.15,8.63,8.90,24800,3.499514
2007-09-06,8.05,8.80,7.95,8.72,62400,3.428738
2007-09-05,7.10,8.10,7.10,8.03,34500,3.157427
2007-09-04,7.00,7.18,7.00,7.18,5000,2.823204
2007-08-31,7.11,7.14,7.00,7.07,4600,2.779951
2007-08-30,6.95,7.25,6.95,7.07,3500,2.779951
2007-08-29,6.99,6.99,6.90,6.90,5000,2.713107
2007-08-28,6.99,7.06,6.93,6.95,3400,2.732767
2007-08-27,7.05,7.25,7.00,7.01,7700,2.756359
2007-08-24,7.00,7.01,7.00,7.00,20700,2.752427
2007-08-23,7.00,7.03,7.00,7.00,5800,2.752427
2007-08-22,7.04,7.06,7.00,7.00,41800,2.752427
2007-08-21,7.00,7.26,6.91,7.00,72800,2.752427
2007-08-20,7.01,7.05,7.00,7.01,8200,2.756359
2007-08-17,7.14,7.16,7.00,7.01,33800,2.756359
2007-08-16,7.10,7.18,7.10,7.10,15400,2.791747
2007-08-15,7.22,7.26,7.15,7.16,6800,2.81534
2007-08-14,7.15,7.29,7.15,7.29,900,2.866456
2007-08-13,7.01,7.36,7.00,7.23,19000,2.842864
2007-08-10,7.95,7.95,7.00,7.01,14800,2.756359
2007-08-09,7.42,7.88,7.42,7.48,23300,2.941165
2007-08-08,7.49,7.63,7.41,7.46,5900,2.933301
2007-08-07,7.45,7.46,7.35,7.45,4200,2.929369
2007-08-06,7.36,7.43,7.35,7.40,6900,2.909709
2007-08-03,7.22,7.41,7.22,7.36,4100,2.89398
2007-08-02,7.21,7.25,7.12,7.22,8400,2.838932
2007-08-01,7.30,7.36,7.00,7.07,46800,2.779951
2007-07-31,7.09,7.27,7.09,7.26,9700,2.85466
2007-07-30,7.12,7.22,7.12,7.22,11100,2.838932
2007-07-27,7.16,7.27,7.15,7.27,6900,2.858592
2007-07-26,7.21,7.22,7.15,7.21,7800,2.835
2007-07-25,7.28,7.28,7.14,7.22,23500,2.838932
2007-07-24,7.25,7.29,7.10,7.10,15000,2.791747
2007-07-23,7.16,7.36,7.13,7.36,7500,2.89398
2007-07-20,7.11,7.34,7.11,7.21,4300,2.835
2007-07-19,7.25,7.65,7.00,7.25,51600,2.850728
2007-07-18,7.40,7.75,7.25,7.75,37600,3.04733
2007-07-17,7.21,7.29,7.15,7.27,5400,2.858592
2007-07-16,7.50,7.50,7.05,7.19,14500,2.827136
2007-07-13,7.00,7.66,6.72,7.66,6300,3.011941
2007-07-12,7.11,7.15,7.00,7.10,9000,2.791747
2007-07-11,7.00,7.11,7.00,7.03,11100,2.764223
2007-07-10,7.39,7.39,7.00,7.11,28500,2.795679
2007-07-09,7.36,7.51,7.36,7.49,2900,2.945097
2007-07-06,7.54,7.60,7.25,7.42,14500,2.917573
2007-07-05,7.38,7.38,7.19,7.23,4800,2.842864
2007-07-03,7.11,7.23,7.11,7.12,2100,2.799611
2007-07-02,7.31,7.39,7.09,7.17,15300,2.819272
2007-06-29,7.50,7.71,7.00,7.57,28600,2.976553
2007-06-28,7.84,7.93,7.52,7.64,9100,3.004077
2007-06-27,7.81,7.85,7.09,7.85,18600,3.08665
2007-06-26,7.61,7.84,7.61,7.67,13300,3.015874
2007-06-25,7.64,7.81,7.55,7.73,10200,3.039466
2007-06-22,7.21,7.85,7.15,7.82,48700,3.074854
2007-06-21,6.80,7.22,6.80,7.22,30000,2.838932
2007-06-20,7.10,7.22,7.03,7.03,2100,2.764223
2007-06-19,7.13,7.23,6.96,7.03,8800,2.764223
2007-06-18,7.15,7.23,7.02,7.05,8800,2.772087
2007-06-15,6.86,7.31,6.86,7.31,10900,2.87432
2007-06-14,6.85,6.97,6.85,6.90,6700,2.713107
2007-06-13,6.89,6.92,6.81,6.85,3000,2.693446
2007-06-12,7.00,7.00,6.89,6.95,2100,2.732767
2007-06-11,6.95,7.09,6.95,6.97,5000,2.740631
2007-06-08,6.80,6.91,6.80,6.91,3100,2.717039
2007-06-07,6.83,6.88,6.80,6.82,4400,2.68165
2007-06-06,7.15,7.17,6.91,6.97,20100,2.740631
2007-06-05,6.80,7.25,6.80,7.09,14500,2.787815
2007-06-04,6.86,7.40,6.60,6.71,65900,2.638398
2007-06-01,6.80,6.85,6.75,6.75,15800,2.654126
2007-05-31,6.75,6.95,6.75,6.92,3600,2.720971
2007-05-30,6.87,7.03,6.82,6.94,8300,2.728835
2007-05-29,6.75,6.88,6.68,6.88,26100,2.705243
2007-05-25,6.50,6.60,6.35,6.50,22600,2.555825
2007-05-24,6.56,6.76,6.50,6.51,24100,2.559757
2007-05-23,6.98,6.98,6.59,6.69,21800,2.630534
2007-05-22,7.27,7.27,6.91,7.02,31900,2.760291
2007-05-21,7.16,7.27,7.00,7.09,47800,2.787815
2007-05-18,6.71,7.03,6.70,7.03,26200,2.764223
2007-05-17,6.93,7.32,6.88,6.94,33600,2.728835
2007-05-16,7.04,7.16,7.00,7.16,6100,2.81534
2007-05-15,7.11,7.22,6.89,6.96,21700,2.736699
2007-05-14,7.03,7.58,7.02,7.06,26500,2.776019
2007-05-11,6.72,7.31,6.69,7.02,42400,2.760291
2007-05-10,7.15,7.22,6.68,6.69,108200,2.630534
2007-05-09,7.29,7.58,7.22,7.23,32700,2.842864
2007-05-08,7.50,7.65,7.38,7.39,18400,2.905776
2007-05-07,7.27,7.62,7.18,7.41,43900,2.913641
2007-05-04,7.87,8.02,7.41,7.42,40800,2.917573
2007-05-03,7.53,8.67,7.53,7.86,150500,3.090582
2007-05-02,7.40,7.88,7.18,7.54,72300,2.964757
2007-05-01,7.38,7.50,7.03,7.40,23300,2.909709
2007-04-30,6.92,7.50,6.84,7.39,148400,2.905776
2007-04-27,6.79,6.88,6.52,6.70,100100,2.634466
2007-04-26,7.32,7.52,6.78,6.79,135000,2.669854
2007-04-25,8.05,8.24,7.32,7.45,184500,2.929369
2007-04-24,7.73,8.49,7.41,8.14,592600,3.20068
2007-04-23,7.45,7.89,7.28,7.72,197400,3.035534
2007-04-20,7.15,7.50,7.00,7.43,232400,2.921505
2007-04-19,6.57,7.70,6.51,7.07,777800,2.779951
2007-04-18,6.64,8.30,6.27,7.11,2491800,2.795679
2007-04-17,5.23,8.05,5.06,7.23,3057200,2.842864
2007-04-16,3.20,3.31,3.20,3.31,24000,1.301505
2007-04-13,3.28,3.32,3.25,3.26,1300,1.281845
2007-04-12,3.33,3.37,3.31,3.31,2200,1.301505
2007-04-11,3.25,3.36,3.25,3.30,2700,1.297573
2007-04-10,3.11,3.22,3.11,3.22,4000,1.266116
2007-04-09,3.06,3.21,3.06,3.21,8700,1.262184
2007-04-05,3.10,3.10,3.10,3.10,000,1.218932
2007-04-04,3.13,3.16,3.10,3.10,6600,1.218932
2007-04-03,3.17,3.17,3.17,3.17,000,1.246456
2007-04-02,3.11,3.17,3.09,3.17,8600,1.246456
2007-03-30,3.07,3.19,3.07,3.19,1900,1.25432
2007-03-29,3.07,3.07,3.07,3.07,000,1.207136
2007-03-28,3.07,3.07,3.07,3.07,1500,1.207136
2007-03-27,3.06,3.30,3.06,3.06,22900,1.203204
2007-03-26,3.13,3.16,3.10,3.16,400,1.242524
2007-03-23,3.16,3.18,3.12,3.12,8700,1.226796
2007-03-22,3.15,3.20,3.15,3.15,5900,1.238592
2007-03-21,3.21,3.23,3.18,3.18,8200,1.250388
2007-03-20,3.09,3.20,3.09,3.15,5900,1.238592
2007-03-19,3.16,3.80,3.15,3.18,14700,1.250388
2007-03-16,3.18,3.26,3.12,3.18,20000,1.250388
2007-03-15,3.17,3.26,3.11,3.21,3100,1.262184
2007-03-14,3.07,3.20,3.07,3.15,12500,1.238592
2007-03-13,3.33,3.38,3.10,3.10,9600,1.218932
2007-03-12,3.34,3.34,3.25,3.25,5700,1.277913
2007-03-09,3.45,3.45,3.44,3.45,6200,1.356553
2007-03-08,3.38,3.43,3.38,3.43,300,1.348689
2007-03-07,3.37,3.44,3.37,3.44,300,1.352621
2007-03-06,3.46,3.46,3.41,3.46,1200,1.360485
2007-03-05,3.55,3.55,3.25,3.38,31900,1.329029
2007-03-02,3.59,3.77,3.50,3.56,20300,1.399806
2007-03-01,3.39,3.47,3.39,3.43,2800,1.348689
2007-02-28,3.15,3.40,3.15,3.39,13000,1.332961
2007-02-27,3.33,3.38,3.33,3.36,36500,1.321165
2007-02-26,3.44,3.46,3.35,3.42,7500,1.344757
2007-02-23,3.41,3.44,3.39,3.44,3300,1.352621
2007-02-22,3.41,3.44,3.40,3.44,12300,1.352621
2007-02-21,3.45,3.48,3.45,3.45,400,1.356553
2007-02-20,3.40,3.40,3.40,3.40,1900,1.336893
2007-02-16,3.53,3.53,3.41,3.44,14500,1.352621
2007-02-15,3.36,3.52,3.36,3.50,34600,1.376213
2007-02-14,3.36,3.38,3.35,3.35,3400,1.317233
2007-02-13,3.34,3.34,3.30,3.32,2000,1.305437
2007-02-12,3.29,3.35,3.29,3.35,2500,1.317233
2007-02-09,3.24,3.24,3.24,3.24,000,1.27398
2007-02-08,3.14,3.24,3.14,3.24,14000,1.27398
2007-02-07,3.11,3.11,3.11,3.11,500,1.222864
2007-02-06,3.12,3.19,3.11,3.11,11100,1.222864
2007-02-05,3.15,3.20,3.15,3.15,1700,1.238592
2007-02-02,3.35,3.35,3.21,3.25,6800,1.277913
2007-02-01,3.26,3.34,3.18,3.34,2700,1.313301
2007-01-31,3.05,3.17,3.02,3.17,9100,1.246456
2007-01-30,3.09,3.12,3.07,3.09,12800,1.215
2007-01-29,3.26,3.27,3.15,3.16,5700,1.242524
2007-01-26,3.45,3.45,3.18,3.27,13500,1.285777
2007-01-25,3.45,3.48,3.43,3.48,1600,1.368349
2007-01-24,3.43,3.50,3.37,3.50,11600,1.376213
2007-01-23,3.25,3.34,3.25,3.34,3400,1.313301
2007-01-22,3.33,3.33,3.23,3.26,4900,1.281845
2007-01-19,3.20,3.33,3.20,3.30,6100,1.297573
2007-01-18,3.62,3.62,2.93,3.17,43400,1.246456
2007-01-17,3.74,3.74,3.18,3.66,6400,1.439126
2007-01-16,3.75,3.87,3.75,3.86,14600,1.517767
2007-01-12,4.28,4.71,3.65,3.79,86400,1.490243
2007-01-11,3.99,4.14,3.99,4.14,15900,1.627864
2007-01-10,3.90,4.00,3.69,4.00,34800,1.572815
2007-01-09,4.00,4.00,3.80,3.80,26900,1.494175
2007-01-08,3.67,4.14,3.41,3.86,19700,1.517767
2007-01-05,3.71,3.93,3.56,3.65,19800,1.435194
2007-01-04,3.59,4.05,3.48,3.67,168500,1.443058
2007-01-03,3.35,3.52,3.32,3.51,11300,1.380146
2006-12-29,3.19,3.19,3.18,3.18,1800,1.250388
2006-12-28,3.16,3.25,3.15,3.18,6800,1.250388
2006-12-27,3.22,3.22,3.15,3.18,17200,1.250388
2006-12-26,3.25,3.26,3.18,3.18,2000,1.250388
2006-12-22,3.29,3.29,3.20,3.20,4100,1.258252
2006-12-21,3.31,3.35,3.16,3.22,9000,1.266116
2006-12-20,3.18,3.21,3.15,3.21,9800,1.262184
2006-12-19,3.15,3.18,3.15,3.16,5800,1.242524
2006-12-18,3.24,3.29,3.16,3.16,7500,1.242524
2006-12-15,3.60,3.60,3.11,3.32,17300,1.305437
2006-12-14,3.50,3.70,3.30,3.31,33800,1.301505
2006-12-13,3.04,3.74,2.99,3.40,86800,1.336893
2006-12-12,2.53,3.41,2.53,3.02,68900,1.187476
2006-12-11,2.54,2.60,2.50,2.50,4100,0.98301
2006-12-08,2.50,2.50,2.50,2.50,2500,0.98301
2006-12-07,2.52,2.52,2.52,2.52,000,0.990874
2006-12-06,2.52,2.52,2.48,2.52,1900,0.990874
2006-12-05,2.46,2.46,2.46,2.46,400,0.967281
2006-12-04,2.46,2.60,2.41,2.60,2200,1.02233
2006-12-01,2.43,2.47,2.43,2.46,1500,0.967281
2006-11-30,2.60,2.60,2.47,2.48,8600,0.975146
2006-11-29,2.38,3.10,2.38,2.80,36400,1.100971
2006-11-28,2.45,2.87,2.40,2.43,31800,0.955485
2006-11-27,2.40,2.42,2.40,2.42,2000,0.951553
2006-11-24,2.40,2.40,2.40,2.40,000,0.943689
2006-11-22,2.42,2.42,2.40,2.40,5800,0.943689
2006-11-21,2.42,2.42,2.42,2.42,000,0.951553
2006-11-20,2.42,2.44,2.40,2.42,12900,0.951553
2006-11-17,2.40,2.52,2.40,2.41,6100,0.947621
2006-11-16,2.40,2.40,2.40,2.40,000,0.943689
2006-11-15,2.40,2.40,2.40,2.40,000,0.943689
2006-11-14,2.46,2.46,2.40,2.40,11200,0.943689
2006-11-13,2.47,2.55,2.46,2.46,3200,0.967281
2006-11-10,2.51,2.60,2.38,2.40,29800,0.943689
2006-11-09,2.38,2.38,2.38,2.38,1000,0.935825
2006-11-08,2.45,2.45,2.45,2.45,000,0.963349
2006-11-07,2.33,2.45,2.33,2.45,4700,0.963349
2006-11-06,2.37,2.37,2.37,2.37,000,0.931893
2006-11-03,2.31,2.40,2.31,2.37,4100,0.931893
2006-11-02,2.26,2.43,2.24,2.32,60000,0.912233
2006-11-01,2.16,2.22,2.16,2.22,200,0.872913
2006-10-31,2.20,2.25,2.20,2.25,700,0.884709
2006-10-30,2.10,2.10,2.10,2.10,100,0.825728
2006-10-27,2.20,2.35,2.20,2.30,500,0.904369
2006-10-26,2.30,2.30,2.30,2.30,000,0.904369
2006-10-25,2.12,2.30,2.12,2.30,3900,0.904369
2006-10-24,2.17,2.21,2.16,2.16,600,0.84932
2006-10-23,2.16,2.20,2.14,2.20,3200,0.865048
2006-10-20,2.36,2.42,2.25,2.25,500,0.884709
2006-10-19,2.20,2.20,2.19,2.19,600,0.861116
2006-10-18,2.29,2.29,2.29,2.29,100,0.900437
2006-10-17,2.30,2.30,2.21,2.21,2200,0.868981
2006-10-16,2.22,2.37,2.22,2.30,7700,0.904369
2006-10-13,2.24,2.60,2.24,2.47,18600,0.971214
2006-10-12,2.30,2.49,2.30,2.49,3000,0.979078
2006-10-11,2.26,2.30,2.26,2.30,300,0.904369
2006-10-10,2.20,2.29,2.07,2.08,5400,0.817864
2006-10-09,2.03,2.03,2.03,2.03,000,0.798204
2006-10-06,2.03,2.03,2.03,2.03,000,0.798204
2006-10-05,2.13,2.29,2.03,2.03,10700,0.798204
2006-10-04,2.26,2.26,2.26,2.26,1000,0.888641
2006-10-03,2.29,2.29,2.29,2.29,6900,0.900437
2006-10-02,2.23,2.24,2.23,2.24,200,0.880777
2006-09-29,2.03,2.30,2.03,2.29,13800,0.900437
2006-09-28,2.02,2.03,2.02,2.03,300,0.798204
2006-09-27,1.96,2.16,1.96,2.10,5000,0.825728
2006-09-26,2.04,2.05,2.04,2.05,200,0.806068
2006-09-25,2.20,2.20,2.20,2.20,000,0.865048
2006-09-22,2.20,2.20,2.20,2.20,000,0.865048
2006-09-21,2.48,2.48,2.20,2.20,4900,0.865048
2006-09-20,2.10,2.48,2.10,2.31,12600,0.908301
2006-09-19,1.97,2.06,1.97,2.06,600,0.81
2006-09-18,2.00,2.16,2.00,2.10,19600,0.825728
2006-09-15,2.04,2.19,2.00,2.00,33200,0.786408
2006-09-14,2.00,2.03,2.00,2.00,2400,0.786408
2006-09-13,1.91,2.03,1.91,1.95,6000,0.766748
2006-09-12,1.90,1.90,1.90,1.90,700,0.747087
2006-09-11,2.07,2.07,1.65,1.94,10700,0.762816
2006-09-08,2.16,2.16,2.07,2.09,7700,0.821796
2006-09-07,2.25,2.25,2.12,2.12,2400,0.833592
2006-09-06,2.19,2.19,2.19,2.19,000,0.861116
2006-09-05,2.27,2.27,2.19,2.19,1800,0.861116
2006-09-01,2.10,2.10,2.05,2.05,1200,0.806068
2006-08-31,2.18,2.18,2.18,2.18,6000,0.857184
2006-08-30,2.05,2.05,2.05,2.05,000,0.806068
2006-08-29,2.05,2.05,2.05,2.05,300,0.806068
2006-08-28,2.05,2.05,2.05,2.05,000,0.806068
2006-08-25,2.05,2.05,2.05,2.05,000,0.806068
2006-08-24,2.05,2.05,2.05,2.05,300,0.806068
2006-08-23,2.16,2.18,2.03,2.03,6900,0.798204
2006-08-22,2.09,2.30,2.05,2.14,3000,0.841456
2006-08-21,2.05,2.05,2.05,2.05,400,0.806068
2006-08-18,2.20,2.20,2.07,2.10,500,0.825728
2006-08-17,2.20,2.20,2.20,2.20,000,0.865048
2006-08-16,2.15,2.20,2.15,2.20,300,0.865048
2006-08-15,2.15,2.15,2.15,2.15,000,0.845388
2006-08-14,2.10,2.28,2.10,2.15,1600,0.845388
2006-08-11,2.05,2.10,2.05,2.10,400,0.825728
2006-08-10,2.05,2.09,2.03,2.03,5900,0.798204
2006-08-09,2.05,2.21,2.05,2.09,5100,0.821796
2006-08-08,2.22,2.26,2.22,2.26,1300,0.888641
2006-08-07,2.25,2.26,2.25,2.26,800,0.888641
2006-08-04,2.22,2.24,2.22,2.24,1400,0.880777
2006-08-03,2.30,2.30,2.30,2.30,800,0.904369
2006-08-02,2.32,2.32,2.32,2.32,000,0.912233
2006-08-01,2.26,2.34,2.26,2.32,1700,0.912233
2006-07-31,2.34,2.34,2.34,2.34,000,0.920097
2006-07-28,2.51,2.51,2.34,2.34,800,0.920097
2006-07-27,2.65,2.65,2.60,2.60,3200,1.02233
2006-07-26,2.70,2.70,2.70,2.70,000,1.06165
2006-07-25,2.71,2.71,2.70,2.70,200,1.06165
2006-07-24,2.52,2.70,2.52,2.70,500,1.06165
2006-07-21,2.42,2.42,2.42,2.42,1300,0.951553
2006-07-20,2.65,2.65,2.65,2.65,000,1.04199
2006-07-19,2.62,2.67,2.62,2.65,1200,1.04199
2006-07-18,2.50,2.56,2.50,2.56,3600,1.006602
2006-07-17,2.65,2.71,2.65,2.71,2400,1.065582
2006-07-14,2.65,2.65,2.65,2.65,1000,1.04199
2006-07-13,2.57,2.66,2.57,2.65,3500,1.04199
2006-07-12,2.62,2.73,2.62,2.70,2400,1.06165
2006-07-11,2.77,2.79,2.73,2.73,1400,1.073447
2006-07-10,2.88,2.88,2.88,2.88,1100,1.132427
2006-07-07,2.75,2.85,2.75,2.80,3000,1.100971
2006-07-06,2.70,2.70,2.70,2.70,300,1.06165
2006-07-05,2.70,2.70,2.70,2.70,100,1.06165
2006-07-03,2.65,2.65,2.65,2.65,000,1.04199
2006-06-30,2.65,2.65,2.65,2.65,000,1.04199
2006-06-29,2.65,2.65,2.65,2.65,000,1.04199
2006-06-28,2.65,2.65,2.65,2.65,000,1.04199
2006-06-27,2.65,2.65,2.65,2.65,200,1.04199
2006-06-26,2.50,2.67,2.50,2.67,2000,1.049854
2006-06-23,2.50,2.60,2.50,2.60,400,1.02233
2006-06-22,2.55,2.61,2.55,2.61,3600,1.026262
2006-06-21,2.60,2.60,2.50,2.50,1200,0.98301
2006-06-20,2.60,2.60,2.55,2.58,2600,1.014466
2006-06-19,2.56,2.66,2.56,2.60,500,1.02233
2006-06-16,2.60,2.60,2.50,2.50,4300,0.98301
2006-06-15,2.70,2.71,2.43,2.60,4900,1.02233
2006-06-14,2.74,2.74,2.72,2.72,2000,1.069514
2006-06-13,2.79,2.79,2.72,2.74,7600,1.077379
2006-06-12,2.77,2.77,2.77,2.77,1000,1.089175
2006-06-09,2.48,2.77,2.48,2.77,4300,1.089175
2006-06-08,2.85,2.86,2.75,2.76,10200,1.085243
2006-06-07,2.75,2.98,2.75,2.80,2000,1.100971
2006-06-06,2.85,2.97,2.85,2.85,500,1.120631
2006-06-05,2.85,2.90,2.85,2.85,2700,1.120631
2006-06-02,2.70,2.99,2.70,2.85,600,1.120631
2006-06-01,2.75,2.75,2.75,2.75,000,1.081311
2006-05-31,2.97,2.97,2.70,2.75,2400,1.081311
2006-05-30,2.89,2.89,2.80,2.80,2000,1.100971
2006-05-26,2.90,2.90,2.90,2.90,500,1.140291
2006-05-25,2.90,2.90,2.90,2.90,900,1.140291
2006-05-24,2.87,2.87,2.70,2.79,7000,1.097039
2006-05-23,2.85,2.90,2.85,2.85,1500,1.120631
2006-05-22,2.70,2.95,2.70,2.80,1400,1.100971
2006-05-19,2.85,2.85,2.80,2.85,10100,1.120631
2006-05-18,2.85,2.85,2.85,2.85,6100,1.120631
2006-05-17,2.80,3.00,2.80,2.85,5500,1.120631
2006-05-16,2.62,2.94,2.62,2.94,8200,1.156019
2006-05-15,2.90,2.90,2.85,2.86,26500,1.124563
2006-05-12,2.91,2.91,2.90,2.90,1900,1.140291
2006-05-11,2.92,2.94,2.91,2.91,4200,1.144223
2006-05-10,2.95,3.01,2.90,3.01,8500,1.183544
2006-05-09,3.00,3.00,2.72,2.85,10000,1.120631
2006-05-08,3.01,3.01,2.90,2.90,10000,1.140291
2006-05-05,3.01,3.19,2.91,3.13,56000,1.230728
2006-05-04,3.00,3.25,3.00,3.00,18900,1.179612
2006-05-03,2.64,3.09,2.64,3.02,65500,1.187476
2006-05-02,2.79,2.79,2.62,2.64,10000,1.038058
2006-05-01,2.78,2.78,2.62,2.69,8600,1.057718
2006-04-28,2.60,2.61,2.60,2.61,42300,1.026262
2006-04-27,2.65,2.70,2.56,2.61,2900,1.026262
2006-04-26,2.54,2.70,2.54,2.70,1200,1.06165
2006-04-25,2.35,2.56,2.35,2.46,8900,0.967281
2006-04-24,2.24,2.35,2.08,2.32,5800,0.912233
2006-04-21,2.06,2.06,2.05,2.05,500,0.806068
2006-04-20,2.14,2.14,2.04,2.05,15500,0.806068
2006-04-19,2.10,2.24,2.07,2.07,2500,0.813932
2006-04-18,2.07,2.08,2.06,2.08,5000,0.817864
2006-04-17,2.16,2.16,2.06,2.06,3400,0.81
2006-04-13,2.12,2.14,2.09,2.14,1100,0.841456
2006-04-12,2.14,2.14,2.14,2.14,100,0.841456
2006-04-11,2.14,2.14,2.14,2.14,2000,0.841456
2006-04-10,2.21,2.21,2.14,2.15,34200,0.845388
2006-04-07,2.30,2.30,2.21,2.21,2000,0.868981
2006-04-06,2.45,2.45,2.30,2.30,5700,0.904369
2006-04-05,2.37,2.37,2.29,2.29,700,0.900437
2006-04-04,2.28,2.54,2.28,2.42,5600,0.951553
2006-04-03,2.45,2.45,2.25,2.29,6500,0.900437
2006-03-31,2.56,2.65,2.42,2.65,3500,1.04199
2006-03-30,2.35,2.58,2.35,2.58,3300,1.014466
2006-03-29,2.41,2.41,2.35,2.35,900,0.924029
2006-03-28,2.36,2.43,2.36,2.43,300,0.955485
2006-03-27,2.35,2.40,2.30,2.32,3800,0.912233
2006-03-24,2.35,2.35,2.35,2.35,200,0.924029
2006-03-23,2.40,2.40,2.40,2.40,100,0.943689
2006-03-22,2.40,2.41,2.40,2.40,3300,0.943689
2006-03-21,2.51,2.51,2.51,2.51,000,0.986942
2006-03-20,2.50,2.51,2.50,2.51,2000,0.986942
2006-03-17,2.70,2.70,2.41,2.52,3700,0.990874
2006-03-16,2.70,2.70,2.70,2.70,1800,1.06165
2006-03-15,2.60,2.60,2.60,2.60,000,1.02233
2006-03-14,2.50,2.60,2.50,2.60,1700,1.02233
2006-03-13,2.53,2.54,2.53,2.54,1100,0.998738
2006-03-10,2.35,2.54,2.35,2.54,900,0.998738
2006-03-09,2.30,2.30,2.30,2.30,000,0.904369
2006-03-08,2.30,2.30,2.30,2.30,200,0.904369
2006-03-07,2.30,2.35,2.30,2.30,2800,0.904369
2006-03-06,2.36,2.39,2.31,2.31,1700,0.908301
2006-03-03,2.43,2.49,2.43,2.45,500,0.963349
2006-03-02,2.39,2.39,2.39,2.39,800,0.939757
2006-03-01,2.70,2.70,2.20,2.39,4800,0.939757
2006-02-28,2.59,2.59,2.33,2.56,1800,1.006602
2006-02-27,2.55,2.55,2.32,2.32,2600,0.912233
2006-02-24,2.56,2.56,2.56,2.56,000,1.006602
2006-02-23,2.47,2.70,2.44,2.56,5600,1.006602
2006-02-22,2.51,2.55,2.12,2.43,10300,0.955485
2006-02-21,2.60,2.60,2.55,2.56,2500,1.006602
2006-02-17,2.60,2.60,2.55,2.55,500,1.00267
2006-02-16,2.69,2.69,2.60,2.60,1200,1.02233
2006-02-15,2.65,2.68,2.65,2.66,1300,1.045922
2006-02-14,2.65,2.65,2.65,2.65,000,1.04199
2006-02-13,2.61,2.65,2.56,2.65,7600,1.04199
2006-02-10,2.55,2.65,2.55,2.65,3100,1.04199
2006-02-09,2.57,2.63,2.57,2.59,3000,1.018398
2006-02-08,2.75,2.75,2.52,2.70,5400,1.06165
2006-02-07,2.80,2.80,2.80,2.80,000,1.100971
2006-02-06,2.80,2.80,2.80,2.80,000,1.100971
2006-02-03,2.85,2.86,2.76,2.80,2800,1.100971
2006-02-02,2.80,2.92,2.80,2.92,1900,1.148155
2006-02-01,2.81,2.82,2.81,2.82,1300,1.108835
2006-01-31,2.87,3.08,2.85,2.92,5900,1.148155
2006-01-30,2.95,3.00,2.88,2.92,5500,1.148155
2006-01-27,3.01,3.01,2.90,3.00,6700,1.179612
2006-01-26,3.30,3.33,3.00,3.02,14700,1.187476
2006-01-25,3.25,3.86,3.25,3.54,7700,1.391942
2006-01-24,3.23,3.28,3.23,3.28,500,1.289709
2006-01-23,3.20,3.30,3.20,3.25,900,1.277913
2006-01-20,3.40,3.40,3.26,3.31,10000,1.301505
2006-01-19,3.35,3.50,3.35,3.45,2000,1.356553
2006-01-18,3.56,3.57,3.51,3.57,1100,1.403738
2006-01-17,3.65,3.67,3.65,3.67,9400,1.443058
2006-01-13,3.55,3.56,3.55,3.56,1000,1.399806
2006-01-12,3.56,3.77,3.55,3.77,6900,1.482379
2006-01-11,3.49,3.68,3.49,3.57,3300,1.403738
2006-01-10,3.35,3.38,3.35,3.38,400,1.329029
2006-01-09,3.40,3.40,3.40,3.40,000,1.336893
2006-01-06,3.21,3.40,3.20,3.40,2100,1.336893
2006-01-05,3.45,3.60,3.43,3.50,2100,1.376213
2006-01-04,3.14,3.38,3.14,3.38,2000,1.329029
2006-01-03,3.30,3.51,3.26,3.30,9400,1.297573
2005-12-30,3.12,3.40,3.12,3.30,12900,1.297573
2005-12-29,3.12,3.15,3.12,3.15,4000,1.238592
2005-12-28,3.12,3.12,3.10,3.10,5100,1.218932
2005-12-27,3.15,3.40,3.10,3.21,4600,1.262184
2005-12-23,3.10,3.10,3.10,3.10,1500,1.218932
2005-12-22,3.13,3.13,3.10,3.10,3300,1.218932
2005-12-21,3.10,3.13,3.10,3.13,5100,1.230728
2005-12-20,3.10,3.10,3.10,3.10,6100,1.218932
2005-12-19,3.10,3.20,3.10,3.10,4700,1.218932
2005-12-16,3.10,3.35,3.10,3.10,2200,1.218932
2005-12-15,3.10,3.11,3.10,3.11,5000,1.222864
2005-12-14,3.24,3.24,3.10,3.10,8100,1.218932
2005-12-13,3.20,3.20,3.20,3.20,000,1.258252
2005-12-12,3.25,3.25,3.10,3.20,12900,1.258252
2005-12-09,3.25,3.25,3.25,3.25,1000,1.277913
2005-12-08,3.21,3.22,3.21,3.22,4500,1.266116
2005-12-07,3.22,3.25,3.10,3.10,13400,1.218932
2005-12-06,3.22,3.22,3.22,3.22,500,1.266116
2005-12-05,3.25,3.25,3.25,3.25,600,1.277913
2005-12-02,3.30,3.30,3.22,3.25,3800,1.277913
2005-12-01,3.22,3.40,3.22,3.33,7400,1.309369
2005-11-30,3.15,3.34,3.00,3.34,24400,1.313301
2005-11-29,3.20,3.20,3.17,3.17,3800,1.246456
2005-11-28,3.20,3.25,3.20,3.23,13800,1.270048
2005-11-25,3.22,3.22,3.22,3.22,000,1.266116
2005-11-23,3.22,3.22,3.22,3.22,1600,1.266116
2005-11-22,3.22,3.22,3.20,3.22,2600,1.266116
2005-11-21,3.23,3.23,3.22,3.22,7900,1.266116
2005-11-18,3.40,3.40,3.20,3.27,3800,1.285777
2005-11-17,3.47,3.47,3.47,3.47,000,1.364417
2005-11-16,3.65,3.65,3.47,3.47,800,1.364417
2005-11-15,3.35,3.40,3.33,3.40,3500,1.336893
2005-11-14,3.20,3.20,3.20,3.20,500,1.258252
2005-11-11,3.17,3.17,3.17,3.17,700,1.246456
2005-11-10,3.20,3.20,3.17,3.17,300,1.246456
2005-11-09,3.12,3.21,2.65,3.21,9400,1.262184
2005-11-08,3.13,3.21,3.13,3.21,2900,1.262184
2005-11-07,3.21,3.25,3.19,3.19,8300,1.25432
2005-11-04,3.20,3.26,3.20,3.26,3700,1.281845
2005-11-03,3.20,3.25,3.20,3.25,4100,1.277913
2005-11-02,3.37,3.37,3.33,3.33,400,1.309369
2005-11-01,3.38,3.38,3.13,3.33,7900,1.309369
2005-10-31,3.62,3.62,3.38,3.59,1000,1.411602
2005-10-28,3.65,3.65,3.65,3.65,000,1.435194
2005-10-27,3.50,3.65,3.49,3.65,2900,1.435194
2005-10-26,3.50,3.67,3.50,3.67,900,1.443058
2005-10-25,3.66,3.75,3.41,3.60,13800,1.415534
2005-10-24,3.79,3.79,3.76,3.76,5300,1.478446
2005-10-21,3.85,3.85,3.77,3.77,3300,1.482379
2005-10-20,3.99,3.99,3.75,3.85,7600,1.513835
2005-10-19,3.83,3.99,3.63,3.85,8200,1.513835
2005-10-18,3.99,3.99,3.71,3.98,4800,1.564951
2005-10-17,3.46,3.99,3.46,3.99,9100,1.568883
2005-10-14,3.77,3.99,3.77,3.99,2700,1.568883
2005-10-13,3.59,3.96,3.59,3.91,2800,1.537427
2005-10-12,3.53,4.05,3.53,4.05,8900,1.592476
2005-10-11,3.96,4.17,3.96,4.15,1500,1.631796
2005-10-10,4.06,4.07,4.02,4.05,2600,1.592476
2005-10-07,4.10,4.10,4.02,4.10,6600,1.612136
2005-10-06,4.29,4.30,4.13,4.16,8700,1.635728
2005-10-05,4.17,4.17,4.17,4.17,000,1.63966
2005-10-04,4.14,4.30,4.14,4.17,7400,1.63966
2005-10-03,4.09,4.09,3.95,4.00,1500,1.572815
2005-09-30,3.95,4.14,3.91,3.91,6800,1.537427
2005-09-29,4.18,4.18,3.79,3.81,8300,1.498107
2005-09-28,3.98,4.19,3.98,4.19,2400,1.647524
2005-09-27,3.90,4.60,3.89,4.36,33300,1.714369
2005-09-26,3.70,3.84,3.70,3.84,5900,1.509903
2005-09-23,3.60,3.60,3.60,3.60,200,1.415534
2005-09-22,3.46,3.47,3.46,3.47,600,1.364417
2005-09-21,3.48,3.70,3.48,3.70,1100,1.454854
2005-09-20,3.48,3.75,3.47,3.47,6500,1.364417
2005-09-19,3.55,3.55,3.50,3.50,3300,1.376213
2005-09-16,3.59,3.65,3.50,3.65,2000,1.435194
2005-09-15,3.60,3.60,3.57,3.58,2500,1.40767
2005-09-14,3.50,3.83,3.50,3.50,5500,1.376213
2005-09-13,3.46,3.46,3.46,3.46,400,1.360485
2005-09-12,3.46,3.46,3.46,3.46,1800,1.360485
2005-09-09,3.32,3.39,3.32,3.39,1400,1.332961
2005-09-08,3.38,3.39,3.30,3.32,5100,1.305437
2005-09-07,3.25,3.37,3.25,3.28,700,1.289709
2005-09-06,3.40,3.45,3.40,3.45,3800,1.356553
2005-09-02,3.25,3.40,3.25,3.40,600,1.336893
2005-09-01,3.30,3.47,3.30,3.47,1800,1.364417
2005-08-31,3.38,3.70,3.12,3.50,14800,1.376213
2005-08-30,3.30,3.48,3.30,3.48,6500,1.368349
2005-08-29,3.27,3.45,3.27,3.45,1500,1.356553
2005-08-26,3.21,3.28,3.21,3.28,4000,1.289709
2005-08-25,3.20,3.20,3.15,3.17,56700,1.246456
2005-08-24,3.30,3.36,3.28,3.28,700,1.289709
2005-08-23,3.36,3.36,3.36,3.36,400,1.321165
2005-08-22,3.34,3.36,3.34,3.36,2200,1.321165
2005-08-19,3.32,3.32,3.32,3.32,500,1.305437
2005-08-18,3.33,3.33,3.30,3.30,1000,1.297573
2005-08-17,3.36,3.36,3.36,3.36,000,1.321165
2005-08-16,3.36,3.36,3.36,3.36,000,1.321165
2005-08-15,3.20,3.36,3.20,3.36,1000,1.321165
2005-08-12,3.20,3.60,3.20,3.34,4700,1.313301
2005-08-11,3.30,3.34,3.20,3.20,5400,1.258252
2005-08-10,3.35,3.60,3.30,3.36,2500,1.321165
2005-08-09,3.36,3.36,3.36,3.36,2800,1.321165
2005-08-08,3.61,3.64,3.50,3.60,13000,1.415534
2005-08-05,3.38,3.64,3.35,3.53,2100,1.38801
2005-08-04,3.50,3.65,3.50,3.60,2600,1.415534
2005-08-03,3.48,3.50,3.35,3.50,4900,1.376213
2005-08-02,3.37,3.50,3.36,3.50,7100,1.376213
2005-08-01,3.20,3.36,3.20,3.32,8900,1.305437
2005-07-29,3.39,3.39,3.20,3.25,3600,1.277913
2005-07-28,3.20,3.47,3.20,3.30,3300,1.297573
2005-07-27,3.26,3.26,3.15,3.18,4400,1.250388
2005-07-26,3.30,3.30,3.26,3.26,500,1.281845
2005-07-25,3.25,3.25,3.25,3.25,1100,1.277913
2005-07-22,3.19,3.19,3.19,3.19,400,1.25432
2005-07-21,3.18,3.20,3.18,3.20,500,1.258252
2005-07-20,3.18,3.30,3.18,3.25,1300,1.277913
2005-07-19,3.13,3.25,3.13,3.25,7000,1.277913
2005-07-18,3.00,3.20,2.98,3.18,18600,1.250388
2005-07-15,2.92,2.92,2.92,2.92,1500,1.148155
2005-07-14,2.92,2.97,2.92,2.92,4000,1.148155
2005-07-13,2.92,2.92,2.92,2.92,1800,1.148155
2005-07-12,3.00,3.00,2.85,3.00,7400,1.179612
2005-07-11,2.92,3.00,2.92,3.00,2200,1.179612
2005-07-08,2.92,2.92,2.92,2.92,1000,1.148155
2005-07-07,2.92,2.92,2.92,2.92,000,1.148155
2005-07-06,3.01,3.01,2.92,2.92,900,1.148155
2005-07-05,3.20,3.20,3.02,3.03,12500,1.191408
2005-07-01,3.20,3.25,3.20,3.25,2600,1.277913
2005-06-30,3.25,3.25,3.25,3.25,2600,1.277913
2005-06-29,3.02,3.24,3.02,3.24,1800,1.27398
2005-06-28,3.15,3.15,3.15,3.15,000,1.238592
2005-06-27,3.16,3.16,3.15,3.15,1200,1.238592
2005-06-24,3.49,3.49,3.40,3.42,16700,1.344757
2005-06-23,3.25,3.85,2.90,3.53,31300,1.38801
2005-06-22,3.40,3.40,2.84,3.20,53700,1.258252
2005-06-21,2.86,3.37,2.86,3.20,35000,1.258252
2005-06-20,2.85,2.90,2.80,2.90,2300,1.140291
2005-06-17,2.70,2.72,2.70,2.71,1100,1.065582
2005-06-16,2.79,2.79,2.79,2.79,000,1.097039
2005-06-15,2.87,2.88,2.79,2.79,1600,1.097039
2005-06-14,2.75,2.84,2.75,2.84,600,1.116699
2005-06-13,2.70,2.75,2.70,2.75,1100,1.081311
2005-06-10,2.71,2.78,2.70,2.78,8100,1.093107
2005-06-09,2.71,2.71,2.71,2.71,000,1.065582
2005-06-08,2.71,2.71,2.71,2.71,2000,1.065582
2005-06-07,2.71,2.71,2.71,2.71,200,1.065582
2005-06-06,2.90,2.90,2.90,2.90,100,1.140291
2005-06-03,2.70,2.70,2.70,2.70,8200,1.06165
2005-06-02,2.68,2.68,2.68,2.68,1700,1.053786
2005-06-01,2.70,2.89,2.68,2.75,3100,1.081311
2005-05-31,2.69,2.88,2.69,2.81,1700,1.104903
2005-05-27,2.78,2.78,2.77,2.78,500,1.093107
2005-05-26,2.80,3.00,2.80,2.88,7100,1.132427
2005-05-25,2.53,2.80,2.53,2.80,1800,1.100971
2005-05-24,2.69,3.00,2.69,2.85,6700,1.120631
2005-05-23,2.52,2.71,2.52,2.68,6800,1.053786
2005-05-20,2.95,2.95,2.85,2.85,1100,1.120631
2005-05-19,2.71,2.97,2.71,2.80,700,1.100971
2005-05-18,2.80,2.84,2.66,2.72,3400,1.069514
2005-05-17,2.88,3.00,2.85,2.85,2200,1.120631
2005-05-16,2.52,2.87,2.52,2.81,2100,1.104903
2005-05-13,2.85,2.85,2.85,2.85,000,1.120631
2005-05-12,2.97,2.97,2.85,2.85,2100,1.120631
2005-05-11,3.10,3.10,2.82,2.85,14200,1.120631
2005-05-10,2.98,2.98,2.98,2.98,000,1.171747
2005-05-09,2.64,2.98,2.64,2.98,3600,1.171747
2005-05-06,2.88,2.98,2.85,2.90,3400,1.140291
2005-05-05,2.98,2.98,2.95,2.95,200,1.159951
2005-05-04,2.85,2.93,2.85,2.93,1400,1.152087
2005-05-03,2.84,3.00,2.82,3.00,16100,1.179612
2005-05-02,2.52,2.95,2.52,2.81,13400,1.104903
2005-04-29,2.86,2.86,2.83,2.85,3600,1.120631
2005-04-28,2.85,2.90,2.85,2.90,1200,1.140291
2005-04-27,2.85,2.86,2.77,2.84,5700,1.116699
2005-04-26,2.85,2.86,2.74,2.83,11800,1.112767
2005-04-25,2.51,2.85,2.51,2.85,5400,1.120631
2005-04-22,2.84,2.85,2.72,2.72,31700,1.069514
2005-04-21,2.55,2.84,2.55,2.63,2300,1.034126
2005-04-20,2.85,2.85,2.70,2.70,24400,1.06165
2005-04-19,2.80,2.81,2.52,2.69,12000,1.057718
2005-04-18,2.81,2.85,2.79,2.80,22200,1.100971
2005-04-15,2.84,2.85,2.51,2.80,9400,1.100971
2005-04-14,2.85,2.85,2.80,2.84,2600,1.116699
2005-04-13,2.94,2.94,2.94,2.94,000,1.156019
2005-04-12,2.81,2.94,2.80,2.94,2400,1.156019
2005-04-11,2.90,3.00,2.77,2.93,10900,1.152087
2005-04-08,2.79,2.97,2.79,2.83,2500,1.112767
2005-04-07,2.98,2.98,2.85,2.92,13900,1.148155
2005-04-06,2.86,3.13,2.82,3.10,15500,1.218932
2005-04-05,2.99,3.03,2.63,2.82,16900,1.108835
2005-04-04,3.04,3.04,2.88,2.88,2900,1.132427
2005-04-01,3.05,3.05,2.99,2.99,2700,1.17568
2005-03-31,2.85,2.96,2.85,2.85,9600,1.120631
2005-03-30,2.88,2.88,2.85,2.85,1300,1.120631
2005-03-29,2.88,2.95,2.88,2.95,800,1.159951
2005-03-28,3.04,3.05,2.90,2.95,2700,1.159951
2005-03-24,3.10,3.18,3.04,3.10,3100,1.218932
2005-03-23,3.10,3.40,2.85,2.99,18700,1.17568
2005-03-22,3.10,3.12,3.06,3.11,11000,1.222864
2005-03-21,3.04,3.10,2.98,3.10,9800,1.218932
2005-03-18,3.00,3.02,2.87,2.97,9600,1.167815
2005-03-17,3.05,3.10,3.02,3.03,2600,1.191408
2005-03-16,2.98,3.20,2.85,2.95,2800,1.159951
2005-03-15,3.05,3.05,2.90,3.01,2000,1.183544
2005-03-14,2.90,3.43,2.90,3.05,44200,1.199272
2005-03-11,2.85,2.88,2.85,2.88,1300,1.132427
2005-03-10,2.89,3.00,2.89,3.00,300,1.179612
2005-03-09,2.85,3.05,2.85,3.04,4000,1.19534
2005-03-08,3.00,3.10,2.86,3.10,12200,1.218932
2005-03-07,2.85,2.99,2.85,2.87,4700,1.128495
2005-03-04,2.90,3.00,2.85,2.85,11000,1.120631
2005-03-03,2.98,2.98,2.90,2.90,10300,1.140291
2005-03-02,2.99,2.99,2.90,2.90,1800,1.140291
2005-03-01,2.90,2.99,2.90,2.99,2900,1.17568
2005-02-28,2.93,2.93,2.90,2.90,52600,1.140291
2005-02-25,2.89,2.95,2.89,2.95,6300,1.159951
2005-02-24,2.90,2.99,2.85,2.86,12800,1.124563
2005-02-23,2.95,2.95,2.85,2.86,5900,1.124563
2005-02-22,2.74,2.97,2.70,2.97,17900,1.167815
2005-02-18,2.92,2.92,2.77,2.77,9400,1.089175
2005-02-17,2.80,2.93,2.80,2.81,3800,1.104903
2005-02-16,2.80,2.87,2.71,2.80,14500,1.100971
2005-02-15,2.96,2.96,2.81,2.86,11400,1.124563
2005-02-14,2.85,2.96,2.76,2.94,12800,1.156019
2005-02-11,2.76,2.91,2.73,2.80,13000,1.100971
2005-02-10,3.11,3.11,2.79,2.79,7900,1.097039
2005-02-09,3.12,3.12,2.90,2.96,4700,1.163883
2005-02-08,2.95,3.17,2.93,3.00,13400,1.179612
2005-02-07,3.10,3.10,2.95,3.05,3300,1.199272
2005-02-04,3.24,3.24,3.15,3.15,5800,1.238592
2005-02-03,3.34,3.34,2.98,3.24,25500,1.27398
2005-02-02,2.94,3.34,2.94,3.22,7000,1.266116
2005-02-01,2.94,2.96,2.88,2.88,30000,1.132427
2005-01-31,3.40,3.40,2.91,2.98,15900,1.171747
2005-01-28,3.24,3.24,3.09,3.11,8900,1.222864
2005-01-27,3.31,3.54,3.15,3.16,20300,1.242524
2005-01-26,3.50,3.50,3.25,3.30,15200,1.297573
2005-01-25,3.48,3.48,3.10,3.19,29200,1.25432
2005-01-24,3.11,3.90,3.11,3.43,258500,1.348689
2005-01-21,2.98,2.99,2.92,2.99,6000,1.17568
2005-01-20,3.15,3.15,2.89,2.91,2400,1.144223
2005-01-19,3.13,3.19,3.13,3.17,8100,1.246456
2005-01-18,2.92,3.22,2.90,3.11,38400,1.222864
2005-01-14,2.87,2.88,2.87,2.88,7900,1.132427
2005-01-13,2.87,2.87,2.87,2.87,1500,1.128495
2005-01-12,2.66,2.92,2.57,2.87,6700,1.128495
2005-01-11,2.96,2.97,2.72,2.74,18500,1.077379
2005-01-10,3.07,3.08,2.82,2.84,17400,1.116699
2005-01-07,3.30,3.30,3.01,3.08,9800,1.211068
2005-01-06,2.93,3.05,2.90,3.05,18700,1.199272
2005-01-05,2.90,3.20,2.82,2.91,30000,1.144223
2005-01-04,2.99,2.99,2.80,2.82,23700,1.108835
2005-01-03,2.78,3.38,2.78,2.99,106000,1.17568
2004-12-31,2.78,2.94,2.68,2.75,16300,1.081311
2004-12-30,2.73,2.81,2.65,2.80,40600,1.100971
2004-12-29,2.76,2.79,2.70,2.73,11400,1.073447
2004-12-28,2.70,2.80,2.67,2.71,3000,1.065582
2004-12-27,2.81,2.84,2.66,2.70,18600,1.06165
2004-12-23,2.68,2.79,2.68,2.79,6100,1.097039
2004-12-22,2.81,2.83,2.66,2.77,11100,1.089175
2004-12-21,2.69,2.83,2.69,2.81,8300,1.104903
2004-12-20,2.62,2.67,2.62,2.67,8800,1.049854
2004-12-17,2.62,2.62,2.61,2.61,2500,1.026262
2004-12-16,2.65,2.68,2.63,2.63,16500,1.034126
2004-12-15,2.69,2.74,2.65,2.66,19000,1.045922
2004-12-14,2.75,2.90,2.65,2.65,25700,1.04199
2004-12-13,3.25,3.25,2.65,2.77,27200,1.089175
2004-12-10,2.65,2.71,2.55,2.71,13000,1.065582
2004-12-09,2.58,2.66,2.51,2.62,26600,1.030194
2004-12-08,2.60,2.60,2.50,2.54,15800,0.998738
2004-12-07,2.69,2.93,2.51,2.52,32100,0.990874
2004-12-06,2.50,2.83,2.50,2.61,40800,1.026262
2004-12-03,2.54,2.56,2.45,2.50,12300,0.98301
2004-12-02,2.41,2.78,2.41,2.55,5000,1.00267
2004-12-01,2.56,2.65,2.45,2.49,6100,0.979078
2004-11-30,2.47,2.57,2.40,2.47,16500,0.971214
2004-11-29,2.38,2.56,2.35,2.46,24600,0.967281
2004-11-26,2.36,2.53,2.35,2.38,12100,0.935825
2004-11-24,2.33,2.58,2.30,2.40,15200,0.943689
2004-11-23,2.60,2.60,2.40,2.52,20900,0.990874
2004-11-22,2.53,2.55,2.46,2.50,16200,0.98301
2004-11-19,2.40,2.47,2.39,2.46,9000,0.967281
2004-11-18,2.36,2.49,2.36,2.41,10000,0.947621
2004-11-17,2.36,2.64,2.36,2.43,25900,0.955485
2004-11-16,2.60,2.70,2.50,2.59,33300,1.018398
2004-11-15,2.70,2.78,2.60,2.75,28300,1.081311
2004-11-12,2.79,2.85,2.60,2.85,74100,1.120631
2004-11-11,2.67,3.50,2.65,2.94,194100,1.156019
2004-11-10,2.52,2.80,2.52,2.59,25000,1.018398
2004-11-09,2.52,2.60,2.52,2.56,13300,1.006602
2004-11-08,2.50,2.75,2.50,2.58,52200,1.014466
2004-11-05,2.61,2.72,2.53,2.58,57200,1.014466
2004-11-04,2.80,2.92,2.56,2.60,120400,1.02233
2004-11-03,2.75,3.35,2.52,3.16,133900,1.242524
2004-11-02,2.15,2.70,2.15,2.55,65900,1.00267
2004-11-01,2.10,2.23,2.09,2.19,10200,0.861116
2004-10-29,2.30,2.33,2.09,2.11,31800,0.82966
2004-10-28,2.45,2.45,2.30,2.30,7100,0.904369
2004-10-27,2.49,2.49,2.49,2.49,1800,0.979078
2004-10-26,2.50,2.50,2.50,2.50,2000,0.98301
2004-10-25,2.53,2.53,2.47,2.50,6400,0.98301
2004-10-22,2.54,2.55,2.54,2.54,11200,0.998738
2004-10-21,2.59,2.59,2.55,2.58,3600,1.014466
2004-10-20,2.68,2.80,2.55,2.55,26400,1.00267
2004-10-19,2.67,2.67,2.67,2.67,300,1.049854
2004-10-18,2.92,2.93,2.86,2.92,2000,1.148155
2004-10-15,2.88,2.92,2.86,2.92,1200,1.148155
2004-10-14,2.92,2.92,2.88,2.88,400,1.132427
2004-10-13,2.87,2.88,2.86,2.86,7000,1.124563
2004-10-12,2.88,2.88,2.88,2.88,300,1.132427
2004-10-11,2.88,2.88,2.88,2.88,600,1.132427
2004-10-08,2.87,2.87,2.87,2.87,000,1.128495
2004-10-07,2.87,2.87,2.87,2.87,100,1.128495
2004-10-06,2.86,2.86,2.86,2.86,000,1.124563
2004-10-05,2.85,2.96,2.85,2.86,1600,1.124563
2004-10-04,3.16,3.16,2.87,2.90,11800,1.140291
2004-10-01,3.04,3.05,2.98,2.98,4100,1.171747
2004-09-30,2.80,3.05,2.80,3.01,6000,1.183544
2004-09-29,3.01,3.17,2.61,2.94,11000,1.156019
2004-09-28,2.76,3.18,2.76,2.90,3700,1.140291
2004-09-27,2.76,2.76,2.76,2.76,000,1.085243
2004-09-24,3.04,3.04,2.57,2.76,6000,1.085243
2004-09-23,3.06,3.06,3.05,3.05,500,1.199272
2004-09-22,3.09,3.09,3.09,3.09,000,1.215
2004-09-21,3.09,3.09,3.09,3.09,000,1.215
2004-09-20,2.63,3.20,2.60,3.09,6300,1.215
2004-09-17,2.78,2.78,2.55,2.64,12000,1.038058
2004-09-16,2.85,2.85,2.79,2.79,3500,1.097039
2004-09-15,2.85,2.85,2.79,2.81,22800,1.104903
2004-09-14,2.82,2.86,2.82,2.82,15400,1.108835
2004-09-13,2.90,2.90,2.90,2.90,600,1.140291
2004-09-10,2.86,2.90,2.85,2.85,11400,1.120631
2004-09-09,2.86,2.86,2.85,2.85,4300,1.120631
2004-09-08,2.83,2.86,2.83,2.85,1000,1.120631
2004-09-07,2.90,2.93,2.88,2.89,17200,1.136359
2004-09-03,2.92,2.94,2.92,2.94,2200,1.156019
2004-09-02,2.91,2.93,2.91,2.91,2000,1.144223
2004-09-01,3.02,3.02,2.90,2.90,4300,1.140291
2004-08-31,3.11,3.11,2.80,3.08,4800,1.211068
2004-08-30,3.11,3.17,3.11,3.17,900,1.246456
2004-08-27,3.23,3.23,3.20,3.21,500,1.262184
2004-08-26,3.31,3.31,3.24,3.25,9600,1.277913
2004-08-25,3.32,3.32,3.31,3.31,2400,1.301505
2004-08-24,3.32,3.32,3.32,3.32,200,1.305437
2004-08-23,3.32,3.50,3.32,3.41,1500,1.340825
2004-08-20,3.32,3.32,3.31,3.31,2000,1.301505
2004-08-19,3.32,3.32,3.31,3.31,6500,1.301505
2004-08-18,3.50,3.53,3.32,3.38,7100,1.329029
2004-08-17,3.33,3.38,3.33,3.38,1400,1.329029
2004-08-16,3.32,3.34,3.32,3.33,1000,1.309369
2004-08-13,3.34,3.34,3.31,3.31,2500,1.301505
2004-08-12,3.34,3.40,3.33,3.33,5700,1.309369
2004-08-11,3.37,3.37,3.37,3.37,400,1.325097
2004-08-10,3.33,3.33,3.33,3.33,000,1.309369
2004-08-09,3.32,3.33,3.32,3.33,2900,1.309369
2004-08-06,3.51,3.51,3.31,3.31,9800,1.301505
2004-08-05,3.54,3.54,3.41,3.51,9500,1.380146
2004-08-04,3.55,3.55,3.55,3.55,700,1.395874
2004-08-03,3.54,3.64,3.53,3.53,3000,1.38801
2004-08-02,3.54,3.60,3.54,3.57,4500,1.403738
2004-07-30,3.60,3.60,3.59,3.59,2200,1.411602
2004-07-29,3.65,3.65,3.58,3.60,6800,1.415534
2004-07-28,3.60,3.63,3.60,3.61,2100,1.419466
2004-07-27,3.55,3.55,3.55,3.55,1400,1.395874
2004-07-26,3.73,3.73,3.53,3.56,19800,1.399806
2004-07-23,3.73,3.73,3.73,3.73,1900,1.46665
2004-07-22,3.76,3.80,3.76,3.80,28900,1.494175
2004-07-21,3.90,3.96,3.90,3.90,12600,1.533495
2004-07-20,3.90,3.91,3.90,3.91,2100,1.537427
2004-07-19,3.90,3.95,3.90,3.90,2000,1.533495
2004-07-16,3.90,3.90,3.90,3.90,1300,1.533495
2004-07-15,3.95,3.95,3.90,3.90,7600,1.533495
2004-07-14,4.00,4.08,3.94,4.00,10600,1.572815
2004-07-13,4.21,4.21,4.21,4.21,800,1.655388
2004-07-12,4.29,4.29,4.29,4.29,000,1.686845
2004-07-09,4.29,4.29,4.29,4.29,200,1.686845
2004-07-08,4.30,4.30,4.14,4.19,6500,1.647524
2004-07-07,4.27,4.35,4.27,4.28,7500,1.682913
2004-07-06,4.28,4.33,4.27,4.27,16800,1.67898
2004-07-02,4.35,4.35,4.35,4.35,000,1.710437
2004-07-01,4.42,4.42,4.33,4.35,21200,1.710437
2004-06-30,4.42,4.42,4.40,4.42,14000,1.737961
2004-06-29,4.42,4.48,4.40,4.40,29000,1.730097
2004-06-28,4.48,4.48,4.40,4.44,11500,1.745825
2004-06-25,4.43,4.47,4.43,4.43,2700,1.741893
2004-06-24,4.45,4.45,4.42,4.43,3700,1.741893
2004-06-23,4.57,4.57,4.57,4.57,300,1.796942
2004-06-22,4.57,4.66,4.57,4.57,5900,1.796942
2004-06-21,4.68,4.70,4.68,4.70,700,1.848058
2004-06-18,4.60,4.60,4.60,4.60,000,1.808738
2004-06-17,4.65,4.65,4.60,4.60,8000,1.808738
2004-06-16,4.66,4.70,4.65,4.65,3700,1.828398
2004-06-15,5.00,5.00,4.65,4.65,6400,1.828398
2004-06-14,5.00,5.00,4.80,4.80,1000,1.887379
2004-06-10,4.71,4.71,4.66,4.66,900,1.83233
2004-06-09,4.73,4.73,4.72,4.72,1500,1.855922
2004-06-08,4.97,4.97,4.97,4.97,800,1.954223
2004-06-07,4.90,5.00,4.89,4.97,2100,1.954223
2004-06-04,4.86,4.86,4.86,4.86,000,1.910971
2004-06-03,4.85,4.86,4.72,4.86,1900,1.910971
2004-06-02,4.65,4.77,4.65,4.77,16200,1.875582
2004-06-01,4.65,4.66,4.65,4.66,400,1.83233
2004-05-28,4.75,4.76,4.75,4.76,1000,1.87165
2004-05-27,4.66,4.83,4.66,4.83,3200,1.899175
2004-05-26,4.65,4.84,4.65,4.65,6500,1.828398
2004-05-25,4.70,4.70,4.70,4.70,000,1.848058
2004-05-24,4.66,4.70,4.66,4.70,2000,1.848058
2004-05-21,4.65,4.65,4.65,4.65,700,1.828398
2004-05-20,4.65,4.65,4.65,4.65,000,1.828398
2004-05-19,4.66,4.66,4.65,4.65,2800,1.828398
2004-05-18,4.65,4.65,4.65,4.65,600,1.828398
2004-05-17,4.66,4.66,4.65,4.65,2800,1.828398
2004-05-14,5.00,5.00,4.66,4.66,1700,1.83233
2004-05-13,4.66,4.66,4.66,4.66,000,1.83233
2004-05-12,4.66,4.66,4.66,4.66,100,1.83233
2004-05-11,4.65,4.65,4.65,4.65,4400,1.828398
2004-05-10,4.66,4.93,4.65,4.65,7000,1.828398
2004-05-07,4.65,4.75,4.65,4.70,12500,1.848058
2004-05-06,4.67,4.67,4.67,4.67,000,1.836262
2004-05-05,4.70,4.71,4.67,4.67,2100,1.836262
2004-05-04,4.71,4.71,4.65,4.65,3000,1.828398
2004-05-03,4.65,4.65,4.65,4.65,700,1.828398
2004-04-30,5.02,5.05,4.65,4.65,4300,1.828398
2004-04-29,4.62,5.10,4.62,5.02,33600,1.973883
2004-04-28,4.87,5.03,4.85,4.85,14000,1.907039
2004-04-27,4.86,4.86,4.86,4.86,000,1.910971
2004-04-26,4.95,4.95,4.86,4.86,400,1.910971
2004-04-23,4.94,5.27,4.94,5.00,3500,1.966019
2004-04-22,5.04,5.04,4.91,5.01,2600,1.969951
2004-04-21,5.01,5.03,4.86,4.86,21000,1.910971
2004-04-20,5.02,5.30,5.00,5.01,14200,1.969951
2004-04-19,5.01,5.06,5.00,5.00,15200,1.966019
2004-04-16,5.01,5.15,5.01,5.04,7000,1.981747
2004-04-15,5.11,5.11,5.10,5.10,200,2.00534
2004-04-14,5.15,5.36,5.15,5.23,16300,2.056456
2004-04-13,5.10,5.45,5.10,5.30,8600,2.083981
2004-04-12,5.50,5.50,5.11,5.11,2200,2.009272
2004-04-08,5.10,5.25,5.00,5.23,9000,2.056456
2004-04-07,5.00,5.39,4.99,5.25,2800,2.06432
2004-04-06,4.92,5.00,4.86,5.00,5400,1.966019
2004-04-05,4.93,4.98,4.87,4.97,11300,1.954223
2004-04-02,4.99,5.01,4.95,5.00,3400,1.966019
2004-04-01,5.00,5.00,5.00,5.00,4300,1.966019
2004-03-31,5.00,5.04,5.00,5.00,47500,1.966019
2004-03-30,5.10,5.10,5.00,5.02,23900,1.973883
2004-03-29,5.16,5.16,5.10,5.12,11800,2.013204
2004-03-26,5.20,5.20,5.10,5.10,2100,2.00534
2004-03-25,5.19,5.19,5.13,5.13,1900,2.017136
2004-03-24,5.22,5.22,5.10,5.12,64300,2.013204
2004-03-23,5.14,5.24,5.14,5.19,38000,2.040728
2004-03-22,5.15,5.26,5.12,5.12,4200,2.013204
2004-03-19,5.15,5.19,5.14,5.17,25700,2.032864
2004-03-18,5.35,5.35,5.11,5.14,11800,2.021068
2004-03-17,5.17,5.30,5.15,5.25,190400,2.06432
2004-03-16,5.15,5.15,5.15,5.15,300,2.025
2004-03-15,5.32,5.32,5.15,5.15,9300,2.025
2004-03-12,5.33,5.60,5.20,5.20,3300,2.04466
2004-03-11,5.35,5.35,5.03,5.16,2600,2.028932
2004-03-10,5.48,5.50,5.25,5.35,3700,2.103641
2004-03-09,5.25,5.53,5.25,5.45,10000,2.142961
2004-03-08,5.49,5.49,5.26,5.26,2000,2.068252
2004-03-05,5.38,5.50,5.38,5.48,9300,2.154757
2004-03-04,5.80,6.20,5.27,5.50,25100,2.162621
2004-03-03,5.10,6.49,4.95,5.77,233400,2.268786
2004-03-02,5.00,5.20,4.98,5.20,7000,2.04466
2004-03-01,5.17,5.17,4.99,5.01,8000,1.969951
2004-02-27,4.95,5.10,4.95,5.10,1900,2.00534
2004-02-26,4.81,4.81,4.81,4.81,000,1.891311
2004-02-25,4.81,4.81,4.81,4.81,000,1.891311
2004-02-24,4.81,4.81,4.81,4.81,400,1.891311
2004-02-23,4.91,4.91,4.91,4.91,1000,1.930631
2004-02-20,5.01,5.01,5.01,5.01,000,1.969951
2004-02-19,4.96,5.01,4.62,5.01,5800,1.969951
2004-02-18,5.13,5.20,5.10,5.10,2600,2.00534
2004-02-17,5.00,5.00,4.81,4.81,700,1.891311
2004-02-13,4.86,4.86,4.86,4.86,100,1.910971
2004-02-12,4.90,4.90,4.87,4.87,900,1.914903
2004-02-11,5.18,5.20,5.18,5.20,12400,2.04466
2004-02-10,5.22,5.22,5.22,5.22,000,2.052524
2004-02-09,4.83,5.22,4.83,5.22,8500,2.052524
2004-02-06,4.83,4.99,4.83,4.94,1000,1.942427
2004-02-05,4.84,5.00,4.84,5.00,8100,1.966019
2004-02-04,4.99,5.16,4.89,5.00,5000,1.966019
2004-02-03,5.39,5.39,5.01,5.01,7300,1.969951
2004-02-02,5.29,5.33,5.28,5.28,2000,2.076116
2004-01-30,5.16,5.34,5.09,5.34,1500,2.099709
2004-01-29,5.34,5.36,5.09,5.17,6800,2.032864
2004-01-28,5.41,5.48,5.41,5.47,3500,2.150825
2004-01-27,5.16,5.45,5.15,5.45,11700,2.142961
2004-01-26,5.30,5.30,5.18,5.19,1800,2.040728
2004-01-23,5.33,5.40,5.33,5.35,4700,2.103641
2004-01-22,5.20,5.41,5.20,5.40,7000,2.123301
2004-01-21,5.27,5.55,5.17,5.38,4600,2.115437
2004-01-20,5.00,5.58,4.75,5.58,10300,2.194077
2004-01-16,5.10,5.10,4.85,5.05,26500,1.98568
2004-01-15,4.93,5.15,4.75,5.15,2200,2.025
2004-01-14,4.93,5.15,4.93,5.15,2300,2.025
2004-01-13,5.00,5.07,4.94,4.95,3000,1.946359
2004-01-12,4.99,5.25,4.91,5.04,6100,1.981747
2004-01-09,4.80,4.98,4.80,4.98,3300,1.958155
2004-01-08,4.89,4.89,4.89,4.89,900,1.922767
2004-01-07,4.70,4.98,4.65,4.98,7000,1.958155
2004-01-06,4.65,4.75,4.63,4.70,62700,1.848058
2004-01-05,4.52,4.84,4.52,4.75,101100,1.867718
2004-01-02,4.52,4.70,4.52,4.55,3400,1.789078
2003-12-31,4.50,4.64,4.50,4.61,1800,1.81267
2003-12-30,4.40,4.75,4.40,4.65,36900,1.828398
2003-12-29,4.51,4.95,4.40,4.95,71200,1.946359
2003-12-26,4.64,4.75,4.56,4.75,6400,1.867718
2003-12-24,4.56,4.60,4.56,4.60,7100,1.808738
2003-12-23,4.60,4.60,4.55,4.55,600,1.789078
2003-12-22,4.55,4.72,4.47,4.60,38100,1.808738
2003-12-19,4.60,4.60,4.57,4.57,8400,1.796942
2003-12-18,4.60,4.60,4.56,4.56,10700,1.79301
2003-12-17,4.79,4.79,4.79,4.79,000,1.883446
2003-12-16,4.70,4.79,4.61,4.79,5600,1.883446
2003-12-15,4.68,4.68,4.68,4.68,2600,1.840194
2003-12-12,4.65,5.00,4.65,4.65,14100,1.828398
2003-12-11,4.70,4.84,4.70,4.70,1500,1.848058
2003-12-10,4.70,4.70,4.70,4.70,1200,1.848058
2003-12-09,4.76,4.76,4.76,4.76,000,1.87165
2003-12-08,4.79,4.83,4.75,4.76,4600,1.87165
2003-12-05,4.71,4.71,4.71,4.71,200,1.85199
2003-12-04,4.85,4.89,4.64,4.70,7500,1.848058
2003-12-03,5.00,5.00,4.85,4.85,4600,1.907039
2003-12-02,4.85,5.12,4.85,5.00,14000,1.966019
2003-12-01,4.66,4.96,4.66,4.85,6300,1.907039
2003-11-28,4.89,5.00,4.71,5.00,900,1.966019
2003-11-26,4.70,4.92,4.70,4.92,1200,1.934563
2003-11-25,4.56,5.00,4.56,4.99,6300,1.962087
2003-11-24,4.60,4.98,4.56,4.76,17100,1.87165
2003-11-21,4.68,4.75,4.66,4.75,1800,1.867718
2003-11-20,4.71,4.93,4.71,4.75,5500,1.867718
2003-11-19,4.77,5.02,4.60,4.81,14900,1.891311
2003-11-18,5.09,5.45,4.76,4.90,22400,1.926699
2003-11-17,4.96,5.00,4.76,5.00,14300,1.966019
2003-11-14,5.05,5.05,4.90,4.90,19200,1.926699
2003-11-13,5.10,5.10,5.08,5.10,26100,2.00534
2003-11-12,5.00,5.14,5.00,5.10,25400,2.00534
2003-11-11,5.00,5.03,4.94,5.00,12100,1.966019
2003-11-10,5.05,5.13,4.97,5.06,27200,1.989611
2003-11-07,5.10,5.10,4.91,5.09,26400,2.001408
2003-11-06,5.10,5.14,4.95,5.03,28900,1.977815
2003-11-05,5.00,5.23,4.96,5.10,35700,2.00534
2003-11-04,4.91,5.04,4.91,4.95,22700,1.946359
2003-11-03,4.80,5.70,4.56,5.21,94700,2.048592
2003-10-31,4.50,4.55,4.50,4.53,3700,1.781214
2003-10-30,4.50,4.52,4.50,4.50,7900,1.769417
2003-10-29,4.52,4.55,4.49,4.55,14500,1.789078
2003-10-28,4.55,4.60,4.49,4.50,12700,1.769417
2003-10-27,4.51,4.51,4.51,4.51,700,1.773349
2003-10-24,4.49,4.65,4.49,4.50,5600,1.769417
2003-10-23,4.53,4.53,4.40,4.40,1700,1.730097
2003-10-22,4.20,4.53,4.20,4.49,89500,1.765485
2003-10-21,4.21,4.28,4.20,4.28,16500,1.682913
2003-10-20,4.21,4.21,4.20,4.21,25700,1.655388
2003-10-17,4.54,4.54,4.25,4.29,27500,1.686845
2003-10-16,4.85,4.85,4.10,4.51,16700,1.773349
2003-10-15,4.71,4.89,4.30,4.30,14000,1.690777
2003-10-14,4.99,4.99,4.85,4.85,26900,1.907039
2003-10-13,4.83,5.05,4.83,4.98,3600,1.958155
2003-10-10,4.97,5.00,4.80,5.00,4700,1.966019
2003-10-09,4.99,5.01,4.98,5.01,7200,1.969951
2003-10-08,4.99,5.04,4.99,5.04,10500,1.981747
2003-10-07,4.98,5.00,4.97,5.00,7100,1.966019
2003-10-06,4.98,4.98,4.98,4.98,1200,1.958155
2003-10-03,4.96,4.96,4.96,4.96,1300,1.950291
2003-10-02,5.00,5.09,4.73,5.00,14300,1.966019
2003-10-01,5.00,5.00,4.91,5.00,5600,1.966019
2003-09-30,5.00,5.00,4.99,5.00,16200,1.966019
2003-09-29,5.02,5.09,5.02,5.07,2400,1.993544
2003-09-26,5.03,5.03,5.03,5.03,1300,1.977815
2003-09-25,5.18,5.20,5.08,5.09,2000,2.001408
2003-09-24,4.90,5.09,4.90,5.03,2800,1.977815
2003-09-23,4.75,5.14,4.75,5.05,3100,1.98568
2003-09-22,5.08,5.14,4.60,4.90,10300,1.926699
2003-09-19,5.15,5.16,4.91,5.13,2000,2.017136
2003-09-18,4.92,5.14,4.85,4.85,5700,1.907039
2003-09-17,5.07,5.07,4.84,4.86,1200,1.910971
2003-09-16,4.90,5.29,4.90,5.29,3000,2.080048
2003-09-15,4.90,4.90,4.81,4.82,6700,1.895243
2003-09-12,4.91,4.91,4.91,4.91,800,1.930631
2003-09-11,4.89,5.09,4.89,4.99,4900,1.962087
2003-09-10,5.04,5.05,5.04,5.05,300,1.98568
2003-09-09,4.57,5.05,4.57,5.04,12200,1.981747
2003-09-08,4.64,4.80,4.58,4.59,7800,1.804806
2003-09-05,4.79,4.79,4.78,4.78,4800,1.879515
2003-09-04,4.80,4.81,4.80,4.80,3600,1.887379
2003-09-03,4.65,4.95,4.65,4.80,8400,1.887379
2003-09-02,4.92,4.95,4.52,4.95,6600,1.946359
2003-08-29,4.40,5.00,4.31,5.00,12900,1.966019
2003-08-28,4.64,4.64,4.50,4.51,6600,1.773349
2003-08-27,4.70,5.85,4.65,4.65,11200,1.828398
2003-08-26,5.16,5.16,4.89,4.89,2700,1.922767
2003-08-25,5.13,5.14,4.90,5.10,4900,2.00534
2003-08-22,4.89,5.20,4.87,5.20,8500,2.04466
2003-08-21,4.85,5.19,4.85,5.18,3600,2.036796
2003-08-20,4.79,5.15,4.79,5.06,1600,1.989611
2003-08-19,4.82,5.00,4.75,4.85,3200,1.907039
2003-08-18,5.00,5.00,4.76,4.76,1600,1.87165
2003-08-15,5.00,5.00,5.00,5.00,3200,1.966019
2003-08-14,4.72,5.09,4.72,4.91,4900,1.930631
2003-08-13,5.07,5.07,4.80,4.89,2600,1.922767
2003-08-12,5.07,5.09,5.07,5.09,3600,2.001408
2003-08-11,5.03,5.03,5.03,5.03,1000,1.977815
2003-08-08,4.85,5.10,4.85,5.01,3000,1.969951
2003-08-07,4.66,4.67,4.34,4.54,14000,1.785145
2003-08-06,5.56,5.67,4.66,4.74,19500,1.863786
2003-08-05,5.56,5.56,5.56,5.56,600,2.186213
2003-08-04,5.55,5.70,5.50,5.66,2300,2.225534
2003-08-01,5.55,5.56,5.55,5.56,800,2.186213
2003-07-31,5.70,5.75,5.55,5.65,2700,2.221602
2003-07-30,5.70,5.71,5.70,5.71,1200,2.245194
2003-07-29,5.90,6.01,5.56,5.80,4100,2.280582
2003-07-28,5.63,5.90,5.63,5.85,4200,2.300243
2003-07-25,5.65,5.65,5.65,5.65,100,2.221602
2003-07-24,6.00,6.08,5.55,6.00,9400,2.359223
2003-07-23,6.00,6.25,6.00,6.25,700,2.457524
2003-07-22,6.12,6.50,6.12,6.30,7500,2.477184
2003-07-21,6.20,6.20,6.01,6.15,5400,2.418204
2003-07-18,6.27,6.75,5.71,6.00,4000,2.359223
2003-07-17,5.95,6.25,5.26,5.93,16200,2.331699
2003-07-16,6.58,6.58,6.00,6.20,6100,2.437864
2003-07-15,6.61,6.61,6.40,6.40,5400,2.516505
2003-07-14,6.65,7.15,6.08,6.47,17300,2.544029
2003-07-11,5.20,6.50,5.20,6.30,14600,2.477184
2003-07-10,6.70,6.70,5.25,5.25,14400,2.06432
2003-07-09,6.59,7.40,5.61,5.80,16700,2.280582
2003-07-08,5.25,6.85,5.25,5.75,24000,2.260922
2003-07-07,6.56,6.64,5.15,5.15,6000,2.025
2003-07-03,5.90,6.95,5.90,6.49,8800,2.551893
2003-07-02,4.85,6.47,4.85,6.47,33100,2.544029
2003-07-01,4.81,4.81,4.51,4.75,9100,1.867718
2003-06-30,4.65,4.75,4.65,4.75,7200,1.867718
2003-06-27,4.15,4.66,4.15,4.66,900,1.83233
2003-06-26,4.70,4.76,4.66,4.76,19800,1.87165
2003-06-25,4.75,4.75,4.57,4.72,2400,1.855922
2003-06-24,4.10,4.75,4.10,4.75,5900,1.867718
2003-06-23,4.21,4.21,4.10,4.10,1600,1.612136
2003-06-20,4.30,4.30,4.30,4.30,000,1.690777
2003-06-19,4.30,4.30,4.30,4.30,500,1.690777
2003-06-18,4.35,4.35,4.27,4.27,500,1.67898
2003-06-17,4.25,4.36,4.25,4.35,400,1.710437
2003-06-16,4.60,4.60,4.60,4.60,2300,1.808738
2003-06-13,4.48,4.50,4.21,4.50,8000,1.769417
2003-06-12,4.20,4.20,4.20,4.20,1300,1.651456
2003-06-11,4.05,4.05,4.05,4.05,500,1.592476
2003-06-10,4.40,4.40,4.05,4.40,7000,1.730097
2003-06-09,4.05,4.38,4.05,4.38,1200,1.722233
2003-06-06,4.29,4.29,4.16,4.16,300,1.635728
2003-06-05,4.75,4.75,4.75,4.75,200,1.867718
2003-06-04,4.50,4.74,3.75,4.74,3800,1.863786
2003-06-03,3.65,4.52,3.65,4.50,9900,1.769417
2003-06-02,4.04,4.69,4.04,4.68,7300,1.840194
2003-05-30,3.95,4.60,3.95,4.60,1600,1.808738
2003-05-29,4.25,4.25,4.25,4.25,200,1.671116
2003-05-28,4.00,4.25,3.60,4.25,9700,1.671116
2003-05-27,4.20,4.20,3.60,3.95,9900,1.553155
2003-05-23,3.91,4.78,3.90,4.20,7300,1.651456
2003-05-22,4.24,4.24,4.21,4.21,800,1.655388
2003-05-21,4.30,4.30,4.30,4.30,3700,1.690777
2003-05-20,4.38,4.38,4.30,4.30,900,1.690777
2003-05-19,4.40,4.40,4.40,4.40,000,1.730097
2003-05-16,4.69,4.70,4.40,4.40,800,1.730097
2003-05-15,4.90,4.95,4.69,4.69,2500,1.844126
2003-05-14,4.51,4.79,4.34,4.34,900,1.706505
2003-05-13,4.90,4.90,4.90,4.90,200,1.926699
2003-05-12,4.50,4.90,4.50,4.90,1400,1.926699
2003-05-09,4.73,4.73,4.65,4.65,1500,1.828398
2003-05-08,4.90,4.90,4.45,4.65,15800,1.828398
2003-05-07,4.60,4.95,4.45,4.45,11700,1.749757
2003-05-06,4.25,4.60,4.00,4.60,11100,1.808738
2003-05-05,3.61,4.25,3.61,4.25,18000,1.671116
2003-05-02,3.45,3.89,3.40,3.89,7700,1.529563
2003-05-01,3.30,3.40,3.30,3.39,16400,1.332961
2003-04-30,3.28,3.50,3.28,3.50,400,1.376213
2003-04-29,3.28,3.68,3.28,3.50,8100,1.376213
2003-04-28,3.75,3.75,3.45,3.75,6600,1.474514
2003-04-25,3.79,4.00,3.63,4.00,12300,1.572815
2003-04-24,3.60,4.45,3.50,3.50,8700,1.376213
2003-04-23,2.87,3.70,2.87,3.40,3600,1.336893
2003-04-22,2.67,2.87,2.67,2.85,4000,1.120631
2003-04-21,2.26,2.26,2.26,2.26,100,0.888641
2003-04-17,2.35,2.35,2.35,2.35,100,0.924029
2003-04-16,2.26,2.26,2.26,2.26,300,0.888641
2003-04-15,2.59,2.59,2.40,2.40,9200,0.943689
2003-04-14,2.35,2.53,2.35,2.35,400,0.924029
2003-04-11,2.26,2.26,2.26,2.26,000,0.888641
2003-04-10,2.26,2.26,2.26,2.26,000,0.888641
2003-04-09,2.24,2.35,2.16,2.26,1800,0.888641
2003-04-08,2.25,2.25,2.25,2.25,000,0.884709
2003-04-07,2.15,2.25,2.15,2.25,600,0.884709
2003-04-04,2.14,2.14,2.14,2.14,000,0.841456
2003-04-03,1.96,2.14,1.96,2.14,4200,0.841456
2003-04-02,1.99,2.13,1.99,2.13,4000,0.837524
2003-04-01,2.05,2.05,2.05,2.05,000,0.806068
2003-03-31,2.05,2.06,2.05,2.05,2600,0.806068
2003-03-28,2.10,2.10,2.05,2.05,3500,0.806068
2003-03-27,2.14,2.14,2.00,2.00,8400,0.786408
2003-03-26,2.00,2.10,2.00,2.08,7700,0.817864
2003-03-25,2.00,2.00,1.99,1.99,5400,0.782476
2003-03-24,1.94,1.99,1.92,1.92,8500,0.754951
2003-03-21,1.94,2.02,1.94,2.02,400,0.794272
2003-03-20,2.05,2.15,1.80,2.14,22500,0.841456
2003-03-19,1.87,1.96,1.87,1.95,1300,0.766748
2003-03-18,1.84,1.84,1.84,1.84,800,0.723495
2003-03-17,1.82,1.85,1.82,1.85,200,0.727427
2003-03-14,1.87,1.87,1.83,1.83,3800,0.719563
2003-03-13,1.82,1.82,1.81,1.82,4200,0.715631
2003-03-12,1.88,1.88,1.82,1.82,1000,0.715631
2003-03-11,1.82,1.82,1.82,1.82,300,0.715631
2003-03-10,2.00,2.02,1.88,1.88,2300,0.739223
2003-03-07,1.99,1.99,1.99,1.99,900,0.782476
2003-03-06,2.00,2.00,2.00,2.00,000,0.786408
2003-03-05,1.99,2.01,1.99,2.00,24800,0.786408
2003-03-04,1.90,1.90,1.90,1.90,000,0.747087
2003-03-03,1.82,1.90,1.82,1.90,800,0.747087
2003-02-28,1.82,1.82,1.82,1.82,500,0.715631
2003-02-27,1.99,2.01,1.72,1.99,5600,0.782476
2003-02-26,2.00,2.01,1.99,2.01,2700,0.79034
2003-02-25,1.98,1.99,1.98,1.99,600,0.782476
2003-02-24,1.99,1.99,1.99,1.99,000,0.782476
2003-02-21,1.99,1.99,1.99,1.99,1100,0.782476
2003-02-20,1.99,1.99,1.99,1.99,900,0.782476
2003-02-19,2.02,2.02,1.99,1.99,5300,0.782476
2003-02-18,1.95,1.95,1.95,1.95,000,0.766748
2003-02-14,1.95,1.95,1.95,1.95,000,0.766748
2003-02-13,1.98,1.98,1.95,1.95,4000,0.766748
2003-02-12,2.00,2.01,1.98,1.99,7300,0.782476
2003-02-11,2.02,2.06,2.02,2.02,1500,0.794272
2003-02-10,2.01,2.01,2.01,2.01,300,0.79034
2003-02-07,2.05,2.11,1.98,1.99,6600,0.782476
2003-02-06,2.04,2.13,1.95,1.97,19500,0.774612
2003-02-05,2.03,2.10,1.99,1.99,8700,0.782476
2003-02-04,2.04,2.14,2.00,2.06,5400,0.81
2003-02-03,2.10,2.13,2.02,2.05,8800,0.806068
2003-01-31,2.17,2.17,1.84,2.17,5400,0.853252
2003-01-30,1.87,2.25,1.85,2.25,10700,0.884709
2003-01-29,1.90,2.00,1.89,2.00,7200,0.786408
2003-01-28,1.88,1.90,1.88,1.90,1000,0.747087
2003-01-27,1.70,1.70,1.70,1.70,000,0.668447
2003-01-24,1.50,1.70,1.50,1.70,2800,0.668447
2003-01-23,1.74,1.82,1.74,1.82,300,0.715631
2003-01-22,1.75,1.84,1.75,1.75,2000,0.688107
2003-01-21,1.70,1.70,1.70,1.70,000,0.668447
2003-01-17,1.66,1.74,1.66,1.70,2500,0.668447
2003-01-16,1.67,1.70,1.59,1.59,2000,0.625194
2003-01-15,1.48,1.54,1.48,1.50,9700,0.589806
2003-01-14,1.55,1.63,1.55,1.63,700,0.640922
2003-01-13,1.55,1.64,1.55,1.64,6900,0.644854
2003-01-10,1.60,1.60,1.55,1.55,1900,0.609466
2003-01-09,1.56,1.60,1.55,1.60,18200,0.629126
2003-01-08,1.57,1.57,1.57,1.57,000,0.61733
2003-01-07,1.57,1.57,1.57,1.57,000,0.61733
2003-01-06,1.64,1.65,1.52,1.57,8700,0.61733
2003-01-03,1.66,1.76,1.65,1.76,2500,0.692039
2003-01-02,1.68,1.69,1.68,1.69,1500,0.664515
2002-12-31,1.53,1.62,1.53,1.62,900,0.63699
2002-12-30,1.53,1.63,1.53,1.63,1700,0.640922
2002-12-27,1.53,1.63,1.53,1.63,200,0.640922
2002-12-26,1.59,1.61,1.59,1.61,2200,0.633058
2002-12-24,1.52,1.60,1.51,1.53,4700,0.601602
2002-12-23,1.54,1.54,1.53,1.53,700,0.601602
2002-12-20,1.54,1.57,1.50,1.57,5200,0.61733
2002-12-19,1.51,1.58,1.51,1.55,2800,0.609466
2002-12-18,1.58,1.58,1.58,1.58,100,0.621262
2002-12-17,1.75,1.75,1.65,1.65,1100,0.648786
2002-12-16,1.67,1.67,1.67,1.67,200,0.65665
2002-12-13,1.49,1.55,1.49,1.55,16400,0.609466
2002-12-12,1.49,1.49,1.49,1.49,000,0.585874
2002-12-11,1.43,1.50,1.39,1.49,53100,0.585874
2002-12-10,1.50,1.50,1.50,1.50,000,0.589806
2002-12-09,1.47,1.50,1.46,1.50,27300,0.589806
2002-12-06,1.57,1.57,1.57,1.57,000,0.61733
2002-12-05,1.57,1.57,1.57,1.57,000,0.61733
2002-12-04,1.57,1.57,1.57,1.57,100,0.61733
2002-12-03,1.55,1.59,1.41,1.59,9400,0.625194
2002-12-02,1.55,1.65,1.55,1.61,23800,0.633058
2002-11-29,1.54,1.54,1.52,1.52,4000,0.59767
2002-11-27,1.48,1.50,1.48,1.49,7400,0.585874
2002-11-26,1.33,1.33,1.33,1.33,1500,0.522961
2002-11-25,1.38,1.50,1.36,1.37,23600,0.538689
2002-11-22,1.40,1.40,1.36,1.36,21900,0.534757
2002-11-21,1.45,1.45,1.37,1.38,6900,0.542621
2002-11-20,1.27,1.27,1.27,1.27,400,0.499369
2002-11-19,1.27,1.27,1.27,1.27,000,0.499369
2002-11-18,1.15,1.45,1.15,1.27,10100,0.499369
2002-11-15,1.50,1.50,1.31,1.31,28800,0.515097
2002-11-14,1.44,1.44,1.44,1.44,000,0.566214
2002-11-13,1.44,1.44,1.44,1.44,000,0.566214
2002-11-12,1.50,1.50,1.44,1.44,4600,0.566214
2002-11-11,1.46,1.46,1.46,1.46,1000,0.574078
2002-11-08,1.44,1.45,1.44,1.45,6500,0.570146
2002-11-07,1.55,1.55,1.45,1.45,22600,0.570146
2002-11-06,1.50,1.50,1.47,1.50,10000,0.589806
2002-11-05,1.30,1.46,1.30,1.46,5100,0.574078
2002-11-04,1.52,1.57,1.45,1.45,6200,0.570146
2002-11-01,1.54,1.54,1.54,1.54,000,0.605534
2002-10-31,1.50,1.68,1.47,1.54,11300,0.605534
2002-10-30,1.50,1.50,1.41,1.41,4900,0.554417
2002-10-29,1.60,1.65,1.48,1.49,32800,0.585874
2002-10-28,1.64,1.64,1.60,1.60,10800,0.629126
2002-10-25,1.50,1.50,1.50,1.50,700,0.589806
2002-10-24,1.59,1.59,1.40,1.53,4500,0.601602
2002-10-23,1.60,1.64,1.57,1.64,9000,0.644854
2002-10-22,1.53,1.53,1.49,1.50,7000,0.589806
2002-10-21,1.56,1.62,1.50,1.62,25800,0.63699
2002-10-18,1.52,1.56,1.52,1.54,10200,0.605534
2002-10-17,1.47,1.52,1.47,1.52,400,0.59767
2002-10-16,1.45,1.55,1.45,1.46,12800,0.574078
2002-10-15,1.37,1.46,1.37,1.40,20300,0.550485
2002-10-14,1.25,1.31,1.23,1.31,39600,0.515097
2002-10-11,1.21,1.25,1.20,1.25,6700,0.491505
2002-10-10,1.25,1.25,1.20,1.20,17600,0.471845
2002-10-09,1.15,1.23,1.03,1.23,6400,0.483641
2002-10-08,1.16,1.16,1.16,1.16,600,0.456116
2002-10-07,1.35,1.44,1.15,1.15,20100,0.452184
2002-10-04,1.38,1.40,1.22,1.25,4000,0.491505
2002-10-03,1.66,1.66,1.35,1.36,3800,0.534757
2002-10-02,1.72,1.72,1.62,1.69,2000,0.664515
2002-10-01,1.76,1.76,1.75,1.75,300,0.688107
2002-09-30,1.81,1.81,1.78,1.78,1300,0.699903
2002-09-27,1.81,1.81,1.81,1.81,300,0.711699
2002-09-26,1.80,1.80,1.80,1.80,000,0.707767
2002-09-25,1.80,1.80,1.80,1.80,100,0.707767
2002-09-24,1.81,1.81,1.81,1.81,100,0.711699
2002-09-23,1.86,1.86,1.85,1.85,10000,0.727427
2002-09-20,1.86,1.86,1.86,1.86,10000,0.731359
2002-09-19,1.90,1.93,1.86,1.86,27500,0.731359
2002-09-18,1.85,1.85,1.84,1.84,200,0.723495
2002-09-17,1.95,1.95,1.64,1.64,14700,0.644854
2002-09-16,1.97,1.97,1.90,1.90,14200,0.747087
2002-09-13,1.94,1.94,1.89,1.89,1500,0.743155
2002-09-12,1.93,1.93,1.93,1.93,000,0.758883
2002-09-11,1.93,1.93,1.93,1.93,000,0.758883
2002-09-10,1.93,1.94,1.93,1.93,1400,0.758883
2002-09-09,1.94,1.94,1.93,1.93,800,0.758883
2002-09-06,2.00,2.00,2.00,2.00,000,0.786408
2002-09-05,2.00,2.00,2.00,2.00,000,0.786408
2002-09-04,2.00,2.00,2.00,2.00,1000,0.786408
2002-09-03,2.05,2.05,2.05,2.05,300,0.806068
2002-08-30,2.00,2.00,2.00,2.00,300,0.786408
2002-08-29,2.18,2.18,2.18,2.18,000,0.857184
2002-08-28,2.18,2.18,2.18,2.18,100,0.857184
2002-08-27,2.21,2.21,2.21,2.21,000,0.868981
2002-08-26,2.22,2.22,2.20,2.21,1700,0.868981
2002-08-23,2.18,2.18,2.18,2.18,200,0.857184
2002-08-22,2.18,2.18,2.18,2.18,200,0.857184
2002-08-21,2.25,2.25,2.25,2.25,000,0.884709
2002-08-20,2.25,2.25,2.25,2.25,000,0.884709
2002-08-19,2.33,2.33,2.25,2.25,2700,0.884709
2002-08-16,2.18,2.18,2.18,2.18,100,0.857184
2002-08-15,2.18,2.18,2.18,2.18,000,0.857184
2002-08-14,2.18,2.18,2.18,2.18,300,0.857184
2002-08-13,2.25,2.25,2.25,2.25,000,0.884709
2002-08-12,2.25,2.25,2.25,2.25,1000,0.884709
2002-08-09,2.27,2.27,2.27,2.27,100,0.892573
2002-08-08,2.23,2.30,2.23,2.30,1800,0.904369
2002-08-07,2.11,2.25,2.11,2.25,2700,0.884709
2002-08-06,2.31,2.31,2.00,2.10,5500,0.825728
2002-08-05,2.50,2.50,2.50,2.50,1000,0.98301
2002-08-02,2.60,2.61,2.50,2.50,4200,0.98301
2002-08-01,2.50,2.50,2.50,2.50,000,0.98301
2002-07-31,2.50,2.50,2.50,2.50,300,0.98301
2002-07-30,2.61,2.70,2.21,2.21,9600,0.868981
2002-07-29,2.56,2.90,2.56,2.80,7800,1.100971
2002-07-26,2.17,2.35,2.17,2.35,2200,0.924029
2002-07-25,2.50,2.50,2.17,2.17,1300,0.853252
2002-07-24,2.75,2.75,2.50,2.50,1400,0.98301
2002-07-23,2.95,2.95,2.75,2.75,1200,1.081311
2002-07-22,2.82,2.95,2.82,2.95,1400,1.159951
2002-07-19,2.99,2.99,2.99,2.99,000,1.17568
2002-07-18,2.99,2.99,2.99,2.99,100,1.17568
2002-07-17,3.04,3.04,2.96,2.96,300,1.163883
2002-07-16,2.80,3.05,2.80,3.05,1100,1.199272
2002-07-15,3.15,3.15,3.15,3.15,000,1.238592
2002-07-12,3.15,3.15,3.15,3.15,100,1.238592
2002-07-11,2.65,3.00,2.65,3.00,2100,1.179612
2002-07-10,2.75,2.75,2.75,2.75,800,1.081311
2002-07-09,2.75,3.01,2.75,2.75,2600,1.081311
2002-07-08,2.63,3.20,2.62,3.00,7400,1.179612
2002-07-05,2.99,2.99,2.71,2.71,600,1.065582
2002-07-03,2.77,2.95,2.71,2.95,1900,1.159951
2002-07-02,2.49,3.01,2.49,2.77,20900,1.089175
2002-07-01,2.25,2.25,2.25,2.25,6900,0.884709
2002-06-28,2.48,2.48,2.25,2.25,700,0.884709
2002-06-27,2.48,2.48,2.48,2.48,100,0.975146
2002-06-26,2.60,2.60,2.49,2.49,400,0.979078
2002-06-25,2.60,2.60,2.60,2.60,500,1.02233
2002-06-24,3.19,3.19,2.74,2.74,2500,1.077379
2002-06-21,3.19,3.19,3.19,3.19,000,1.25432
2002-06-20,3.19,3.19,3.19,3.19,300,1.25432
2002-06-19,3.39,3.60,3.25,3.25,2900,1.277913
2002-06-18,3.25,3.25,3.25,3.25,000,1.277913
2002-06-17,3.49,3.49,3.25,3.25,800,1.277913
2002-06-14,3.66,3.66,3.60,3.60,900,1.415534
2002-06-13,3.66,3.66,3.66,3.66,100,1.439126
2002-06-12,3.60,3.70,3.60,3.70,2800,1.454854
2002-06-11,4.47,4.47,3.61,4.10,9400,1.612136
2002-06-10,4.15,4.15,4.15,4.15,000,1.631796
2002-06-07,4.15,4.15,4.15,4.15,200,1.631796
2002-06-06,4.35,4.35,4.15,4.15,1800,1.631796
2002-06-05,4.35,4.35,4.35,4.35,000,1.710437
2002-06-04,4.35,4.35,4.35,4.35,000,1.710437
2002-06-03,4.35,4.35,4.35,4.35,500,1.710437
2002-05-31,4.17,4.75,4.17,4.75,1100,1.867718
2002-05-30,4.15,4.75,4.15,4.75,1200,1.867718
2002-05-29,4.75,4.75,4.75,4.75,500,1.867718
2002-05-28,4.16,4.65,4.15,4.65,14200,1.828398
2002-05-24,4.15,4.75,4.15,4.75,2100,1.867718
2002-05-23,4.50,4.50,4.15,4.49,3000,1.765485
2002-05-22,4.50,4.50,4.50,4.50,600,1.769417
2002-05-21,4.50,4.50,4.50,4.50,100,1.769417
2002-05-20,4.65,4.65,4.65,4.65,000,1.828398
2002-05-17,4.65,4.65,4.65,4.65,1000,1.828398
2002-05-16,4.55,4.55,4.55,4.55,700,1.789078
2002-05-15,4.75,4.75,4.75,4.75,000,1.867718
2002-05-14,4.75,4.75,4.50,4.75,2100,1.867718
2002-05-13,4.75,4.90,4.75,4.90,500,1.926699
2002-05-10,4.90,4.90,4.90,4.90,200,1.926699
2002-05-09,4.90,4.90,4.90,4.90,800,1.926699
2002-05-08,4.78,4.90,4.51,4.90,2500,1.926699
2002-05-07,4.51,4.90,4.51,4.90,1700,1.926699
2002-05-06,4.59,4.90,4.59,4.90,4300,1.926699
2002-05-03,4.60,4.90,4.60,4.90,5100,1.926699
2002-05-02,4.90,4.90,4.90,4.90,1600,1.926699
2002-05-01,4.85,4.90,4.85,4.88,2100,1.918835
2002-04-30,4.50,4.95,4.50,4.50,5500,1.769417
2002-04-29,4.65,4.70,4.50,4.70,3000,1.848058
2002-04-26,4.85,4.95,4.50,4.95,10700,1.946359
2002-04-25,4.75,4.95,4.50,4.95,2200,1.946359
2002-04-24,4.90,4.90,4.65,4.90,4800,1.926699
2002-04-23,4.85,4.85,4.70,4.70,1300,1.848058
2002-04-22,4.75,4.97,4.75,4.97,3000,1.954223
2002-04-19,4.55,4.75,4.52,4.75,17200,1.867718
2002-04-18,5.00,5.00,4.35,4.35,6900,1.710437
2002-04-17,4.90,4.90,4.85,4.85,3400,1.907039
2002-04-16,5.00,5.00,4.85,4.85,2800,1.907039
2002-04-15,4.86,4.90,4.85,4.90,2900,1.926699
2002-04-12,4.90,4.97,4.85,4.97,12700,1.954223
2002-04-11,4.85,5.20,4.85,4.85,2100,1.907039
2002-04-10,4.87,5.01,4.85,5.01,4700,1.969951
2002-04-09,4.85,5.15,4.85,4.85,1700,1.907039
2002-04-08,4.95,4.95,4.85,4.85,2000,1.907039
2002-04-05,4.90,5.02,4.85,5.02,1800,1.973883
2002-04-04,4.90,4.90,4.85,4.85,15000,1.907039
2002-04-03,4.91,4.91,4.85,4.90,1800,1.926699
2002-04-02,4.95,4.95,4.85,4.85,18700,1.907039
2002-04-01,5.10,5.10,4.95,4.95,2000,1.946359
2002-03-28,4.91,5.10,4.91,5.10,2500,2.00534
2002-03-27,5.09,5.09,5.09,5.09,1200,2.001408
2002-03-26,4.95,4.95,4.95,4.95,1600,1.946359
2002-03-25,4.85,5.00,4.85,5.00,2100,1.966019
2002-03-22,4.85,4.90,4.85,4.85,4300,1.907039
2002-03-21,4.90,4.90,4.90,4.90,1300,1.926699
2002-03-20,4.93,4.93,4.85,4.85,3500,1.907039
2002-03-19,4.85,5.00,4.85,4.85,6700,1.907039
2002-03-18,4.95,4.95,4.85,4.85,20200,1.907039
2002-03-15,5.01,5.01,4.90,4.90,31200,1.926699
2002-03-14,4.95,5.00,4.90,5.00,5300,1.966019
2002-03-13,4.86,5.00,4.86,4.90,2000,1.926699
2002-03-12,4.95,5.00,4.95,5.00,10400,1.966019
2002-03-11,4.95,5.00,4.95,5.00,1800,1.966019
2002-03-08,5.00,5.00,5.00,5.00,1600,1.966019
2002-03-07,4.85,5.17,4.85,5.17,2200,2.032864
2002-03-06,5.00,5.00,4.90,4.90,2900,1.926699
2002-03-05,5.20,5.20,5.00,5.00,6900,1.966019
2002-03-04,5.00,5.20,5.00,5.20,3300,2.04466
2002-03-01,5.01,5.05,5.00,5.00,5800,1.966019
2002-02-28,5.00,5.20,5.00,5.14,21300,2.021068
2002-02-27,5.00,5.20,4.82,5.20,2200,2.04466
2002-02-26,4.85,5.20,4.85,5.01,3800,1.969951
2002-02-25,4.88,5.10,4.88,5.10,2300,2.00534
2002-02-22,4.90,5.25,4.90,5.25,3700,2.06432
2002-02-21,4.97,4.97,4.65,4.97,6800,1.954223
2002-02-20,5.14,5.15,4.81,4.81,3300,1.891311
2002-02-19,4.96,5.14,4.65,5.00,3600,1.966019
2002-02-15,4.92,5.25,4.92,5.25,3100,2.06432
2002-02-14,4.91,4.94,4.90,4.90,6600,1.926699
2002-02-13,4.97,4.97,4.90,4.96,2200,1.950291
2002-02-12,4.97,4.97,4.90,4.90,3000,1.926699
2002-02-11,4.97,4.97,4.97,4.97,1500,1.954223
2002-02-08,4.99,4.99,4.90,4.90,7400,1.926699
2002-02-07,5.00,5.00,4.90,4.90,6500,1.926699
2002-02-06,4.90,4.95,4.90,4.90,2700,1.926699
2002-02-05,5.00,5.31,4.90,5.00,15000,1.966019
2002-02-04,4.70,4.71,4.70,4.70,5300,1.848058
2002-02-01,5.50,5.50,4.85,4.95,15500,1.946359
2002-01-31,5.26,5.60,5.26,5.55,12500,2.182281
2002-01-30,5.21,5.50,5.11,5.50,7700,2.162621
2002-01-29,5.30,5.54,5.30,5.35,59000,2.103641
2002-01-28,5.20,5.35,5.20,5.35,1700,2.103641
2002-01-25,5.08,5.45,5.08,5.20,5500,2.04466
2002-01-24,5.25,5.25,5.10,5.15,23000,2.025
2002-01-23,5.58,5.60,5.20,5.20,12900,2.04466
2002-01-22,5.65,5.65,5.15,5.60,5600,2.201942
2002-01-18,5.99,6.00,5.55,5.70,35300,2.241262
2002-01-17,5.56,6.10,5.56,5.88,10000,2.312039
2002-01-16,5.89,5.89,5.89,5.89,1600,2.315971
2002-01-15,5.70,5.95,5.70,5.94,5500,2.335631
2002-01-14,5.94,5.94,5.70,5.70,16900,2.241262
2002-01-11,5.90,5.90,5.67,5.74,400,2.25699
2002-01-10,5.54,5.66,5.54,5.66,3900,2.225534
2002-01-09,5.37,5.66,5.37,5.46,1900,2.146893
2002-01-08,5.75,5.75,5.36,5.36,3900,2.107573
2002-01-07,5.80,5.80,4.76,5.79,7600,2.27665
2002-01-04,5.99,5.99,5.62,5.80,4800,2.280582
2002-01-03,4.50,7.20,4.50,6.00,25800,2.359223
2002-01-02,4.50,4.50,4.50,4.50,1600,1.769417
2001-12-31,4.26,4.40,4.20,4.25,22300,1.671116
2001-12-28,4.70,4.70,3.95,4.25,18200,1.671116
2001-12-27,5.00,5.00,4.70,4.72,2800,1.855922
2001-12-26,5.11,5.11,5.03,5.03,3800,1.977815
2001-12-24,5.11,5.11,5.11,5.11,000,2.009272
2001-12-21,5.11,5.11,5.10,5.11,600,2.009272
2001-12-20,5.00,5.40,5.00,5.11,2100,2.009272
2001-12-19,0.810016,0.900018,0.810016,0.880018,33500,2.076158
2001-12-18,0.750015,0.910018,0.720014,0.850017,43200,2.00538
2001-12-17,0.760015,0.800016,0.710014,0.730015,7900,1.722267
2001-12-14,0.840017,0.840017,0.700014,0.780016,21500,1.840231
2001-12-13,0.760015,0.790016,0.750015,0.750015,3600,1.769453
2001-12-12,0.760015,0.800016,0.760015,0.760015,2300,1.793045
2001-12-11,0.720014,0.810016,0.700014,0.790016,9600,1.863823
2001-12-10,0.770015,0.810016,0.600012,0.750015,18100,1.769453
2001-12-07,0.790016,0.810016,0.690014,0.770015,2300,1.816638
2001-12-06,0.790016,0.810016,0.670013,0.800016,9400,1.887416
2001-12-05,0.790016,0.800016,0.690014,0.800016,4000,1.887416
2001-12-04,0.770015,0.800016,0.770015,0.790016,4900,1.863823
2001-12-03,0.660013,0.810016,0.650013,0.790016,4700,1.863823
2001-11-30,0.740015,0.800016,0.570011,0.780016,35500,1.840231
2001-11-29,0.690014,0.810016,0.690014,0.810016,2200,1.911009
2001-11-28,0.750015,0.810016,0.700014,0.810016,4300,1.911009
2001-11-27,0.770015,0.820016,0.690014,0.800016,7800,1.887416
2001-11-26,0.760015,0.800016,0.760015,0.800016,2300,1.887416
2001-11-23,0.790016,0.810016,0.790016,0.810016,1800,1.911009
2001-11-21,0.700014,0.800016,0.690014,0.800016,2400,1.887416
2001-11-20,0.690014,0.810016,0.650013,0.810016,3800,1.911009
2001-11-19,0.750015,0.810016,0.670013,0.670013,5000,1.580711
2001-11-16,0.670013,0.790016,0.670013,0.680014,1900,1.604304
2001-11-15,0.720014,0.810016,0.680014,0.780016,2800,1.840231
2001-11-14,0.810016,0.810016,0.700014,0.710014,4000,1.675082
2001-11-13,0.780016,0.800016,0.780016,0.800016,3100,1.887416
2001-11-12,0.680014,0.800016,0.680014,0.800016,2500,1.887416
2001-11-09,0.740015,0.830017,0.680014,0.830017,2400,1.958194
2001-11-08,0.740015,0.830017,0.740015,0.820016,1400,1.934602
2001-11-07,0.700014,0.830017,0.700014,0.820016,5800,1.934602
2001-11-06,0.840017,0.840017,0.750015,0.830017,1200,1.958194
2001-11-05,0.740015,0.850017,0.740015,0.850017,2100,2.00538
2001-11-02,0.740015,0.820016,0.740015,0.820016,3900,1.934602
2001-11-01,0.830017,0.830017,0.730015,0.800016,1400,1.887416
2001-10-31,0.850017,0.900018,0.700014,0.850017,21500,2.00538
2001-10-30,0.720014,0.870017,0.630013,0.870017,14100,2.052565
2001-10-29,0.690014,0.750015,0.670013,0.720014,13600,1.698675
2001-10-26,0.50001,0.820016,0.48001,0.810016,19100,1.911009
2001-10-25,0.50001,0.560011,0.50001,0.560011,1800,1.321191
2001-10-24,0.430009,0.530011,0.430009,0.530011,2500,1.250413
2001-10-23,0.50001,0.50001,0.440009,0.48001,9700,1.13245
2001-10-22,0.450009,0.50001,0.450009,0.50001,6600,1.179635
2001-10-19,0.50001,0.51001,0.50001,0.51001,7700,1.203228
2001-10-18,0.530011,0.530011,0.48001,0.49001,7800,1.156042
2001-10-17,0.550011,0.610012,0.50001,0.50001,6000,1.179635
2001-10-16,0.52001,0.52001,0.50001,0.50001,3100,1.179635
2001-10-15,0.52001,0.52001,0.52001,0.52001,000,1.22682
2001-10-12,0.560011,0.600012,0.550011,0.550011,1500,1.297599
2001-10-11,0.580012,0.600012,0.550011,0.550011,600,1.297599
2001-10-10,0.550011,0.550011,0.550011,0.550011,2400,1.297599
2001-10-09,0.570011,0.570011,0.52001,0.52001,400,1.22682
2001-10-08,0.52001,0.52001,0.52001,0.52001,300,1.22682
2001-10-05,0.50001,0.560011,0.50001,0.550011,3500,1.297599
2001-10-04,0.50001,0.530011,0.50001,0.530011,3500,1.250413
2001-10-03,0.50001,0.530011,0.50001,0.50001,2600,1.179635
2001-10-02,0.420008,0.420008,0.420008,0.420008,100,0.990893
2001-10-01,0.50001,0.50001,0.420008,0.420008,5200,0.990893
2001-09-28,0.460009,0.50001,0.390008,0.460009,4100,1.085264
2001-09-27,0.460009,0.460009,0.460009,0.460009,100,1.085264
2001-09-26,0.50001,0.50001,0.450009,0.450009,8600,1.061672
2001-09-25,0.52001,0.550011,0.460009,0.460009,2400,1.085264
2001-09-24,0.460009,0.460009,0.460009,0.460009,000,1.085264
2001-09-21,0.460009,0.460009,0.460009,0.460009,400,1.085264
2001-09-20,0.550011,0.550011,0.470009,0.50001,1000,1.179635
2001-09-19,0.50001,0.50001,0.360007,0.50001,6500,1.179635
2001-09-18,0.50001,0.50001,0.50001,0.50001,4000,1.179635
2001-09-17,0.530011,0.530011,0.330007,0.420008,4100,0.990893
2001-09-10,0.460009,0.51001,0.450009,0.50001,9400,1.179635
2001-09-07,0.50001,0.51001,0.450009,0.450009,13400,1.061672
2001-09-06,0.410008,0.440009,0.380008,0.440009,3100,1.038079
2001-09-05,0.48001,0.48001,0.330007,0.410008,11000,0.967301
2001-09-04,0.440009,0.48001,0.430009,0.440009,3300,1.038079
2001-08-31,0.440009,0.50001,0.440009,0.450009,600,1.061672
2001-08-30,0.48001,0.51001,0.430009,0.470009,6700,1.108857
2001-08-29,0.50001,0.540011,0.48001,0.48001,3500,1.13245
2001-08-28,0.550011,0.550011,0.50001,0.50001,4200,1.179635
2001-08-27,0.590012,0.590012,0.570011,0.570011,100,1.344784
2001-08-24,0.600012,0.600012,0.50001,0.530011,2500,1.250413
2001-08-23,0.590012,0.650013,0.570011,0.570011,800,1.344784
2001-08-22,0.630013,0.630013,0.600012,0.600012,3200,1.415562
2001-08-21,0.780016,0.780016,0.580012,0.650013,2200,1.533526
2001-08-20,0.710014,0.780016,0.710014,0.780016,100,1.840231
2001-08-17,0.770015,0.800016,0.700014,0.700014,5900,1.651489
2001-08-16,0.760015,0.780016,0.760015,0.760015,1800,1.793045
2001-08-15,0.750015,0.760015,0.750015,0.760015,300,1.793045
2001-08-14,0.800016,0.800016,0.790016,0.790016,1700,1.863823
2001-08-13,0.730015,0.820016,0.720014,0.820016,2200,1.934602
2001-08-10,0.720014,0.780016,0.720014,0.750015,600,1.769453
2001-08-09,0.760015,0.820016,0.720014,0.720014,900,1.698675
2001-08-08,0.700014,0.820016,0.700014,0.800016,600,1.887416
2001-08-07,0.820016,0.820016,0.710014,0.800016,9600,1.887416
2001-08-06,0.800016,0.840017,0.800016,0.800016,1800,1.887416
2001-08-03,0.800016,0.850017,0.800016,0.830017,7300,1.958194
2001-08-02,0.900018,0.900018,0.800016,0.850017,9800,2.00538
2001-08-01,0.880018,0.900018,0.800016,0.870017,11800,2.052565
2001-07-31,0.770015,0.850017,0.770015,0.850017,16800,2.00538
2001-07-30,0.770015,0.820016,0.770015,0.810016,2300,1.911009
2001-07-27,0.750015,0.900018,0.750015,0.780016,7700,1.840231
2001-07-26,0.740015,0.740015,0.710014,0.710014,10100,1.675082
2001-07-25,0.800016,0.830017,0.720014,0.720014,18000,1.698675
2001-07-24,0.700014,0.780016,0.700014,0.730015,4900,1.722267
2001-07-23,0.710014,0.750015,0.670013,0.750015,6500,1.769453
2001-07-20,0.660013,0.700014,0.660013,0.690014,1100,1.627896
2001-07-19,0.660013,0.700014,0.660013,0.700014,1200,1.651489
2001-07-18,0.730015,0.730015,0.670013,0.670013,000,1.580711
2001-07-17,0.690014,0.780016,0.610012,0.730015,4200,1.722267
2001-07-16,0.790016,0.790016,0.600012,0.620012,2300,1.462748
2001-07-13,0.660013,0.790016,0.660013,0.790016,300,1.863823
2001-07-12,0.800016,0.800016,0.670013,0.700014,2300,1.651489
2001-07-11,0.850017,0.850017,0.660013,0.780016,1600,1.840231
2001-07-10,0.720014,0.750015,0.670013,0.750015,2900,1.769453
2001-07-09,0.810016,0.810016,0.810016,0.810016,000,1.911009
2001-07-06,0.700014,0.810016,0.700014,0.810016,400,1.911009
2001-07-05,0.760015,0.830017,0.760015,0.760015,1600,1.793045
2001-07-03,0.780016,0.780016,0.780016,0.780016,700,1.840231
2001-07-02,0.750015,0.770015,0.750015,0.760015,1300,1.793045
2001-06-29,0.800016,0.800016,0.770015,0.780016,21200,1.840231
2001-06-28,0.850017,0.880018,0.800016,0.800016,21800,1.887416
2001-06-27,0.850017,0.870017,0.850017,0.850017,5000,2.00538
2001-06-26,0.850017,0.900018,0.850017,0.900018,1700,2.123343
2001-06-25,0.970019,0.970019,0.850017,0.850017,16700,2.00538
2001-06-22,0.850017,0.98002,0.800016,0.930019,8800,2.194121
2001-06-21,1.02002,1.02002,0.850017,0.850017,30900,2.00538
2001-06-20,0.810016,1.100022,0.810016,1.00002,51900,2.35927
2001-06-19,0.910018,0.910018,0.850017,0.850017,7300,2.00538
2001-06-18,0.810016,0.900018,0.810016,0.850017,6100,2.00538
2001-06-15,0.850017,0.850017,0.850017,0.850017,400,2.00538
2001-06-14,0.900018,0.900018,0.850017,0.900018,14400,2.123343
2001-06-13,0.98002,1.00002,0.750015,0.900018,28400,2.123343
2001-06-12,0.960019,0.970019,0.960019,0.970019,1100,2.288492
2001-06-11,0.930019,1.02002,0.930019,0.960019,1500,2.2649
2001-06-08,0.960019,1.030021,0.940019,1.030021,3000,2.430048
2001-06-07,0.98002,1.01002,0.960019,0.960019,3100,2.2649
2001-06-06,0.99002,1.01002,0.950019,1.01002,2400,2.382863
2001-06-05,1.00002,1.01002,0.970019,1.00002,3200,2.35927
2001-06-04,0.920018,1.100022,0.840017,1.050021,20100,2.477234
2001-06-01,0.860017,0.970019,0.860017,0.920018,4500,2.170529
2001-05-31,0.930019,0.99002,0.830017,0.860017,4100,2.028972
2001-05-30,0.900018,0.960019,0.900018,0.930019,2400,2.194121
2001-05-29,0.950019,0.98002,0.900018,0.900018,2000,2.123343
2001-05-25,0.910018,0.960019,0.910018,0.930019,1600,2.194121
2001-05-24,0.950019,0.98002,0.900018,0.950019,6400,2.241307
2001-05-23,1.01002,1.030021,0.860017,1.00002,5100,2.35927
2001-05-22,1.030021,1.030021,1.01002,1.030021,1200,2.430048
2001-05-21,1.030021,1.030021,1.030021,1.030021,900,2.430048
2001-05-18,1.030021,1.040021,1.030021,1.030021,1100,2.430048
2001-05-17,1.030021,1.050021,1.02002,1.030021,2300,2.430048
2001-05-16,1.02002,1.050021,1.02002,1.030021,3900,2.430048
2001-05-15,1.050021,1.070021,1.030021,1.030021,3900,2.430048
2001-05-14,1.01002,1.060021,1.01002,1.050021,22500,2.477234
2001-05-11,1.01002,1.030021,1.01002,1.030021,600,2.430048
2001-05-10,1.02002,1.050021,1.02002,1.040021,1000,2.453641
2001-05-09,1.00002,1.01002,1.00002,1.01002,200,2.382863
2001-05-08,1.02002,1.050021,1.00002,1.050021,1200,2.477234
2001-05-07,1.040021,1.040021,1.02002,1.040021,10000,2.453641
2001-05-04,1.02002,1.030021,1.02002,1.02002,1600,2.406456
2001-05-03,1.060021,1.060021,1.00002,1.050021,5400,2.477234
2001-05-02,1.050021,1.060021,1.01002,1.050021,36500,2.477234
2001-05-01,1.01002,1.100022,1.00002,1.050021,47200,2.477234
2001-04-30,1.030021,1.030021,1.01002,1.01002,700,2.382863
2001-04-27,1.02002,1.030021,1.00002,1.030021,5300,2.430048
2001-04-26,1.030021,1.100022,1.01002,1.040021,15500,2.453641
2001-04-25,1.190024,1.190024,1.030021,1.030021,6500,2.430048
2001-04-24,1.120022,1.260025,1.080022,1.080022,6300,2.548012
2001-04-23,1.060021,1.220024,1.050021,1.220024,6700,2.87831
2001-04-20,1.050021,1.070021,1.00002,1.070021,8700,2.524419
2001-04-19,1.100022,1.100022,1.00002,1.100022,4300,2.595197
2001-04-18,1.100022,1.170023,0.950019,1.040021,8300,2.453641
2001-04-17,1.100022,1.100022,1.02002,1.02002,300,2.406456
2001-04-16,1.130023,1.130023,1.02002,1.02002,400,2.406456
2001-04-12,1.120022,1.120022,1.050021,1.050021,2800,2.477234
2001-04-11,1.150023,1.150023,1.070021,1.100022,700,2.595197
2001-04-10,1.230025,1.250025,1.100022,1.150023,1000,2.713161
2001-04-09,1.090022,1.200024,1.050021,1.100022,1600,2.595197
2001-04-06,1.156273,1.156273,0.906268,1.00002,10800,2.35927
2001-04-05,1.250025,1.250025,1.125022,1.125022,3700,2.654179
2001-04-04,1.125022,1.281276,1.125022,1.250025,4400,2.949088
2001-04-03,1.156273,1.281276,1.125022,1.250025,4900,2.949088
2001-04-02,1.281276,1.281276,1.187524,1.281276,1300,3.022815
2001-03-30,1.250025,1.281276,1.187524,1.187524,1700,2.801633
2001-03-29,1.218774,1.437529,1.218774,1.312526,23200,3.096542
2001-03-28,1.343777,1.343777,1.187524,1.187524,5800,2.801633
2001-03-27,1.312526,1.343777,1.218774,1.343777,2400,3.170269
2001-03-26,1.281276,1.406278,1.281276,1.406278,300,3.317724
2001-03-23,1.375027,1.375027,1.250025,1.281276,1000,3.022815
2001-03-22,1.375027,1.437529,1.312526,1.375027,600,3.243997
2001-03-21,1.218774,1.437529,1.218774,1.437529,400,3.391451
2001-03-20,1.203149,1.468779,1.187524,1.312526,2800,3.096542
2001-03-19,1.375027,1.375027,1.218774,1.218774,10500,2.875361
2001-03-16,1.250025,1.312526,1.250025,1.250025,2700,2.949088
2001-03-15,1.406278,1.468779,1.250025,1.250025,5300,2.949088
2001-03-14,1.312526,1.375027,1.187524,1.375027,4600,3.243997
2001-03-13,1.312526,1.343777,1.312526,1.312526,1600,3.096542
2001-03-12,1.312526,1.312526,1.187524,1.187524,8300,2.801633
2001-03-09,1.437529,1.437529,1.125022,1.187524,16100,2.801633
2001-03-08,1.250025,1.50003,1.250025,1.453154,8100,3.428315
2001-03-07,1.406278,1.437529,1.281276,1.281276,1700,3.022815
2001-03-06,1.296901,1.468779,1.250025,1.375027,6100,3.243997
2001-03-05,1.375027,1.437529,1.187524,1.187524,7100,2.801633
2001-03-02,1.375027,1.468779,1.250025,1.437529,12300,3.391451
2001-03-01,1.406278,1.468779,1.125022,1.375027,12300,3.243997
2001-02-28,1.531281,1.625032,1.250025,1.437529,9000,3.391451
2001-02-27,1.50003,1.687534,1.406278,1.406278,38600,3.317724
2001-02-26,1.203149,1.50003,1.187524,1.468779,7600,3.465178
2001-02-23,1.437529,1.437529,1.125022,1.125022,3300,2.654179
2001-02-22,1.50003,1.609407,1.375027,1.375027,3700,3.243997
2001-02-21,1.625032,1.687534,1.468779,1.625032,3600,3.833814
2001-02-20,1.562531,1.625032,1.468779,1.50003,4200,3.538905
2001-02-16,1.640658,1.73441,1.531281,1.625032,6300,3.833814
2001-02-15,1.531281,1.687534,1.531281,1.656283,5500,3.907541
2001-02-14,1.562531,1.656283,1.50003,1.656283,4500,3.907541
2001-02-13,1.843787,1.843787,1.531281,1.625032,2400,3.833814
2001-02-12,1.625032,1.750035,1.50003,1.750035,4900,4.128723
2001-02-09,1.921913,1.968789,1.593782,1.703159,5100,4.018132
2001-02-08,1.937539,2.00004,1.875037,1.875037,6600,4.423632
2001-02-07,1.578157,2.00004,1.562531,1.937539,11400,4.571086
2001-02-06,1.562531,1.750035,1.562531,1.718784,18600,4.054996
2001-02-05,1.625032,1.656283,1.531281,1.625032,10600,3.833814
2001-02-02,1.843787,1.875037,1.625032,1.625032,13400,3.833814
2001-02-01,1.687534,1.875037,1.625032,1.781286,10000,4.20245
2001-01-31,1.781286,1.968789,1.656283,1.656283,15500,3.907541
2001-01-30,1.625032,1.750035,1.625032,1.687534,14400,3.981269
2001-01-29,1.531281,1.750035,1.531281,1.750035,10000,4.128723
2001-01-26,1.687534,1.687534,1.50003,1.625032,5100,3.833814
2001-01-25,1.625032,1.687534,1.531281,1.687534,9600,3.981269
2001-01-24,1.453154,1.625032,1.343777,1.625032,23000,3.833814
2001-01-23,1.437529,1.468779,1.343777,1.343777,4800,3.170269
2001-01-22,1.406278,1.437529,1.343777,1.406278,2900,3.317724
2001-01-19,1.312526,1.375027,1.281276,1.343777,26900,3.170269
2001-01-18,1.50003,1.50003,1.187524,1.375027,31400,3.243997
2001-01-17,1.375027,1.437529,1.250025,1.312526,14100,3.096542
2001-01-16,1.250025,1.375027,1.125022,1.281276,29200,3.022815
2001-01-12,1.50003,1.50003,1.125022,1.156273,8100,2.727906
2001-01-11,1.031271,1.312526,1.031271,1.250025,13800,2.949088
2001-01-10,1.125022,1.125022,1.00002,1.125022,4700,2.654179
2001-01-09,1.187524,1.187524,1.125022,1.187524,2600,2.801633
2001-01-08,1.031271,1.250025,1.00002,1.125022,4300,2.654179
2001-01-05,1.187524,1.312526,1.00002,1.125022,5100,2.654179
2001-01-04,1.062521,1.312526,1.062521,1.250025,9800,2.949088
2001-01-03,0.937519,1.00002,0.875017,0.968769,14500,2.285543
2001-01-02,0.968769,0.968769,0.781266,0.812516,6000,1.916907
2000-12-29,0.781266,0.968769,0.750015,0.875017,44200,2.064361
2000-12-28,0.73439,1.00002,0.50001,0.750015,194700,1.769453
2000-12-27,0.875017,0.937519,0.562511,0.750015,30600,1.769453
2000-12-26,1.031271,1.031271,0.812516,0.812516,20500,1.916907
2000-12-22,1.093772,1.187524,1.00002,1.031271,15800,2.432997
2000-12-21,1.125022,1.375027,1.031271,1.125022,34700,2.654179
2000-12-20,1.125022,1.156273,1.062521,1.125022,21300,2.654179
2000-12-19,1.312526,1.312526,1.125022,1.125022,24400,2.654179
2000-12-18,1.375027,1.375027,1.281276,1.312526,14200,3.096542
2000-12-15,1.437529,1.50003,1.250025,1.375027,12500,3.243997
2000-12-14,1.375027,1.687534,1.375027,1.50003,9500,3.538905
2000-12-13,1.76566,1.937539,1.375027,1.375027,39300,3.243997
2000-12-12,1.750035,1.843787,1.750035,1.750035,11900,4.128723
2000-12-11,1.781286,1.875037,1.718784,1.750035,17200,4.128723
2000-12-08,1.812536,1.875037,1.750035,1.812536,15400,4.276177
2000-12-07,1.76566,1.812536,1.750035,1.812536,5400,4.276177
2000-12-06,1.50003,1.875037,1.375027,1.750035,7100,4.128723
2000-12-05,1.50003,1.50003,1.187524,1.50003,30900,3.538905
2000-12-04,1.50003,1.562531,1.437529,1.437529,7100,3.391451
2000-12-01,1.562531,1.625032,1.437529,1.50003,13500,3.538905
2000-11-30,1.562531,1.687534,1.50003,1.50003,10000,3.538905
2000-11-29,1.703159,1.875037,1.625032,1.625032,7700,3.833814
2000-11-28,1.937539,1.968789,1.687534,1.781286,12300,4.20245
2000-11-27,2.062541,2.187544,1.750035,1.750035,32700,4.128723
2000-11-24,1.781286,2.00004,1.781286,2.00004,1200,4.71854
2000-11-22,1.812536,2.125042,1.781286,1.781286,3700,4.20245
2000-11-21,2.00004,2.187544,1.750035,2.062541,11900,4.865995
2000-11-20,2.187544,2.187544,1.593782,2.125042,16800,5.013449
2000-11-17,2.125042,2.375047,1.937539,1.968789,12900,4.644813
2000-11-16,2.031291,2.125042,1.968789,2.00004,3300,4.71854
2000-11-15,2.125042,2.250045,2.00004,2.125042,9100,5.013449
2000-11-14,2.375047,2.375047,1.937539,2.125042,9700,5.013449
2000-11-13,2.046916,2.50005,2.00004,2.062541,13400,4.865995
2000-11-10,2.00004,2.437549,1.937539,2.187544,8000,5.160904
2000-11-09,2.312546,2.437549,1.875037,2.093792,15100,4.939722
2000-11-08,2.406298,2.625052,2.250045,2.281296,5400,5.382085
2000-11-07,2.406298,2.625052,2.312546,2.406298,10700,5.676994
2000-11-06,2.781306,2.812556,2.562551,2.562551,8500,6.04563
2000-11-03,2.875057,3.00006,2.562551,2.812556,33400,6.635448
2000-11-02,2.375047,3.00006,2.312546,2.750055,81400,6.487993
2000-11-01,1.937539,2.50005,1.875037,2.312546,16000,5.455812
2000-10-31,2.50005,2.50005,1.625032,1.875037,46300,4.423632
2000-10-30,2.687554,2.687554,2.375047,2.375047,6200,5.603267
2000-10-27,2.625052,2.750055,2.437549,2.50005,18200,5.898176
2000-10-26,2.781306,2.875057,2.437549,2.625052,18200,6.193084
2000-10-25,2.875057,3.00006,2.593802,2.875057,79000,6.782902
2000-10-24,2.187544,3.00006,2.00004,3.00006,81600,7.077811
2000-10-23,2.281296,2.312546,1.875037,2.187544,26100,5.160904
2000-10-20,2.00004,2.062541,1.76566,2.00004,39000,4.71854
2000-10-19,1.984415,2.00004,1.531281,1.937539,24400,4.571086
2000-10-18,1.812536,1.937539,1.750035,1.937539,13900,4.571086
2000-10-17,1.812536,2.031291,1.781286,1.812536,10400,4.276177
2000-10-16,1.921913,2.062541,1.687534,1.937539,19400,4.571086
2000-10-13,1.50003,1.937539,1.468779,1.750035,13500,4.128723
2000-10-12,1.625032,1.625032,1.312526,1.50003,14700,3.538905
2000-10-11,1.875037,1.875037,1.625032,1.750035,5100,4.128723
2000-10-10,1.812536,1.875037,1.656283,1.750035,4100,4.128723
2000-10-09,1.921913,1.937539,1.750035,1.812536,7300,4.276177
2000-10-06,1.812536,2.00004,1.812536,1.875037,5200,4.423632
2000-10-05,1.906288,2.00004,1.781286,2.00004,4300,4.71854
2000-10-04,2.078166,2.187544,1.875037,1.937539,19500,4.571086
2000-10-03,2.062541,2.187544,1.875037,2.00004,9800,4.71854
2000-10-02,2.00004,2.250045,1.875037,1.875037,12000,4.423632
2000-09-29,2.00004,2.125042,1.875037,2.062541,3500,4.865995
2000-09-28,2.406298,2.437549,2.062541,2.062541,25300,4.865995
2000-09-27,2.468799,2.625052,2.187544,2.375047,77500,5.603267
2000-09-26,1.906288,2.750055,1.843787,2.50005,76500,5.898176
2000-09-25,1.968789,2.00004,1.812536,2.00004,19000,4.71854
2000-09-22,1.625032,1.937539,1.625032,1.937539,28600,4.571086
2000-09-21,1.968789,2.00004,1.781286,1.812536,11900,4.276177
2000-09-20,1.843787,1.937539,1.812536,1.937539,3100,4.571086
2000-09-19,1.953164,2.00004,1.843787,1.843787,11500,4.349904
2000-09-18,2.00004,2.00004,1.687534,1.812536,11800,4.276177
2000-09-15,1.875037,2.00004,1.750035,1.750035,18200,4.128723
2000-09-14,1.812536,1.937539,1.812536,1.843787,3500,4.349904
2000-09-13,2.062541,2.218794,1.468779,2.00004,212000,4.71854
2000-09-12,2.218794,2.312546,2.031291,2.125042,21300,5.013449
2000-09-11,2.062541,2.375047,2.00004,2.187544,25200,5.160904
2000-09-08,2.375047,2.625052,2.375047,2.50005,17900,5.898176
2000-09-07,2.50005,2.562551,2.375047,2.50005,26700,5.898176
2000-09-06,2.625052,2.718804,2.468799,2.50005,33300,5.898176
2000-09-05,2.375047,3.250065,2.375047,2.625052,125300,6.193084
2000-09-01,2.390673,2.406298,2.062541,2.312546,12500,5.455812
2000-08-31,2.062541,2.406298,2.062541,2.187544,22700,5.160904
2000-08-30,1.906288,2.250045,1.875037,2.062541,38500,4.865995
2000-08-29,1.750035,1.937539,1.562531,1.875037,13400,4.423632
2000-08-28,1.625032,1.812536,1.625032,1.781286,7900,4.20245
2000-08-25,1.656283,1.750035,1.593782,1.625032,12300,3.833814
2000-08-24,1.50003,1.687534,1.50003,1.625032,15500,3.833814
2000-08-23,1.687534,1.687534,1.50003,1.50003,8300,3.538905
2000-08-22,1.546906,1.687534,1.50003,1.50003,11200,3.538905
2000-08-21,1.437529,1.50003,1.375027,1.437529,9200,3.391451
2000-08-18,1.250025,1.375027,1.187524,1.375027,17400,3.243997
2000-08-17,1.26565,1.375027,1.187524,1.250025,11800,2.949088
2000-08-16,1.390653,1.437529,1.218774,1.250025,38200,2.949088
2000-08-15,1.625032,1.625032,1.343777,1.343777,44700,3.170269
2000-08-14,1.609407,1.687534,1.50003,1.50003,7800,3.538905
2000-08-11,1.750035,1.750035,1.375027,1.50003,13300,3.538905
2000-08-10,1.468779,1.750035,1.437529,1.50003,13200,3.538905
2000-08-09,1.593782,1.812536,1.562531,1.562531,9400,3.68636
2000-08-08,1.50003,1.687534,1.375027,1.50003,10100,3.538905
2000-08-07,1.750035,1.750035,1.50003,1.625032,7800,3.833814
2000-08-04,1.406278,1.875037,1.250025,1.750035,24900,4.128723
2000-08-03,1.375027,1.437529,1.250025,1.406278,11500,3.317724
2000-08-02,1.50003,1.50003,1.406278,1.406278,5600,3.317724
2000-08-01,1.50003,1.531281,1.375027,1.468779,12400,3.465178
2000-07-31,1.375027,1.750035,1.187524,1.375027,22500,3.243997
2000-07-28,1.375027,1.718784,1.312526,1.625032,33100,3.833814
2000-07-27,1.50003,1.562531,1.375027,1.50003,27000,3.538905
2000-07-26,1.656283,1.750035,1.406278,1.50003,19500,3.538905
2000-07-25,1.937539,1.937539,1.531281,1.593782,31400,3.760087
2000-07-24,2.109417,2.156293,1.937539,1.968789,16800,4.644813
2000-07-21,2.125042,2.250045,2.062541,2.062541,27900,4.865995
2000-07-20,2.203169,2.281296,2.125042,2.218794,17700,5.234631
2000-07-19,2.156293,2.218794,2.125042,2.125042,11800,5.013449
2000-07-18,2.156293,2.218794,2.125042,2.156293,7600,5.087176
2000-07-17,2.312546,2.312546,2.125042,2.125042,15100,5.013449
2000-07-14,2.187544,2.312546,2.062541,2.156293,9900,5.087176
2000-07-13,2.187544,2.218794,2.062541,2.187544,23700,5.160904
2000-07-12,2.437549,2.50005,2.125042,2.250045,38200,5.308358
2000-07-11,2.531301,2.625052,2.250045,2.375047,11800,5.603267
2000-07-10,2.687554,2.750055,2.531301,2.562551,16400,6.04563
2000-07-07,2.375047,2.750055,2.250045,2.437549,25700,5.750721
2000-07-06,2.125042,2.437549,2.125042,2.375047,23600,5.603267
2000-07-05,2.187544,2.250045,2.125042,2.125042,15400,5.013449
2000-07-03,2.187544,2.250045,2.125042,2.250045,2800,5.308358
2000-06-30,2.187544,2.50005,2.125042,2.125042,12700,5.013449
2000-06-29,2.375047,2.531301,2.125042,2.312546,10000,5.455812
2000-06-28,2.437549,2.531301,2.375047,2.437549,4200,5.750721
2000-06-27,2.468799,2.50005,2.281296,2.437549,6900,5.750721
2000-06-26,2.562551,2.718804,2.406298,2.468799,16300,5.824448
2000-06-23,2.812556,2.812556,2.562551,2.625052,3600,6.193084
2000-06-22,2.781306,2.906308,2.531301,2.718804,6700,6.414266
2000-06-21,2.937559,2.968809,2.750055,2.750055,2000,6.487993
2000-06-20,2.984435,3.00006,2.468799,2.875057,6900,6.782902
2000-06-19,2.906308,3.00006,2.750055,3.00006,38900,7.077811
2000-06-16,2.984435,3.031311,2.812556,2.968809,25700,7.004084
2000-06-15,2.937559,3.031311,2.812556,2.968809,22700,7.004084
2000-06-14,2.812556,3.031311,2.687554,2.937559,24800,6.930356
2000-06-13,2.875057,2.875057,2.687554,2.812556,6800,6.635448
2000-06-12,3.015685,3.031311,2.625052,2.937559,49900,6.930356
2000-06-09,3.031311,3.062561,2.812556,3.00006,29600,7.077811
2000-06-08,3.00006,3.046936,2.656303,3.031311,63600,7.151538
2000-06-07,3.218814,3.250065,2.937559,3.031311,74100,7.151538
2000-06-06,3.125062,3.312566,2.750055,3.031311,79000,7.151538
2000-06-05,3.187564,4.250085,2.968809,3.250065,258600,7.667628
2000-06-02,2.812556,3.00006,2.625052,2.937559,27100,6.930356
2000-06-01,2.390673,2.781306,2.375047,2.625052,26000,6.193084
2000-05-31,2.437549,2.50005,2.312546,2.375047,14800,5.603267
2000-05-30,2.562551,2.562551,2.187544,2.312546,15900,5.455812
2000-05-26,2.187544,2.50005,2.187544,2.375047,31200,5.603267
2000-05-25,2.312546,2.468799,2.125042,2.187544,20900,5.160904
2000-05-24,2.437549,2.50005,2.156293,2.250045,26600,5.308358
2000-05-23,2.562551,2.562551,2.406298,2.562551,5100,6.04563
2000-05-22,2.625052,2.750055,2.250045,2.562551,21900,6.04563
2000-05-19,2.750055,2.750055,2.531301,2.750055,14300,6.487993
2000-05-18,2.812556,3.125062,2.437549,2.562551,21500,6.04563
2000-05-17,2.50005,3.187564,2.312546,2.875057,47500,6.782902
2000-05-16,2.562551,2.562551,2.312546,2.375047,13500,5.603267
2000-05-15,2.50005,2.562551,2.375047,2.50005,13000,5.898176
2000-05-12,2.593802,2.812556,2.375047,2.562551,18800,6.04563
2000-05-11,2.578176,2.875057,2.437549,2.750055,18500,6.487993
2000-05-10,2.812556,2.875057,2.50005,2.50005,19100,5.898176
2000-05-09,2.812556,2.968809,2.750055,2.812556,7100,6.635448
2000-05-08,2.812556,3.00006,2.750055,2.812556,5400,6.635448
2000-05-05,2.750055,2.968809,2.750055,2.875057,10900,6.782902
2000-05-04,2.937559,2.937559,2.750055,2.750055,7000,6.487993
2000-05-03,2.937559,2.937559,2.750055,2.750055,16900,6.487993
2000-05-02,3.281316,3.281316,2.812556,2.843807,41400,6.709175
2000-05-01,3.00006,3.250065,2.875057,3.250065,38100,7.667628
2000-04-28,3.00006,3.031311,2.843807,3.00006,32300,7.077811
2000-04-27,3.00006,3.031311,2.750055,3.00006,29400,7.077811
2000-04-26,3.312566,3.406318,2.937559,2.968809,79900,7.004084
2000-04-25,2.875057,3.312566,2.812556,3.250065,90900,7.667628
2000-04-24,2.812556,2.875057,2.50005,2.750055,114300,6.487993
2000-04-20,2.937559,3.062561,2.468799,2.531301,266600,5.971903
2000-04-19,3.125062,3.156313,2.093792,2.687554,934300,6.340539
2000-04-18,4.750095,6.750135,4.718844,5.937619,88700,14.008167
2000-04-17,4.50009,4.750095,3.625072,4.03133,202400,9.510808
2000-04-14,6.875137,6.875137,4.375087,5.0001,71100,11.796351
2000-04-13,7.125142,7.50015,6.281375,6.875137,38900,16.219983
2000-04-12,8.00016,8.00016,6.968889,7.250145,34500,17.104709
2000-04-11,7.50015,8.00016,7.00014,7.312646,25500,17.252164
2000-04-10,8.625172,9.00018,7.00014,7.00014,33000,16.514892
2000-04-07,8.625172,9.312686,7.875157,8.375167,90500,19.758888
2000-04-06,8.187663,8.250165,7.00014,7.625152,55700,17.989436
2000-04-05,8.00016,8.00016,6.875137,7.375147,46800,17.399618
2000-04-04,9.312686,9.687693,7.00014,8.187663,74900,19.316525
2000-04-03,10.062701,10.250205,9.312686,9.50019,18400,22.413067
2000-03-31,11.375227,11.625232,9.00018,9.625192,51600,22.707976
2000-03-30,11.875237,12.375247,10.250205,10.625212,27300,25.067246
2000-03-29,12.125242,12.625252,11.375227,11.875237,21400,28.016334
2000-03-28,11.687733,13.250265,11.50023,11.562731,14000,27.279062
2000-03-27,12.875257,13.062761,11.687733,11.687733,16000,27.573971
2000-03-24,13.125262,13.250265,12.00024,12.750255,44100,30.080695
2000-03-23,10.875217,13.00026,10.875217,12.00024,35600,28.311243
2000-03-22,10.50021,11.937738,9.937698,11.250225,68800,26.54179
2000-03-21,12.562751,12.687753,9.812696,10.937718,63500,25.804518
2000-03-20,14.406538,14.625292,12.50025,12.562751,33200,29.638332
2000-03-17,14.250285,14.375287,13.50027,13.750275,49300,32.439966
2000-03-16,14.625292,14.625292,13.00026,13.875277,99800,32.734875
2000-03-15,13.875277,13.875277,12.625252,12.625252,40600,29.785787
2000-03-14,14.750295,14.750295,13.625272,13.750275,26400,32.439966
2000-03-13,13.562771,14.625292,13.50027,14.125282,42800,33.324692
2000-03-10,14.250285,15.0003,13.875277,14.00028,15800,33.029783
2000-03-09,14.562791,15.0003,14.250285,14.562791,13800,34.356873
2000-03-08,16.000319,16.000319,14.50029,15.500309,9600,36.568689
2000-03-07,13.750275,16.000319,13.750275,16.000319,37700,37.748324
2000-03-06,14.312786,15.0003,13.750275,13.750275,27100,32.439966
2000-03-03,13.750275,15.0003,13.562771,13.875277,72000,32.734875
2000-03-02,13.344016,13.625272,13.250265,13.250265,18200,31.260331
2000-03-01,14.875297,15.125302,13.50027,13.812776,28300,32.58742
2000-02-29,15.750314,15.937818,14.625292,14.875297,8200,35.094145
2000-02-28,16.500329,16.625332,15.750314,15.750314,4600,37.158506
2000-02-25,15.750314,17.000339,15.750314,16.625332,17700,39.222868
2000-02-24,16.000319,16.375327,15.375307,15.687813,23400,37.011052
2000-02-23,16.625332,16.875337,15.625312,15.875317,16800,37.453415
2000-02-22,17.750354,19.250384,16.125322,16.875337,33300,39.812685
2000-02-18,18.000359,18.125362,17.125342,17.500349,99100,41.287229
2000-02-17,18.125362,18.812876,18.000359,18.687873,139900,44.088863
2000-02-16,18.500369,18.625372,17.875357,18.187863,31100,42.909227
2000-02-15,18.750374,18.750374,18.125362,18.500369,61900,43.646499
2000-02-14,17.500349,19.875397,17.250344,18.687873,151700,44.088863
2000-02-11,16.750334,17.625352,16.625332,16.875337,99500,39.812685
2000-02-10,16.000319,16.625332,15.0003,16.625332,154000,39.222868
2000-02-09,15.062801,15.062801,14.562791,14.750295,78700,34.799236
2000-02-08,14.937798,15.250305,14.750295,15.0003,16400,35.389054
2000-02-07,16.000319,16.000319,14.625292,15.0003,22000,35.389054
2000-02-04,16.03157,16.250324,14.812796,15.375307,54700,36.27378
2000-02-03,14.437788,16.062821,14.125282,16.062821,109200,37.895778
2000-02-02,13.594021,14.50029,13.50027,14.125282,27200,33.324692
2000-02-01,14.53154,14.625292,13.812776,14.00028,35300,33.029783
2000-01-31,14.250285,14.875297,14.00028,14.562791,35600,34.356873
2000-01-28,15.937818,15.937818,14.125282,14.50029,46400,34.209418
2000-01-27,15.844066,16.125322,15.375307,15.500309,75500,36.568689
2000-01-26,16.625332,16.687833,15.500309,15.562811,83400,36.716143
2000-01-25,15.937818,16.500329,15.750314,16.000319,182700,37.748324
2000-01-24,17.000339,17.125342,15.687813,15.687813,143700,37.011052
2000-01-21,17.03159,17.250344,16.625332,16.750334,30300,39.517776
2000-01-20,18.375367,18.500369,16.500329,16.625332,65500,39.222868
2000-01-19,18.625372,19.250384,18.187863,18.375367,9600,43.351591
2000-01-18,18.781625,18.875377,18.000359,18.375367,25300,43.351591
2000-01-14,19.000379,19.125382,18.250364,18.812876,45100,44.383771
2000-01-13,19.875397,19.937898,17.437848,18.250364,24900,43.056682
2000-01-12,20.656662,20.750414,17.937858,18.687873,32100,44.088863
2000-01-11,22.625452,22.937958,20.500409,20.500409,18700,48.36504
2000-01-10,23.000459,23.375467,22.625452,22.750454,18700,53.673398
2000-01-07,22.875457,23.000459,21.875437,22.875457,14300,53.968307
2000-01-06,22.875457,23.375467,22.250444,22.625452,11300,53.378489
2000-01-05,22.969209,23.687973,22.000439,23.500469,49600,55.442851
2000-01-04,24.56299,26.125522,21.937938,21.937938,38800,51.756491
2000-01-03,25.688013,26.000519,23.625472,25.750514,6700,60.751209
1999-12-31,25.375507,25.56301,25.250504,25.56301,38600,60.308845
1999-12-30,25.063,25.56301,24.812995,25.375507,31400,59.866482
1999-12-29,22.812956,25.250504,22.750454,25.000499,77400,58.981756
1999-12-28,23.687973,23.750474,22.687953,22.937958,40300,54.115761
1999-12-27,23.750474,24.000479,23.250464,23.500469,13800,55.442851
1999-12-23,23.437968,24.500489,23.437968,24.000479,15200,56.622486
1999-12-22,24.06298,24.06298,23.437968,23.625472,19600,55.737759
1999-12-21,23.937978,24.500489,22.250444,23.500469,59700,55.442851
1999-12-20,25.375507,25.875517,24.000479,24.250484,8600,57.212303
1999-12-17,25.375507,27.250544,25.000499,25.375507,10600,59.866482
1999-12-16,23.250464,25.625512,23.000459,25.375507,23100,59.866482
1999-12-15,25.125502,25.125502,22.250444,23.000459,55500,54.263215
1999-12-14,26.250524,26.250524,25.125502,25.375507,49900,59.866482
1999-12-13,26.375527,27.000539,25.313005,26.06302,63100,61.488481
1999-12-10,28.938078,29.375587,26.000519,26.000519,26800,61.341026
1999-12-09,32.000639,35.688213,28.000559,28.500569,69000,67.239202
1999-12-08,29.188083,30.000599,28.750574,28.750574,5300,67.829019
1999-12-07,27.375547,31.000619,27.375547,30.000599,34100,70.778107
1999-12-06,29.125582,29.750594,26.000519,27.000539,22800,63.700296
1999-12-03,31.375626,31.375626,28.875577,29.125582,13000,68.713746
1999-12-02,29.500589,34.688193,29.125582,30.625612,31500,72.252651
1999-12-01,29.750594,29.750594,29.000579,29.500589,11200,69.598472
1999-11-30,27.375547,30.500609,27.313045,29.375587,36300,69.303563
1999-11-29,26.750534,27.625552,26.625532,27.250544,7800,64.290114
1999-11-26,27.250544,27.250544,26.56303,27.125542,11200,63.995205
1999-11-24,28.000559,28.500569,26.500529,27.125542,24700,63.995205
1999-11-23,25.000499,29.250584,24.500489,29.000579,17200,68.418837
1999-11-22,26.438028,26.500529,24.375487,25.500509,18900,60.161391
1999-11-19,28.438068,29.250584,26.688033,27.250544,113800,64.290114
1999-11-18,23.625472,28.125562,23.56297,27.313045,98500,64.437568
1999-11-17,22.625452,23.750474,21.437928,23.375467,19200,55.147942
1999-11-16,22.750454,23.250464,21.000419,22.687953,27900,53.525943
1999-11-15,21.375427,24.125482,21.000419,23.250464,63300,54.853033
1999-11-12,20.625412,21.500429,20.125402,21.000419,44300,49.544675
1999-11-11,19.375387,20.625412,19.250384,20.125402,11800,47.480313
1999-11-10,20.125402,20.125402,19.250384,19.375387,10500,45.710861
1999-11-09,21.062921,21.500429,20.000399,20.000399,20700,47.185405
1999-11-08,20.000399,21.250424,18.875377,21.125422,35500,49.839584
1999-11-05,19.187883,21.000419,19.187883,20.125402,63000,47.480313
1999-11-04,18.000359,20.625412,16.375327,18.812876,94500,44.383771
1999-11-03,17.250344,17.250344,16.562831,16.812836,45200,39.665231
1999-11-02,17.562851,17.750354,16.375327,16.437828,79000,38.780504
1999-11-01,17.750354,17.812856,17.000339,17.312846,63600,40.844866
1999-10-29,18.625372,19.250384,17.750354,18.000359,47100,42.466864
1999-10-28,19.125382,19.125382,18.062861,18.500369,28600,43.646499
1999-10-27,20.187903,20.375407,16.375327,18.250364,69000,43.056682
1999-10-26,18.187863,20.375407,18.000359,19.375387,80900,45.710861
1999-10-25,17.250344,17.750354,16.750334,17.500349,78400,41.287229
1999-10-22,17.500349,18.000359,16.750334,17.000339,48700,40.107594
1999-10-21,17.250344,17.750354,16.875337,17.437848,26400,41.139775
1999-10-20,18.375367,19.125382,17.375347,17.375347,28700,40.99232
1999-10-19,17.969109,18.625372,16.812836,18.000359,39100,42.466864
1999-10-18,19.750394,20.250404,16.000319,16.375327,81400,38.63305
1999-10-15,18.625372,20.250404,18.000359,19.500389,23100,46.00577
1999-10-14,19.250384,20.750414,19.000379,20.000399,29200,47.185405
1999-10-13,19.750394,20.000399,19.000379,19.125382,25100,45.121043
1999-10-12,20.625412,21.000419,19.812896,20.000399,15200,47.185405
1999-10-11,22.625452,22.625452,20.375407,20.625412,15000,48.659949
1999-10-08,23.125462,23.750474,20.750414,22.375447,21100,52.788672
1999-10-07,24.000479,24.000479,20.687913,21.000419,17100,49.544675
1999-10-06,23.000459,28.000559,21.750434,22.437948,39300,52.936126
1999-10-05,21.125422,23.500469,20.750414,22.750454,32800,53.673398
1999-10-04,18.187863,21.000419,18.000359,20.375407,36800,48.070131
1999-10-01,19.594141,19.812896,18.000359,18.437868,31800,43.499045
1999-09-30,20.687913,20.750414,19.500389,19.625392,14300,46.300678
1999-09-29,22.812956,22.812956,20.000399,20.625412,71500,48.659949
1999-09-28,22.562951,23.000459,20.000399,21.062921,29000,49.692129
1999-09-27,23.437968,24.437988,23.000459,23.250464,28400,54.853033
1999-09-24,22.937958,23.000459,21.687933,22.500449,44000,53.08358
1999-09-23,23.062961,23.250464,21.937938,22.375447,29100,52.788672
1999-09-22,23.687973,23.687973,21.500429,22.250444,42800,52.493763
1999-09-21,25.000499,25.875517,23.000459,23.125462,25800,54.558124
1999-09-20,26.750534,27.375547,24.375487,25.875517,9500,61.046117
1999-09-17,25.750514,27.750554,25.125502,27.000539,3100,63.700296
1999-09-16,27.688053,27.875557,25.000499,25.750514,9900,60.751209
1999-09-15,27.938058,29.750594,27.688053,27.813055,28700,65.617203
1999-09-14,27.500549,28.000559,26.750534,28.000559,16300,66.059567
1999-09-13,28.000559,28.500569,27.375547,27.375547,5100,64.585023
1999-09-10,29.906847,30.000599,28.250564,28.250564,16300,66.649384
1999-09-09,29.06308,30.500609,28.250564,28.625572,23700,67.53411
1999-09-08,28.750574,29.500589,28.250564,29.000579,10000,68.418837
1999-09-07,28.250564,29.875597,26.125522,28.625572,33100,67.53411
1999-09-03,31.000619,31.625631,30.000599,31.125621,19100,73.432286
1999-09-02,29.375587,32.500649,28.875577,29.750594,30700,70.188289
1999-09-01,32.188143,32.688153,29.875597,31.250624,26300,73.727195
1999-08-31,30.813115,33.500669,30.000599,32.000639,54500,75.496648
1999-08-30,31.000619,31.750634,28.938078,31.750634,47800,74.90683
1999-08-27,29.375587,33.000659,28.813075,31.875636,78800,75.201739
1999-08-26,25.313005,29.438088,25.313005,29.438088,92000,69.451018
1999-08-25,23.687973,25.500509,23.687973,25.375507,30400,59.866482
1999-08-24,24.812995,24.812995,23.250464,23.937978,29900,56.475031
1999-08-23,22.000439,26.000519,21.687933,24.500489,54200,57.802121
1999-08-20,21.000419,21.937938,21.000419,21.750434,20300,51.314128
1999-08-19,21.000419,21.500429,21.000419,21.125422,18400,49.839584
1999-08-18,21.562931,22.500449,21.125422,21.750434,61500,51.314128
1999-08-17,24.56299,24.750494,20.750414,21.375427,124100,50.429401
1999-08-16,20.000399,23.875477,19.000379,23.625472,60000,55.737759
1999-08-13,19.937898,21.000419,19.125382,19.875397,23900,46.890496
1999-08-12,17.969109,20.375407,17.000339,18.500369,55500,43.646499
1999-08-11,16.000319,17.250344,15.875317,17.250344,44000,40.697412
1999-08-10,18.062861,18.750374,15.500309,15.875317,28600,37.453415
1999-08-09,19.687893,20.000399,17.437848,18.250364,19400,43.056682
1999-08-06,15.500309,19.000379,15.500309,18.250364,73900,43.056682
1999-08-05,16.125322,18.250364,14.875297,17.312846,96400,40.844866
1999-08-04,19.875397,20.000399,15.437808,17.000339,145700,40.107594
1999-08-03,26.750534,26.750534,19.000379,19.875397,128800,46.890496
1999-08-02,30.625612,30.750614,24.812995,25.438008,94400,60.013937
1999-07-30,27.313045,30.500609,24.250484,30.375607,86800,71.662833
1999-07-29,26.125522,29.000579,24.625492,26.625532,81600,62.81557
1999-07-28,30.938118,31.500629,25.000499,27.875557,132800,65.764658
1999-07-27,30.625612,32.000639,30.438108,31.125621,94200,73.432286
1999-07-26,30.813115,31.000619,28.000559,30.250604,164800,71.367925
1999-07-23,38.000759,44.000879,30.250604,31.56313,1523900,74.464467
