Date,Open,High,Low,Close,Volume,Adj Close
2015-08-07,35.959999,36.59,35.27,35.43,124800,35.43
2015-08-06,36.580002,36.77,36.07,36.23,135600,36.23
2015-08-05,36.610001,37.139999,36.380001,36.509998,65600,36.509998
2015-08-04,36.759998,36.900002,36.130001,36.369999,134400,36.369999
2015-08-03,37.200001,37.27,36.43,36.790001,103200,36.790001
2015-07-31,37.73,38.029999,36.990002,37.23,108100,37.23
2015-07-30,37.290001,37.860001,36.759998,37.610001,186400,37.610001
2015-07-29,36.189999,37.650002,36.110001,37.490002,168200,37.490002
2015-07-28,35.77,35.889999,35.349998,35.849998,238200,35.849998
2015-07-27,35.700001,35.900002,35.389999,35.66,123500,35.66
2015-07-24,36.919998,37.400002,35.959999,36.049999,235200,36.049999
2015-07-23,38.259998,38.259998,36.849998,37.040001,117100,37.040001
2015-07-22,37.900002,38.330002,37.73,37.98,81200,37.98
2015-07-21,38.16,38.619999,37.900002,38.169998,115600,38.169998
2015-07-20,39.150002,39.330002,37.990002,38.07,91400,38.07
2015-07-17,38.939999,39.220001,38.709999,38.990002,197400,38.990002
2015-07-16,39.540001,39.860001,38.830002,39.049999,255800,39.049999
2015-07-15,40.189999,40.529999,39.169998,39.34,193800,39.34
2015-07-14,39.189999,40.759998,38.799999,40.32,313000,40.32
2015-07-13,39.09,39.759998,38.84,39.32,253000,39.32
2015-07-10,38.619999,39.59,38.150002,39.16,247600,38.954999
2015-07-09,39.09,39.09,37.560001,38.34,367700,38.139292
2015-07-08,38.779999,39.099998,38.00,38.549999,265900,38.348192
2015-07-07,38.00,39.509998,36.880001,39.48,578100,39.273323
2015-07-06,42.68,42.990002,41.73,42.16,263100,41.939294
2015-07-02,43.860001,44.040001,43.130001,43.130001,136600,42.904217
2015-07-01,44.240002,44.369999,43.360001,43.709999,135500,43.481179
2015-06-30,43.720001,44.119999,43.32,43.720001,135500,43.491129
2015-06-29,44.73,44.799999,43.450001,43.50,140900,43.272279
2015-06-26,46.400002,46.400002,45.189999,45.240002,781400,45.003172
2015-06-25,45.880001,46.400002,45.349998,46.18,94800,45.93825
2015-06-24,45.740002,46.02,45.50,45.599998,102100,45.361284
2015-06-23,45.349998,45.990002,45.130001,45.93,113600,45.689559
2015-06-22,45.029999,45.610001,44.84,45.220001,88200,44.983276
2015-06-19,44.950001,45.450001,44.720001,44.970001,229800,44.734585
2015-06-18,44.259998,45.00,43.849998,44.889999,120300,44.655002
2015-06-17,45.130001,45.299999,43.75,44.009998,79800,43.779608
2015-06-16,44.049999,45.439999,43.900002,45.18,135100,44.943485
2015-06-15,43.799999,44.43,43.549999,44.240002,128700,44.008407
2015-06-12,44.790001,44.799999,44.099998,44.43,66900,44.197411
2015-06-11,44.439999,45.02,44.27,44.990002,62000,44.754481
2015-06-10,43.860001,44.810001,43.740002,44.43,113200,44.197411
2015-06-09,43.41,43.799999,43.16,43.470001,62700,43.242438
2015-06-08,44.68,44.77,43.41,43.50,81000,43.272279
2015-06-05,42.810001,44.369999,42.57,44.310001,190300,44.07804
2015-06-04,44.16,44.16,42.279999,42.77,354900,42.546101
2015-06-03,43.50,44.290001,43.25,44.189999,250700,43.958666
2015-06-02,42.50,43.50,42.139999,43.360001,174700,43.133013
2015-06-01,43.060001,43.27,42.169998,42.630001,206700,42.406835
2015-05-29,43.389999,43.50,42.610001,42.77,137800,42.546101
2015-05-28,43.310001,43.700001,42.91,43.330002,64300,43.103171
2015-05-27,43.200001,43.639999,42.57,43.599998,63500,43.371754
2015-05-26,43.790001,43.790001,42.560001,43.00,110700,42.774897
2015-05-22,44.299999,44.400002,43.50,43.830002,97000,43.600554
2015-05-21,43.50,44.470001,43.259998,44.130001,216300,43.898982
2015-05-20,43.439999,43.57,42.93,43.380001,140700,43.152909
2015-05-19,43.880001,43.880001,42.830002,43.189999,86500,42.963901
2015-05-18,43.09,43.740002,42.599998,43.490002,115300,43.262333
2015-05-15,43.799999,43.799999,42.650002,43.169998,98200,42.944005
2015-05-14,43.099998,43.869999,42.529999,43.720001,119100,43.491129
2015-05-13,43.310001,43.400002,42.619999,43.049999,86800,42.824634
2015-05-12,43.220001,43.43,42.299999,43.029999,127100,42.804739
2015-05-11,43.049999,43.830002,43.049999,43.310001,108800,43.083275
2015-05-08,43.639999,43.650002,43.110001,43.150002,110300,42.924113
2015-05-07,42.77,43.310001,42.119999,43.23,119400,43.003692
2015-05-06,42.610001,42.720001,41.919998,42.68,147800,42.456572
2015-05-05,42.720001,43.139999,41.950001,42.299999,154600,42.078561
2015-05-04,42.91,43.470001,42.48,43.009998,218600,42.784843
2015-05-01,42.799999,43.209999,42.27,42.889999,192000,42.665472
2015-04-30,41.91,43.650002,41.200001,42.450001,331700,42.227777
2015-04-29,42.040001,43.419998,41.779999,42.18,796300,41.95919
2015-04-28,43.00,43.939999,41.720001,41.860001,770700,41.640865
2015-04-27,45.18,45.82,44.599998,45.00,127300,44.764427
2015-04-24,45.389999,45.540001,44.84,45.18,82800,44.943485
2015-04-23,45.82,45.889999,44.900002,45.48,77000,45.241914
2015-04-22,45.990002,46.939999,45.57,45.77,81900,45.530396
2015-04-21,46.459999,46.490002,45.50,45.880001,98000,45.639821
2015-04-20,45.799999,46.639999,45.639999,46.110001,106100,45.868617
2015-04-17,46.110001,46.279999,45.080002,45.439999,130800,45.202122
2015-04-16,47.580002,47.810001,46.380001,46.529999,131900,46.286416
2015-04-15,47.720001,48.080002,47.200001,47.810001,130800,47.355794
2015-04-14,47.099998,47.310001,46.669998,47.299999,110800,46.850637
2015-04-13,46.950001,47.299999,46.75,46.880001,157500,46.434629
2015-04-10,47.119999,47.299999,46.509998,46.740002,175500,46.295959
2015-04-09,46.939999,47.25,46.18,46.77,174700,46.325673
2015-04-08,46.77,47.540001,46.77,46.939999,206200,46.494056
2015-04-07,46.799999,48.299999,46.150002,46.75,466800,46.305863
2015-04-06,48.84,48.84,48.080002,48.400002,372500,47.940189
2015-04-02,48.130001,48.470001,47.849998,48.150002,156600,47.692564
2015-04-01,47.880001,48.189999,47.25,47.970001,202100,47.514273
2015-03-31,48.349998,48.959999,47.970001,48.200001,330000,47.742088
2015-03-30,47.389999,48.50,47.32,48.259998,136900,47.801516
2015-03-27,46.029999,47.060001,45.630001,46.959999,190500,46.513867
2015-03-26,45.240002,45.73,44.27,44.959999,121400,44.532867
2015-03-25,45.139999,45.810001,44.830002,45.209999,201800,44.780492
2015-03-24,44.16,45.439999,44.16,44.919998,106900,44.493246
2015-03-23,44.200001,44.299999,43.73,44.290001,129200,43.869234
2015-03-20,44.41,45.00,43.150002,44.790001,167600,44.364484
2015-03-19,44.299999,44.400002,43.970001,44.34,87200,43.918758
2015-03-18,43.00,44.50,42.650002,44.470001,122900,44.047524
2015-03-17,43.619999,43.919998,42.790001,42.939999,128900,42.532057
2015-03-16,45.240002,47.330002,43.00,43.919998,340900,43.502747
2015-03-13,42.450001,42.549999,40.540001,42.060001,142100,41.66042
2015-03-12,41.779999,42.459999,41.700001,42.32,89300,41.917948
2015-03-11,40.869999,41.68,40.869999,41.360001,119400,40.96707
2015-03-10,40.580002,41.400002,40.209999,41.169998,106800,40.778872
2015-03-09,41.169998,41.860001,40.810001,41.16,78400,40.768969
2015-03-06,40.509998,41.400002,40.509998,40.939999,94000,40.551058
2015-03-05,41.75,41.880001,40.389999,40.959999,166800,40.570868
2015-03-04,42.34,42.349998,41.619999,41.799999,129900,41.402888
2015-03-03,42.82,43.00,42.209999,42.330002,134100,41.927856
2015-03-02,42.380001,43.16,42.02,43.09,157800,42.680634
2015-02-27,42.959999,43.209999,42.50,42.580002,233500,42.175481
2015-02-26,42.00,43.169998,41.790001,42.959999,142600,42.551868
2015-02-25,42.00,42.16,41.830002,42.040001,123500,41.64061
2015-02-24,40.560001,42.029999,40.34,42.029999,189400,41.630703
2015-02-23,39.990002,40.720001,39.810001,40.650002,115000,40.263816
2015-02-20,40.23,40.34,39.560001,40.299999,70900,39.917139
2015-02-19,40.07,40.299999,39.580002,40.110001,101400,39.728945
2015-02-18,39.849998,40.16,39.549999,40.080002,105600,39.699231
2015-02-17,40.060001,40.27,39.400002,39.869999,87800,39.491223
2015-02-13,38.990002,39.93,38.990002,39.830002,107700,39.451606
2015-02-12,38.959999,39.040001,38.630001,38.77,55600,38.401675
2015-02-11,38.029999,38.869999,37.610001,38.48,110400,38.114429
2015-02-10,38.34,38.349998,37.369999,38.16,137200,37.79747
2015-02-09,37.529999,38.099998,37.529999,37.849998,111700,37.490413
2015-02-06,38.439999,38.540001,37.450001,37.700001,121100,37.341841
2015-02-05,36.77,38.560001,36.77,38.34,136000,37.97576
2015-02-04,36.580002,37.259998,36.299999,36.700001,111200,36.351341
2015-02-03,36.029999,36.950001,36.029999,36.889999,117100,36.539535
2015-02-02,35.07,35.759998,34.799999,35.700001,116200,35.360841
2015-01-30,35.169998,35.689999,34.799999,34.849998,125700,34.518914
2015-01-29,35.23,35.59,34.799999,35.48,99900,35.14293
2015-01-28,36.119999,36.119999,34.950001,35.02,140500,34.687301
2015-01-27,35.630001,36.200001,35.630001,35.889999,81700,35.549035
2015-01-26,35.09,36.110001,34.50,35.970001,171700,35.628277
2015-01-23,35.299999,35.470001,34.75,34.889999,103800,34.558535
2015-01-22,34.799999,35.330002,34.330002,35.27,85600,34.934926
2015-01-21,33.689999,34.68,33.369999,34.389999,170100,34.063285
2015-01-20,33.900002,34.23,33.07,34.040001,261100,33.716612
2015-01-16,33.27,33.939999,32.700001,33.860001,142600,33.538322
2015-01-15,33.82,33.82,33.23,33.41,174600,33.092596
2015-01-14,33.310001,33.700001,32.75,33.610001,139500,33.290697
2015-01-13,33.360001,35.049999,33.169998,33.939999,218200,33.414507
2015-01-12,33.400002,33.639999,32.32,33.360001,184500,32.843489
2015-01-09,33.98,34.169998,32.950001,33.52,291400,33.001012
2015-01-08,34.82,34.82,33.66,33.889999,457400,33.365282
2015-01-07,36.310001,36.310001,33.25,34.540001,482400,34.005219
2015-01-06,37.939999,37.939999,35.970001,36.310001,217300,35.747815
2015-01-05,39.34,39.669998,37.639999,37.790001,207700,37.2049
2015-01-02,40.689999,40.830002,39.169998,39.68,107900,39.065636
2014-12-31,41.259998,41.290001,40.43,40.529999,235800,39.902474
2014-12-30,40.790001,41.32,40.380001,40.959999,98400,40.325817
2014-12-29,40.82,41.43,40.50,41.029999,138000,40.394733
2014-12-26,40.580002,40.849998,39.900002,40.630001,78400,40.000928
2014-12-24,40.23,40.599998,39.82,40.369999,141900,39.744952
2014-12-23,39.779999,40.349998,39.150002,40.259998,110500,39.636654
2014-12-22,39.27,39.459999,38.650002,39.389999,134700,38.780126
2014-12-19,37.68,39.349998,37.50,39.040001,335300,38.435546
2014-12-18,37.150002,37.98,37.02,37.759998,113500,37.175362
2014-12-17,36.43,37.16,35.540001,37.00,187800,36.42713
2014-12-16,36.040001,37.080002,35.52,36.490002,174700,35.925028
2014-12-15,37.470001,38.00,36.279999,36.330002,190500,35.767506
2014-12-12,37.669998,38.02,37.139999,37.32,120100,36.742176
2014-12-11,38.18,39.07,38.169998,38.220001,86600,37.628242
2014-12-10,39.43,39.959999,37.959999,38.00,127200,37.411647
2014-12-09,37.990002,39.720001,37.849998,39.639999,166400,39.026255
2014-12-08,39.029999,39.209999,38.27,38.689999,117400,38.090963
2014-12-05,39.029999,39.82,39.029999,39.310001,103700,38.701366
2014-12-04,38.849998,39.299999,38.279999,39.009998,146100,38.406008
2014-12-03,38.110001,39.27,38.110001,39.00,211700,38.396164
2014-12-02,37.779999,38.619999,37.779999,38.290001,93300,37.697158
2014-12-01,37.860001,38.650002,37.27,37.610001,154800,37.027686
2014-11-28,38.779999,39.16,38.119999,38.259998,105800,37.66762
2014-11-26,38.669998,39.23,38.360001,38.84,177100,38.238642
2014-11-25,38.93,39.119999,38.540001,38.639999,99100,38.041738
2014-11-24,38.459999,39.330002,38.18,38.950001,169900,38.346939
2014-11-21,38.91,39.349998,38.02,38.50,127400,37.903906
2014-11-20,37.290001,38.310001,37.290001,38.240002,99900,37.647933
2014-11-19,37.400002,37.98,36.880001,37.529999,143200,36.948923
2014-11-18,37.32,37.919998,37.25,37.529999,81900,36.948923
2014-11-17,36.93,37.349998,36.790001,37.150002,111500,36.574809
2014-11-14,37.07,37.490002,36.93,37.110001,120300,36.535428
2014-11-13,37.790001,37.919998,36.950001,37.150002,126000,36.574809
2014-11-12,36.68,37.919998,36.330002,37.639999,120300,37.057221
2014-11-11,37.259998,37.509998,36.709999,36.939999,233900,36.368058
2014-11-10,36.919998,37.279999,36.919998,37.240002,125200,36.663416
2014-11-07,36.68,37.049999,36.279999,36.990002,177900,36.417287
2014-11-06,35.830002,36.650002,35.27,36.599998,149500,36.033322
2014-11-05,35.150002,35.880001,35.00,35.669998,132400,35.117721
2014-11-04,34.939999,35.299999,34.77,34.950001,91300,34.408871
2014-11-03,35.599998,35.75,34.779999,34.990002,155400,34.448253
2014-10-31,35.549999,35.549999,35.009998,35.41,175500,34.861748
2014-10-30,34.950001,35.380001,34.599998,34.790001,139200,34.251349
2014-10-29,35.00,35.630001,34.580002,35.07,176600,34.527012
2014-10-28,33.799999,35.00,33.610001,34.959999,204700,34.418715
2014-10-27,33.580002,34.240002,33.060001,33.540001,200000,33.020702
2014-10-24,35.48,35.48,33.560001,33.700001,275300,33.178225
2014-10-23,31.40,37.200001,31.40,35.619999,880900,35.068496
2014-10-22,32.119999,32.18,29.559999,30.139999,369000,29.471517
2014-10-21,32.00,32.290001,31.719999,32.099998,182000,31.388045
2014-10-20,30.799999,31.75,30.799999,31.719999,200500,31.016474
2014-10-17,30.85,31.16,30.23,30.67,219200,29.989763
2014-10-16,29.469999,30.620001,29.01,30.32,184200,29.647525
2014-10-15,28.98,30.139999,28.67,29.950001,223200,29.285732
2014-10-14,29.92,29.940001,29.219999,29.459999,190400,28.806599
2014-10-13,30.030001,30.440001,29.629999,29.67,170800,29.011942
2014-10-10,31.040001,31.450001,29.84,29.91,298400,29.246619
2014-10-09,32.279999,32.290001,31.120001,31.200001,174900,30.508008
2014-10-08,32.16,32.700001,31.389999,32.400002,245300,31.681394
2014-10-07,32.900002,33.110001,32.279999,32.279999,169000,31.564053
2014-10-06,33.73,34.23,33.09,33.110001,201600,32.375646
2014-10-03,34.880001,34.98,33.400002,33.73,176800,32.981894
2014-10-02,34.07,34.599998,33.759998,34.50,133200,33.734816
2014-10-01,36.049999,36.080002,33.66,34.169998,283200,33.412133
2014-09-30,36.689999,36.720001,35.950001,36.16,417900,35.357998
2014-09-29,36.73,37.060001,36.470001,36.900002,110500,36.081587
2014-09-26,36.349998,37.18,36.27,37.110001,72700,36.286929
2014-09-25,37.16,37.27,36.23,36.34,136300,35.534006
2014-09-24,36.959999,37.41,36.59,37.310001,93900,36.482494
2014-09-23,37.07,37.150002,36.700001,36.73,79100,35.915356
2014-09-22,37.110001,37.540001,36.950001,37.150002,74400,36.326043
2014-09-19,37.59,37.93,37.02,37.23,172700,36.404266
2014-09-18,37.68,37.880001,37.470001,37.57,65500,36.736725
2014-09-17,37.299999,37.759998,37.220001,37.630001,102700,36.795396
2014-09-16,37.130001,37.549999,36.959999,37.27,65900,36.44338
2014-09-15,37.259998,37.549999,36.75,37.290001,141600,36.462937
2014-09-12,37.560001,37.560001,37.07,37.310001,165200,36.482494
2014-09-11,37.380001,37.610001,37.200001,37.540001,196500,36.707392
2014-09-10,37.41,37.720001,37.189999,37.50,164700,36.668278
2014-09-09,38.369999,38.369999,37.43,37.459999,153300,36.629165
2014-09-08,38.509998,38.700001,38.040001,38.380001,74100,37.528762
2014-09-05,38.419998,38.68,37.849998,38.43,95100,37.577652
2014-09-04,39.040001,39.43,38.450001,38.560001,82000,37.70477
2014-09-03,39.279999,39.470001,38.779999,39.049999,146500,38.1839
2014-09-02,38.880001,39.450001,38.810001,38.939999,118900,38.076339
2014-08-29,39.119999,39.450001,38.599998,38.830002,121300,37.968782
2014-08-28,39.799999,39.830002,38.900002,39.080002,110100,38.213237
2014-08-27,40.25,40.25,39.709999,39.869999,87900,38.985712
2014-08-26,39.869999,40.09,39.740002,39.939999,69300,39.05416
2014-08-25,39.990002,40.099998,39.50,39.720001,105400,38.839042
2014-08-22,39.880001,39.880001,39.52,39.639999,70000,38.760814
2014-08-21,40.23,40.23,39.630001,39.869999,106800,38.985712
2014-08-20,40.330002,40.349998,40.040001,40.189999,49600,39.298615
2014-08-19,40.310001,40.700001,40.259998,40.400002,106400,39.50396
2014-08-18,40.540001,40.849998,40.220001,40.41,141200,39.513737
2014-08-15,40.66,40.82,39.700001,40.130001,159600,39.239948
2014-08-14,40.259998,40.48,40.049999,40.259998,61700,39.367062
2014-08-13,39.799999,40.41,39.799999,40.25,115700,39.357285
2014-08-12,39.830002,40.259998,39.369999,39.66,118300,38.780371
2014-08-11,39.77,40.400002,39.720001,40.02,93300,39.132387
2014-08-08,39.529999,39.799999,39.07,39.720001,124000,38.839042
2014-08-07,39.790001,39.93,39.07,39.540001,130800,38.663034
2014-08-06,39.889999,40.369999,39.52,39.68,233800,38.799928
2014-08-05,40.299999,40.310001,39.450001,39.91,129900,39.024826
2014-08-04,39.970001,40.459999,38.950001,40.349998,184700,39.455066
2014-08-01,39.849998,39.959999,39.080002,39.650002,137600,38.770594
2014-07-31,40.00,40.400002,39.310001,39.740002,258400,38.858598
2014-07-30,41.130001,41.34,40.02,40.139999,121300,39.249724
2014-07-29,40.98,41.279999,40.509998,40.73,180700,39.826639
2014-07-28,41.060001,41.16,40.529999,40.970001,102000,40.061317
2014-07-25,41.200001,41.43,40.919998,41.119999,235400,40.207988
2014-07-24,41.50,41.849998,41.189999,41.560001,191300,40.638232
2014-07-23,42.09,42.09,41.389999,41.48,76600,40.560004
2014-07-22,41.689999,42.509998,41.689999,42.009998,172900,41.078248
2014-07-21,41.66,41.66,41.060001,41.57,152700,40.648008
2014-07-18,40.73,41.830002,40.73,41.720001,269100,40.794683
2014-07-17,40.599998,40.950001,40.59,40.810001,175400,39.904866
2014-07-16,40.759998,40.98,40.41,40.700001,100800,39.797305
2014-07-15,40.880001,41.040001,40.330002,40.869999,273700,39.767968
2014-07-14,41.119999,41.25,40.610001,40.84,213100,39.738778
2014-07-11,40.599998,40.970001,40.599998,40.68,147500,39.583092
2014-07-10,41.169998,41.32,40.73,40.84,158700,39.738778
2014-07-09,41.779999,42.240002,41.139999,42.009998,263300,40.877228
2014-07-08,41.779999,41.939999,41.18,41.810001,214700,40.682624
2014-07-07,41.939999,41.950001,41.50,41.759998,172700,40.633969
2014-07-03,41.34,41.98,40.919998,41.970001,160800,40.838309
2014-07-02,40.439999,41.93,40.25,41.310001,704300,40.196106
2014-07-01,38.619999,39.669998,38.369999,39.529999,313200,38.4641
2014-06-30,38.139999,38.740002,38.029999,38.700001,175000,37.656482
2014-06-27,37.110001,38.259998,37.110001,38.049999,426300,37.024007
2014-06-26,37.48,37.560001,37.130001,37.439999,116900,36.430455
2014-06-25,37.130001,37.73,37.130001,37.610001,91000,36.595873
2014-06-24,37.27,37.990002,37.130001,37.200001,180200,36.196929
2014-06-23,37.580002,37.68,37.099998,37.43,110300,36.420726
2014-06-20,36.799999,37.43,36.66,37.369999,267500,36.362343
2014-06-19,36.810001,37.119999,36.470001,36.91,109000,35.914747
2014-06-18,36.580002,36.75,35.740002,36.709999,101600,35.720139
2014-06-17,36.040001,36.799999,35.369999,36.560001,93300,35.574186
2014-06-16,36.470001,36.66,36.009998,36.119999,72200,35.146048
2014-06-13,36.66,36.849998,36.389999,36.66,59400,35.671488
2014-06-12,37.23,37.240002,36.610001,36.720001,70700,35.729872
2014-06-11,36.98,37.41,36.82,37.23,96600,36.226118
2014-06-10,37.00,37.299999,36.950001,37.279999,222000,36.274769
2014-06-09,36.720001,37.25,36.720001,37.169998,108200,36.167735
2014-06-06,36.689999,36.939999,36.060001,36.830002,161400,35.836906
2014-06-05,35.240002,36.639999,35.099998,36.470001,236000,35.486613
2014-06-04,34.139999,35.490002,34.099998,35.189999,235900,34.241125
2014-06-03,34.66,34.889999,33.720001,34.16,261400,33.238899
2014-06-02,35.189999,35.34,34.529999,34.869999,85700,33.929754
2014-05-30,35.259998,35.439999,34.709999,35.209999,102800,34.260586
2014-05-29,35.080002,35.299999,34.639999,35.150002,88200,34.202206
2014-05-28,34.639999,35.18,34.599998,35.029999,172300,34.085439
2014-05-27,34.240002,34.880001,34.240002,34.830002,177000,33.890835
2014-05-23,33.880001,34.240002,33.610001,34.240002,65700,33.316744
2014-05-22,33.439999,34.07,33.080002,33.779999,93100,32.869145
2014-05-21,33.48,33.810001,33.029999,33.439999,86800,32.538312
2014-05-20,33.790001,34.099998,33.09,33.419998,201400,32.518851
2014-05-19,33.740002,34.049999,33.299999,33.98,121000,33.063752
2014-05-16,33.959999,33.959999,33.34,33.900002,112000,32.985911
2014-05-15,34.619999,34.639999,33.43,34.009998,124000,33.092942
2014-05-14,35.360001,35.389999,34.799999,34.869999,122700,33.929754
2014-05-13,36.049999,36.25,35.279999,35.380001,148900,34.426004
2014-05-12,35.68,36.439999,35.139999,36.259998,119200,35.282273
2014-05-09,35.07,35.66,34.84,35.619999,76300,34.65953
2014-05-08,36.18,36.279999,35.150002,35.310001,96300,34.357892
2014-05-07,35.93,36.23,35.360001,36.189999,135500,35.21416
2014-05-06,36.400002,36.740002,35.52,35.860001,117100,34.893061
2014-05-05,36.169998,36.720001,35.880001,36.470001,149800,35.486613
2014-05-02,35.849998,36.650002,35.689999,36.57,157000,35.583915
2014-05-01,35.93,35.93,35.080002,35.66,164200,34.698453
2014-04-30,35.189999,35.970001,34.849998,35.919998,165800,34.95144
2014-04-29,35.580002,35.68,35.099998,35.369999,113000,34.416271
2014-04-28,36.240002,36.279999,34.709999,35.400002,146900,34.445465
2014-04-25,36.00,36.240002,35.43,35.700001,107200,34.737375
2014-04-24,36.439999,36.560001,36.02,36.25,116600,35.272544
2014-04-23,36.720001,36.759998,36.380001,36.400002,160600,35.418501
2014-04-22,36.240002,36.900002,36.119999,36.740002,110700,35.749333
2014-04-21,36.099998,36.349998,35.77,36.299999,110100,35.321195
2014-04-17,35.48,35.919998,35.34,35.860001,88900,34.893061
2014-04-16,35.07,37.150002,34.939999,35.689999,95000,34.727643
2014-04-15,35.32,35.650002,34.110001,34.669998,198600,33.735146
2014-04-14,36.290001,36.290001,34.939999,35.50,175400,34.34816
2014-04-11,36.09,36.669998,36.029999,36.029999,156100,34.860962
2014-04-10,36.59,36.84,36.09,36.419998,160300,35.238307
2014-04-09,36.560001,36.93,35.959999,36.740002,160600,35.547928
2014-04-08,38.16,38.200001,35.869999,36.450001,411100,35.267337
2014-04-07,36.209999,36.400002,35.459999,36.32,178600,35.141554
2014-04-04,37.369999,37.380001,36.049999,36.23,99300,35.054474
2014-04-03,37.110001,37.299999,36.830002,37.259998,103300,36.051053
2014-04-02,36.990002,37.130001,36.470001,37.02,83400,35.818842
2014-04-01,36.41,36.990002,35.41,36.799999,190200,35.605979
2014-03-31,35.43,36.43,35.380001,36.259998,115100,35.083499
2014-03-28,35.240002,35.799999,35.139999,35.310001,85900,34.164326
2014-03-27,35.43,35.650002,35.009998,35.310001,105500,34.164326
2014-03-26,36.279999,36.279999,35.279999,35.299999,109400,34.154648
2014-03-25,36.080002,36.369999,36.049999,36.200001,116500,35.025448
2014-03-24,35.73,36.169998,35.610001,36.080002,129800,34.909343
2014-03-21,35.50,35.990002,35.099998,35.73,149500,34.570697
2014-03-20,34.68,35.48,33.509998,35.470001,127100,34.319134
2014-03-19,35.049999,35.27,34.639999,34.830002,93500,33.6999
2014-03-18,34.189999,35.099998,34.130001,34.98,141100,33.845031
2014-03-17,34.200001,34.41,34.00,34.18,90000,33.070989
2014-03-14,33.75,34.400002,33.75,34.099998,96800,32.993583
2014-03-13,34.389999,34.43,33.669998,33.950001,94500,32.848452
2014-03-12,34.369999,34.389999,34.119999,34.310001,71200,33.196772
2014-03-11,34.50,34.66,34.299999,34.509998,97800,33.39028
2014-03-10,35.450001,35.91,34.259998,34.50,127600,33.380606
2014-03-07,35.07,35.50,34.110001,35.50,100500,34.34816
2014-03-06,34.950001,35.259998,34.599998,34.790001,95400,33.661197
2014-03-05,34.580002,34.880001,34.23,34.720001,59400,33.593469
2014-03-04,34.459999,35.360001,34.459999,34.709999,208300,33.583791
2014-03-03,34.509998,34.759998,33.700001,34.00,133500,32.896829
2014-02-28,34.810001,35.880001,34.599998,34.75,146500,33.622494
2014-02-27,34.52,34.919998,34.23,34.720001,85400,33.593469
2014-02-26,34.220001,35.110001,34.049999,34.740002,107500,33.61282
2014-02-25,33.98,34.299999,33.950001,34.060001,133800,32.954884
2014-02-24,33.529999,34.080002,33.150002,34.009998,161000,32.906503
2014-02-21,33.959999,33.959999,33.349998,33.360001,94700,32.277595
2014-02-20,33.32,33.98,33.32,33.779999,72800,32.683966
2014-02-19,33.490002,33.939999,33.139999,33.18,109100,32.103435
2014-02-18,33.509998,33.82,33.18,33.470001,146700,32.384027
2014-02-14,33.369999,33.700001,33.00,33.43,73200,32.345324
2014-02-13,32.540001,33.419998,32.540001,33.279999,110100,32.200189
2014-02-12,32.970001,33.310001,32.57,32.830002,108000,31.764793
2014-02-11,32.650002,33.279999,32.59,32.98,76300,31.909924
2014-02-10,32.59,32.93,32.240002,32.700001,89000,31.63901
2014-02-07,32.630001,32.900002,32.380001,32.73,132100,31.668035
2014-02-06,32.400002,32.669998,31.870001,32.549999,114100,31.493875
2014-02-05,32.25,32.450001,31.77,32.209999,202400,31.164907
2014-02-04,32.860001,33.110001,32.310001,32.470001,122100,31.416473
2014-02-03,33.970001,34.139999,32.630001,32.759998,126300,31.697061
2014-01-31,33.720001,34.580002,33.720001,33.970001,183800,32.867804
2014-01-30,34.419998,34.490002,33.880001,34.130001,148000,33.022612
2014-01-29,33.740002,34.689999,33.740002,34.02,172600,32.916181
2014-01-28,33.25,33.799999,32.919998,33.59,149400,32.500132
2014-01-27,34.110001,34.360001,32.919998,33.290001,147900,32.209867
2014-01-24,34.610001,35.27,33.720001,33.91,115500,32.809749
2014-01-23,35.240002,35.240002,34.509998,34.91,113000,33.777303
2014-01-22,35.240002,35.540001,35.18,35.50,165800,34.34816
2014-01-21,34.84,35.279999,34.830002,35.200001,146100,34.057894
2014-01-17,35.080002,35.080002,34.369999,34.509998,77500,33.39028
2014-01-16,34.98,35.32,34.91,35.220001,87300,34.077246
2014-01-15,35.09,35.349998,34.990002,35.18,86200,34.038543
2014-01-14,34.599998,35.18,34.50,35.130001,127900,33.796655
2014-01-13,34.889999,34.919998,34.200001,34.419998,128300,33.1136
2014-01-10,34.950001,35.139999,34.540001,34.919998,112700,33.594623
2014-01-09,34.740002,35.049999,34.380001,35.009998,155400,33.681207
2014-01-08,35.299999,35.400002,34.00,34.52,330400,33.209807
2014-01-07,36.00,36.830002,35.009998,35.43,475300,34.085268
2014-01-06,34.48,34.619999,33.830002,33.900002,364600,32.61334
2014-01-03,34.209999,34.700001,34.009998,34.450001,108100,33.142464
2014-01-02,34.959999,35.34,34.110001,34.27,81800,32.969295
2013-12-31,35.23,35.529999,34.759998,35.259998,114400,33.921718
2013-12-30,34.860001,35.43,34.59,35.130001,83000,33.796655
2013-12-27,35.25,35.25,34.50,34.869999,86900,33.546521
2013-12-26,34.880001,35.209999,34.84,35.040001,133200,33.710071
2013-12-24,34.459999,35.00,34.459999,34.75,56500,33.431077
2013-12-23,34.220001,34.990002,33.990002,34.57,264900,33.257908
2013-12-20,33.93,34.560001,33.529999,34.130001,376700,32.83461
2013-12-19,33.93,34.279999,33.560001,33.82,142400,32.536374
2013-12-18,33.950001,34.150002,33.610001,34.049999,147700,32.757644
2013-12-17,33.93,34.099998,33.59,33.900002,106800,32.61334
2013-12-16,33.650002,34.279999,33.650002,33.93,65500,32.6422
2013-12-13,33.599998,33.799999,33.349998,33.57,72500,32.295863
2013-12-12,33.450001,33.830002,33.32,33.599998,100300,32.324723
2013-12-11,34.279999,34.279999,33.349998,33.419998,156400,32.151555
2013-12-10,34.080002,34.349998,33.950001,34.25,108700,32.950054
2013-12-09,34.27,34.52,33.830002,34.25,91300,32.950054
2013-12-06,34.099998,34.470001,33.860001,34.360001,101500,33.05588
2013-12-05,33.860001,34.16,33.16,33.720001,121800,32.440171
2013-12-04,34.209999,34.599998,33.43,33.799999,68000,32.517133
2013-12-03,34.029999,34.57,33.66,34.419998,184600,33.1136
2013-12-02,34.080002,34.639999,33.580002,34.119999,135100,32.824987
2013-11-29,34.360001,34.439999,34.080002,34.200001,74600,32.901952
2013-11-27,33.93,34.150002,33.16,34.07,115500,32.776886
2013-11-26,34.060001,34.459999,33.860001,33.93,79000,32.6422
2013-11-25,34.00,34.18,33.830002,33.970001,84600,32.680682
2013-11-22,34.200001,34.240002,33.799999,33.830002,71200,32.545997
2013-11-21,34.099998,34.23,33.580002,34.080002,141400,32.786508
2013-11-20,34.189999,34.259998,33.580002,33.849998,54000,32.565234
2013-11-19,34.02,34.50,33.790001,34.060001,76200,32.767267
2013-11-18,34.380001,34.50,33.860001,34.09,67800,32.796127
2013-11-15,34.220001,34.52,33.869999,34.330002,104100,33.027019
2013-11-14,34.470001,34.830002,34.00,34.27,73600,32.969295
2013-11-13,33.57,34.57,33.41,34.529999,78900,33.219426
2013-11-12,33.32,33.830002,33.32,33.689999,70900,32.411307
2013-11-11,33.650002,33.950001,33.439999,33.48,116500,32.209279
2013-11-08,33.00,33.98,33.00,33.650002,58900,32.372828
2013-11-07,33.00,34.02,32.900002,33.009998,160300,31.757116
2013-11-06,33.00,33.200001,32.669998,32.990002,68700,31.737878
2013-11-05,33.25,33.259998,32.810001,32.84,100600,31.59357
2013-11-04,33.099998,33.43,32.630001,33.32,123300,32.055351
2013-11-01,33.040001,33.259998,32.540001,32.830002,135600,31.583951
2013-10-31,33.380001,33.849998,33.060001,33.169998,125500,31.911043
2013-10-30,33.490002,33.849998,33.220001,33.50,117100,32.22852
2013-10-29,33.48,33.900002,32.779999,33.43,109100,32.161177
2013-10-28,33.93,34.119999,33.02,33.290001,146400,32.026491
2013-10-25,33.060001,34.049999,32.77,34.02,106200,32.728784
2013-10-24,31.75,33.029999,31.75,32.650002,169100,31.410783
2013-10-23,31.90,32.220001,31.559999,31.950001,51800,30.544942
2013-10-22,32.09,32.470001,31.90,32.169998,72700,30.755265
2013-10-21,32.169998,32.169998,31.90,31.940001,101000,30.535382
2013-10-18,30.969999,32.279999,30.77,32.25,217100,30.831749
2013-10-17,29.93,30.59,29.93,30.549999,88700,29.206509
2013-10-16,30.33,30.700001,29.92,29.950001,97700,28.632896
2013-10-15,29.99,30.35,29.68,30.27,99300,28.938823
2013-10-14,29.90,30.219999,29.629999,30.200001,46300,28.871902
2013-10-11,29.209999,30.34,29.209999,30.18,84800,28.852781
2013-10-10,28.85,29.48,28.49,29.379999,48400,28.087961
2013-10-09,28.639999,28.700001,28.15,28.459999,114200,27.20842
2013-10-08,28.700001,28.700001,28.459999,28.52,103400,27.265783
2013-10-07,28.73,28.879999,28.549999,28.629999,82100,27.370944
2013-10-04,28.879999,29.24,28.67,29.00,70600,27.724673
2013-10-03,29.27,29.389999,28.73,29.02,83500,27.743794
2013-10-02,29.27,29.639999,28.99,29.42,83300,28.126203
2013-10-01,29.34,29.620001,29.34,29.559999,75500,28.260046
2013-09-30,28.58,29.639999,28.58,29.459999,171100,28.164443
2013-09-27,28.870001,29.280001,28.57,28.98,60500,27.705552
2013-09-26,29.09,29.530001,28.709999,29.129999,74100,27.848955
2013-09-25,29.08,29.639999,29.030001,29.110001,40800,27.829836
2013-09-24,28.940001,29.559999,28.76,29.030001,78800,27.753355
2013-09-23,29.049999,29.26,28.91,28.969999,112900,27.695992
2013-09-20,28.639999,29.280001,28.459999,29.17,197600,27.887197
2013-09-19,28.52,28.82,28.48,28.68,58900,27.418746
2013-09-18,28.24,28.889999,28.01,28.540001,76200,27.284903
2013-09-17,28.040001,28.469999,28.040001,28.33,52800,27.084138
2013-09-16,28.139999,28.209999,27.860001,28.110001,55200,26.873813
2013-09-13,27.889999,28.139999,27.690001,27.91,78900,26.682608
2013-09-12,27.469999,28.280001,27.469999,27.75,234100,26.529644
2013-09-11,27.540001,27.870001,27.24,27.469999,199300,26.261957
2013-09-10,27.74,28.129999,27.389999,27.48,176900,26.271518
2013-09-09,27.370001,27.77,27.27,27.68,158500,26.462723
2013-09-06,27.959999,27.969999,27.16,27.27,172300,26.070754
2013-09-05,28.190001,28.26,27.719999,27.73,66700,26.510523
2013-09-04,27.40,28.27,27.40,28.209999,91600,26.969414
2013-09-03,27.219999,27.700001,26.90,27.450001,156400,26.242838
2013-08-30,26.99,27.120001,26.90,26.959999,101300,25.774385
2013-08-29,26.90,27.43,26.879999,27.02,77100,25.831748
2013-08-28,26.940001,27.190001,26.879999,26.91,79300,25.726585
2013-08-27,26.809999,27.110001,26.68,26.780001,81500,25.602302
2013-08-26,27.389999,27.389999,26.92,26.99,77200,25.803066
2013-08-23,27.17,27.52,27.10,27.379999,72400,26.175915
2013-08-22,27.030001,27.440001,26.969999,27.16,75300,25.96559
2013-08-21,27.27,27.450001,26.90,27.01,67400,25.822187
2013-08-20,27.049999,27.549999,27.049999,27.389999,65200,26.185475
2013-08-19,26.90,27.15,26.809999,26.959999,131500,25.774385
2013-08-16,26.860001,27.27,26.629999,26.99,133200,25.803066
2013-08-15,27.139999,27.23,26.809999,27.00,121300,25.812627
2013-08-14,27.620001,27.99,27.26,27.299999,139400,26.099433
2013-08-13,27.98,27.98,27.58,27.719999,51400,26.500963
2013-08-12,27.780001,28.219999,27.780001,28.00,73400,26.76865
2013-08-09,27.610001,28.110001,27.41,27.92,54000,26.692168
2013-08-08,27.209999,28.07,27.200001,27.65,75800,26.434042
2013-08-07,27.139999,27.200001,26.90,27.01,197900,25.822187
2013-08-06,27.35,27.450001,26.969999,27.17,108200,25.975151
2013-08-05,27.209999,27.559999,27.049999,27.42,74000,26.214157
2013-08-02,26.950001,27.40,26.950001,27.129999,120200,25.936909
2013-08-01,26.92,27.209999,26.90,26.93,108400,25.745706
2013-07-31,27.379999,27.379999,26.780001,26.799999,131900,25.621421
2013-07-30,26.629999,27.25,26.48,27.200001,97600,26.003832
2013-07-29,26.74,27.01,26.34,26.469999,138000,25.305934
2013-07-26,27.309999,27.42,26.610001,26.790001,114000,25.611863
2013-07-25,28.01,28.049999,27.23,27.58,160800,26.36712
2013-07-24,28.559999,28.73,28.32,28.49,116800,27.237101
2013-07-23,28.65,28.74,28.389999,28.49,74000,27.237101
2013-07-22,28.639999,28.879999,28.450001,28.459999,99700,27.20842
2013-07-19,28.40,28.870001,28.040001,28.83,51800,27.562149
2013-07-18,28.15,28.59,28.059999,28.530001,74000,27.275343
2013-07-17,28.120001,28.43,28.02,28.16,87000,26.921614
2013-07-16,28.33,28.57,27.950001,28.15,151800,26.725628
2013-07-15,28.620001,28.82,28.219999,28.370001,82700,26.934498
2013-07-12,28.65,28.719999,28.23,28.639999,135800,27.190834
2013-07-11,29.200001,29.26,28.629999,28.709999,107700,27.257292
2013-07-10,28.01,28.73,28.01,28.690001,111500,27.238306
2013-07-09,27.77,28.209999,27.620001,28.10,142700,26.678159
2013-07-08,27.57,27.940001,27.50,27.690001,114900,26.288905
2013-07-05,28.049999,28.049999,27.34,27.51,141200,26.118012
2013-07-03,26.42,27.75,26.42,27.57,73500,26.174976
2013-07-02,25.00,26.75,24.629999,26.610001,333700,25.263552
2013-07-01,27.02,27.84,27.02,27.83,150200,26.42182
2013-06-28,26.360001,27.18,26.129999,26.82,260700,25.462926
2013-06-27,26.129999,26.68,26.02,26.559999,104300,25.216081
2013-06-26,26.18,26.18,25.74,25.90,97400,24.589477
2013-06-25,26.110001,26.57,25.719999,26.02,91400,24.703406
2013-06-24,26.00,26.00,25.530001,25.73,109200,24.428079
2013-06-21,26.52,26.52,25.959999,26.33,220000,24.997719
2013-06-20,27.16,27.16,26.290001,26.42,108400,25.083166
2013-06-19,27.639999,27.75,27.370001,27.42,95000,26.032566
2013-06-18,27.219999,27.75,26.49,27.719999,149300,26.317386
2013-06-17,27.42,27.639999,27.01,27.200001,69100,25.823699
2013-06-14,27.65,27.65,26.959999,27.209999,139700,25.833191
2013-06-13,27.02,27.77,26.870001,27.76,150100,26.355363
2013-06-12,27.65,27.65,27.00,27.030001,90500,25.662301
2013-06-11,27.68,27.83,27.139999,27.24,103900,25.861674
2013-06-10,27.91,28.25,27.91,28.030001,94800,26.611701
2013-06-07,27.959999,28.23,27.65,28.07,73600,26.649676
2013-06-06,27.51,27.889999,27.370001,27.719999,140700,26.317386
2013-06-05,27.76,27.950001,27.540001,27.58,138200,26.18447
2013-06-04,27.83,28.00,27.57,27.76,155100,26.355363
2013-06-03,28.83,28.83,27.370001,27.780001,271100,26.374351
2013-05-31,28.99,29.15,28.860001,28.90,135200,27.437679
2013-05-30,29.17,29.309999,28.82,29.01,113500,27.542113
2013-05-29,29.049999,29.469999,28.940001,29.129999,165800,27.656041
2013-05-28,29.120001,29.92,28.90,29.209999,104100,27.731993
2013-05-24,28.68,28.91,28.48,28.799999,104900,27.342738
2013-05-23,28.860001,29.01,28.52,28.68,160000,27.228811
2013-05-22,29.50,29.950001,28.98,29.040001,88500,27.570596
2013-05-21,29.549999,29.74,29.370001,29.530001,82100,28.035802
2013-05-20,29.42,29.799999,29.290001,29.50,108400,28.00732
2013-05-17,29.48,29.73,29.18,29.42,176500,27.931368
2013-05-16,29.40,29.48,28.90,29.200001,136900,27.7225
2013-05-15,28.77,29.32,28.690001,29.299999,177000,27.817439
2013-05-14,27.92,28.73,27.870001,28.68,556200,27.228811
2013-05-13,28.41,28.41,27.65,27.809999,321500,26.402832
2013-05-10,27.83,28.49,27.82,28.34,210800,26.906015
2013-05-09,28.02,28.10,27.719999,27.73,143700,26.32688
2013-05-08,28.15,28.27,27.870001,28.139999,221900,26.716134
2013-05-07,27.280001,28.120001,27.27,28.110001,383700,26.687653
2013-05-06,27.639999,27.74,27.030001,27.27,140700,25.890157
2013-05-03,27.32,27.83,26.950001,27.51,248300,26.118012
2013-05-02,26.26,26.99,26.17,26.91,188800,25.548372
2013-05-01,26.809999,27.00,25.969999,26.02,331100,24.703406
2013-04-30,25.790001,26.200001,25.389999,25.969999,150600,24.655935
2013-04-29,25.49,25.85,25.32,25.629999,113100,24.333138
2013-04-26,25.77,25.870001,25.17,25.26,177900,23.981861
2013-04-25,26.370001,26.639999,25.82,25.860001,117000,24.551502
2013-04-24,26.16,26.40,26.01,26.389999,139700,25.054683
2013-04-23,25.73,26.25,25.690001,26.219999,199800,24.893285
2013-04-22,25.469999,25.57,24.74,25.49,230900,24.200223
2013-04-19,24.780001,25.780001,24.74,25.610001,215900,24.314152
2013-04-18,24.860001,25.049999,24.610001,24.82,289600,23.564124
2013-04-17,25.110001,25.26,24.860001,24.870001,230800,23.611595
2013-04-16,25.40,25.76,25.200001,25.40,219900,23.929644
2013-04-15,25.700001,25.860001,25.040001,25.219999,437100,23.760063
2013-04-12,25.60,25.91,25.52,25.90,228800,24.4007
2013-04-11,26.08,26.32,25.540001,25.68,228800,24.193436
2013-04-10,25.51,26.34,25.51,26.18,383100,24.664492
2013-04-09,28.01,28.33,25.629999,25.93,1144200,24.428964
2013-04-08,30.09,30.09,29.35,29.75,143900,28.027831
2013-04-05,29.940001,30.389999,29.67,30.09,121200,28.348149
2013-04-04,30.24,30.700001,30.00,30.629999,106000,28.856889
2013-04-03,30.58,30.59,30.139999,30.25,174900,28.498887
2013-04-02,31.190001,31.190001,30.370001,30.450001,81700,28.68731
2013-04-01,31.50,31.60,30.74,30.99,113400,29.19605
2013-03-28,31.790001,31.790001,31.33,31.559999,107400,29.733053
2013-03-27,31.870001,32.240002,31.719999,31.799999,132400,29.95916
2013-03-26,32.380001,32.380001,31.950001,32.279999,82300,30.411373
2013-03-25,32.349998,32.540001,31.799999,32.299999,77500,30.430216
2013-03-22,32.220001,32.360001,31.91,32.299999,218100,30.430216
2013-03-21,32.41,32.41,31.74,32.080002,129100,30.222954
2013-03-20,32.139999,32.470001,32.029999,32.419998,60600,30.543268
2013-03-19,31.99,32.25,31.50,32.009998,192400,30.157003
2013-03-18,31.43,32.029999,31.030001,31.860001,190300,30.015688
2013-03-15,32.77,32.830002,31.92,32.00,420400,30.147583
2013-03-14,32.57,32.900002,32.459999,32.720001,67500,30.825905
2013-03-13,31.98,32.75,31.90,32.549999,93300,30.665744
2013-03-12,31.74,32.18,31.450001,32.040001,89300,30.185268
2013-03-11,31.76,31.860001,31.639999,31.85,52700,30.006267
2013-03-08,31.959999,32.220001,31.690001,31.98,55800,30.12874
2013-03-07,31.73,31.799999,31.57,31.73,78300,29.893212
2013-03-06,31.24,31.969999,31.23,31.82,123800,29.978003
2013-03-05,31.33,31.860001,31.33,31.51,87600,29.685948
2013-03-04,31.110001,31.959999,30.67,31.190001,126900,29.384473
2013-03-01,30.959999,31.27,30.690001,31.120001,72700,29.318525
2013-02-28,31.200001,31.67,30.98,31.35,107200,29.535211
2013-02-27,30.51,31.440001,30.51,31.18,64100,29.375051
2013-02-26,30.299999,30.719999,30.24,30.60,80100,28.828627
2013-02-25,31.90,32.00,30.09,30.10,179900,28.357571
2013-02-22,31.620001,31.879999,31.290001,31.799999,185400,29.95916
2013-02-21,30.799999,31.17,30.450001,30.860001,167900,29.073576
2013-02-20,31.790001,31.799999,30.76,30.790001,124800,29.007628
2013-02-19,31.90,32.380001,31.65,31.790001,152400,29.94974
2013-02-15,32.349998,32.549999,32.049999,32.119999,125100,30.260635
2013-02-14,32.630001,32.630001,32.00,32.080002,142500,30.222954
2013-02-13,32.849998,32.959999,32.419998,32.779999,152500,30.882429
2013-02-12,32.029999,33.400002,31.709999,32.880001,210500,30.976643
2013-02-11,32.869999,32.939999,32.50,32.669998,75000,30.778796
2013-02-08,32.91,32.98,32.639999,32.810001,161100,30.910695
2013-02-07,32.630001,32.810001,32.459999,32.779999,79900,30.882429
2013-02-06,32.57,32.880001,32.419998,32.689999,57200,30.797639
2013-02-05,32.509998,32.860001,32.290001,32.66,83700,30.769377
2013-02-04,32.619999,32.950001,32.189999,32.25,111300,30.383111
2013-02-01,32.470001,33.18,32.200001,33.029999,236800,31.117957
2013-01-31,32.040001,32.610001,32.029999,32.150002,125600,30.288901
2013-01-30,32.790001,32.869999,31.799999,32.060001,151000,30.204111
2013-01-29,32.290001,32.919998,32.25,32.900002,190700,30.995485
2013-01-28,31.450001,32.41,31.389999,32.27,200400,30.401954
2013-01-25,31.74,31.879999,31.09,31.370001,206300,29.554053
2013-01-24,31.370001,31.50,30.879999,30.969999,135900,29.177207
2013-01-23,31.530001,31.530001,31.32,31.41,123400,29.591737
2013-01-22,31.93,32.119999,31.459999,31.48,148300,29.657684
2013-01-18,31.879999,31.889999,31.620001,31.809999,229200,29.968581
2013-01-17,31.639999,32.00,31.48,31.969999,120000,30.119319
2013-01-16,31.00,31.52,30.969999,31.41,108400,29.591737
2013-01-15,30.51,31.32,30.51,31.110001,113700,29.309104
2013-01-14,30.620001,30.799999,30.440001,30.74,174900,28.960522
2013-01-11,30.52,30.65,30.23,30.52,71000,28.753258
2013-01-10,30.50,30.540001,30.190001,30.52,80100,28.753258
2013-01-09,30.440001,30.440001,30.200001,30.35,130300,28.593099
2013-01-08,30.34,30.35,29.969999,30.219999,149000,28.470623
2013-01-07,30.07,30.540001,30.07,30.27,211200,28.51773
2013-01-04,29.799999,30.549999,29.51,30.32,509400,28.564835
2013-01-03,29.48,29.65,28.66,29.10,246400,27.415459
2013-01-02,29.50,30.00,29.17,29.700001,249500,27.980726
2012-12-31,28.309999,29.00,28.190001,28.940001,153500,27.264721
2012-12-28,28.57,28.719999,28.32,28.370001,67100,26.727717
2012-12-27,28.34,28.74,28.01,28.66,158000,27.000929
2012-12-26,28.50,28.690001,28.17,28.26,99200,26.624084
2012-12-24,28.440001,28.58,28.209999,28.57,47600,26.916139
2012-12-21,28.219999,28.58,27.73,28.52,390000,26.869034
2012-12-20,28.32,28.49,28.309999,28.459999,118000,26.812506
2012-12-19,28.379999,28.549999,28.280001,28.309999,126100,26.671189
2012-12-18,27.870001,28.360001,27.870001,28.35,255000,26.708875
2012-12-17,27.75,28.059999,27.610001,28.00,170700,26.195423
2012-12-14,27.209999,27.77,27.01,27.75,244500,25.961535
2012-12-13,27.209999,27.32,26.950001,27.24,90100,25.484404
2012-12-12,27.41,27.65,27.200001,27.35,134900,25.587315
2012-12-11,27.110001,27.41,26.969999,27.40,162700,25.634092
2012-12-10,26.559999,27.10,26.559999,27.09,113700,25.344072
2012-12-07,26.559999,26.77,26.34,26.74,99400,25.016628
2012-12-06,26.10,26.51,26.10,26.49,121500,24.782741
2012-12-05,26.10,26.360001,25.84,26.08,163400,24.399165
2012-12-04,25.83,26.129999,25.43,26.120001,280200,24.436588
2012-12-03,26.08,26.08,25.370001,25.879999,108900,24.212054
2012-11-30,26.389999,26.40,25.92,26.18,121200,24.49272
2012-11-29,26.34,26.51,25.66,26.40,89100,24.698541
2012-11-28,25.43,26.16,25.24,26.16,132600,24.474009
2012-11-27,25.34,25.780001,24.90,25.42,84000,23.781702
2012-11-26,25.26,25.50,25.02,25.41,97200,23.772346
2012-11-23,25.27,25.42,25.190001,25.360001,34100,23.725569
2012-11-21,25.040001,25.190001,24.700001,25.190001,72900,23.566525
2012-11-20,23.889999,25.049999,23.889999,25.030001,86100,23.416837
2012-11-19,24.59,24.99,24.32,24.870001,166200,23.267149
2012-11-16,24.09,24.799999,24.09,24.40,126900,22.827439
2012-11-15,24.280001,25.860001,23.559999,24.23,100200,22.668396
2012-11-14,24.719999,24.75,24.18,24.23,153100,22.668396
2012-11-13,25.00,25.309999,24.66,24.700001,69800,23.108106
2012-11-12,25.27,25.35,25.02,25.219999,36600,23.594591
2012-11-09,24.93,25.43,24.450001,25.15,101800,23.529102
2012-11-08,25.389999,25.610001,24.969999,25.15,95700,23.529102
2012-11-07,25.620001,25.66,25.41,25.440001,121600,23.800413
2012-11-06,25.700001,26.110001,25.530001,26.01,52800,24.333677
2012-11-05,25.110001,25.74,25.00,25.74,52700,24.081078
2012-11-02,25.90,25.91,24.98,25.190001,94200,23.566525
2012-11-01,25.60,26.25,25.60,25.799999,98400,24.13721
2012-10-31,25.77,25.93,25.440001,25.67,98000,24.015589
2012-10-26,25.32,25.959999,25.280001,25.85,128600,24.183989
2012-10-25,24.190001,25.139999,24.07,25.139999,132400,23.519747
2012-10-24,24.120001,24.59,24.01,24.280001,98500,22.532742
2012-10-23,24.00,24.50,24.00,24.07,110800,22.337853
2012-10-22,23.940001,24.17,23.780001,24.110001,79000,22.374975
2012-10-19,24.030001,24.24,23.790001,24.059999,103700,22.328572
2012-10-18,24.110001,24.43,24.059999,24.26,63100,22.51418
2012-10-17,23.549999,24.219999,23.540001,24.200001,64400,22.458499
2012-10-16,23.52,23.559999,23.389999,23.549999,74400,21.855273
2012-10-15,23.23,23.440001,23.110001,23.34,77600,21.660386
2012-10-12,23.620001,23.75,23.049999,23.139999,57600,21.474778
2012-10-11,23.950001,24.08,23.559999,23.57,38000,21.873834
2012-10-10,23.719999,23.889999,23.530001,23.700001,104400,21.99448
2012-10-09,23.75,24.040001,23.540001,23.75,105000,22.040881
2012-10-08,23.969999,24.00,23.75,23.860001,72300,22.142966
2012-10-05,24.07,24.370001,24.059999,24.129999,71500,22.393535
2012-10-04,23.940001,24.17,23.73,24.040001,86100,22.310013
2012-10-03,24.290001,24.35,23.98,23.98,68000,22.254329
2012-10-02,24.469999,24.610001,24.190001,24.32,82300,22.569862
2012-10-01,24.059999,24.50,23.83,24.389999,101300,22.634824
2012-09-28,23.969999,24.00,23.809999,23.83,104800,22.115124
2012-09-27,24.35,24.35,23.959999,24.110001,156200,22.374975
2012-09-26,24.52,24.58,23.780001,24.15,167500,22.412096
2012-09-25,25.219999,25.219999,24.32,24.370001,164600,22.616265
2012-09-24,24.99,25.40,24.76,25.02,79900,23.219489
2012-09-21,25.360001,25.360001,24.950001,25.030001,185500,23.228769
2012-09-20,24.799999,25.07,24.709999,25.030001,70300,23.228769
2012-09-19,25.040001,25.040001,24.77,24.879999,112000,23.089562
2012-09-18,25.299999,25.34,24.73,24.99,187200,23.191647
2012-09-17,25.40,25.450001,25.17,25.41,87100,23.581423
2012-09-14,25.790001,25.790001,25.40,25.48,174200,23.646385
2012-09-13,25.200001,25.60,24.889999,25.540001,140400,23.702069
2012-09-12,25.110001,25.299999,24.91,25.190001,63200,23.377255
2012-09-11,25.24,25.24,25.00,25.08,141900,23.275171
2012-09-10,25.139999,25.299999,24.84,25.139999,94800,23.330852
2012-09-07,24.860001,25.139999,24.780001,25.059999,95700,23.256609
2012-09-06,24.690001,24.90,24.530001,24.76,188900,22.978199
2012-09-05,24.549999,24.75,24.299999,24.48,195800,22.718348
2012-09-04,24.370001,24.549999,23.969999,24.40,112700,22.644105
2012-08-31,24.42,24.540001,24.02,24.290001,116900,22.542022
2012-08-30,24.450001,24.450001,24.049999,24.129999,159100,22.393535
2012-08-29,24.66,24.67,24.379999,24.51,203300,22.74619
2012-08-28,24.42,24.65,24.23,24.530001,119400,22.764751
2012-08-27,24.530001,24.620001,24.27,24.389999,155600,22.634824
2012-08-24,24.200001,24.58,24.139999,24.33,170100,22.579143
2012-08-23,24.51,24.709999,24.32,24.459999,181300,22.699787
2012-08-22,24.389999,24.65,24.27,24.450001,129200,22.690508
2012-08-21,24.360001,24.639999,24.17,24.389999,178900,22.634824
2012-08-20,23.950001,24.25,23.68,24.190001,93700,22.449218
2012-08-17,23.60,23.950001,23.440001,23.91,95400,22.189367
2012-08-16,23.27,23.700001,22.66,23.57,131500,21.873834
2012-08-15,23.059999,23.42,22.290001,23.370001,91700,21.688228
2012-08-14,23.27,23.27,22.35,23.02,233800,21.363415
2012-08-13,23.190001,23.190001,22.629999,23.030001,143600,21.372695
2012-08-10,23.00,23.190001,22.629999,23.15,71700,21.484059
2012-08-09,22.52,22.98,22.41,22.959999,95400,21.307731
2012-08-08,22.43,22.50,22.10,22.49,133100,20.871554
2012-08-07,22.49,22.809999,22.280001,22.49,108000,20.871554
2012-08-06,22.040001,22.43,21.76,22.280001,51000,20.676667
2012-08-03,21.52,22.15,21.35,21.940001,78700,20.361135
2012-08-02,21.49,21.49,20.860001,21.02,114100,19.50734
2012-08-01,22.08,22.09,21.379999,21.41,137300,19.869274
2012-07-31,21.77,22.059999,21.66,21.860001,119000,20.286892
2012-07-30,21.65,21.91,21.440001,21.790001,104000,20.221929
2012-07-27,21.139999,21.65,21.01,21.58,130500,20.027041
2012-07-26,21.370001,21.48,20.75,21.049999,97700,19.53518
2012-07-25,20.879999,21.02,20.799999,20.889999,72100,19.386695
2012-07-24,21.23,21.23,20.57,20.709999,130200,19.219648
2012-07-23,21.370001,21.440001,21.00,21.02,140600,19.50734
2012-07-20,21.700001,21.92,21.700001,21.83,95800,20.25905
2012-07-19,22.27,22.27,21.700001,21.860001,130200,20.286892
2012-07-18,22.01,22.41,21.83,22.110001,130500,20.518901
2012-07-17,22.10,22.190001,21.74,22.17,101600,20.398256
2012-07-16,21.969999,22.00,21.60,21.84,150900,20.094628
2012-07-13,21.58,22.02,21.58,22.00,196600,20.241841
2012-07-12,21.66,21.67,21.129999,21.42,192700,19.708193
2012-07-11,22.139999,22.139999,21.540001,21.82,273700,20.076226
2012-07-10,21.219999,23.68,21.219999,21.99,549700,20.23264
2012-07-09,20.26,20.42,20.030001,20.23,187200,18.613293
2012-07-06,20.290001,20.389999,19.950001,20.24,120700,18.622494
2012-07-05,20.309999,20.549999,20.07,20.48,154100,18.843314
2012-07-03,20.040001,20.33,19.969999,20.280001,88900,18.659298
2012-07-02,19.809999,19.969999,19.540001,19.969999,160400,18.374071
2012-06-29,19.57,20.129999,19.35,19.85,265100,18.263662
2012-06-28,18.74,19.059999,18.48,19.040001,142900,17.518395
2012-06-27,18.52,19.00,18.52,18.870001,105400,17.36198
2012-06-26,18.389999,18.68,18.26,18.440001,102000,16.966344
2012-06-25,18.309999,18.49,18.190001,18.32,101100,16.855933
2012-06-22,18.379999,18.690001,18.139999,18.59,255500,17.104356
2012-06-21,18.870001,18.91,18.110001,18.23,157700,16.773125
2012-06-20,18.76,19.110001,18.74,18.83,67700,17.325176
2012-06-19,18.25,19.040001,18.25,18.84,172000,17.334377
2012-06-18,18.139999,18.24,17.90,18.16,261000,16.70872
2012-06-15,17.90,18.27,17.790001,18.209999,254800,16.754723
2012-06-14,17.98,18.23,17.75,17.969999,211000,16.533903
2012-06-13,18.790001,18.92,17.809999,18.02,432300,16.579909
2012-06-12,18.709999,19.00,18.42,18.98,238400,17.463188
2012-06-11,19.50,19.50,18.57,18.57,258000,17.085954
2012-06-08,19.17,19.389999,18.84,19.26,324400,17.720812
2012-06-07,19.940001,20.040001,19.370001,19.459999,263900,17.904828
2012-06-06,20.459999,20.67,19.549999,19.700001,423900,18.12565
2012-06-05,20.559999,21.18,20.43,20.959999,181400,19.284954
2012-06-04,21.08,21.200001,20.68,20.709999,229500,19.054933
2012-06-01,20.809999,21.34,20.73,21.040001,192800,19.358562
2012-05-31,21.75,21.75,21.129999,21.370001,361800,19.662189
2012-05-30,22.07,22.120001,21.610001,21.68,407500,19.947415
2012-05-29,22.10,22.309999,21.889999,22.299999,169900,20.517866
2012-05-25,21.74,21.889999,21.43,21.790001,154000,20.048625
2012-05-24,21.26,21.700001,20.860001,21.66,221200,19.929013
2012-05-23,21.01,21.50,20.629999,21.48,176000,19.763397
2012-05-22,22.15,22.24,21.030001,21.25,146000,19.551779
2012-05-21,21.43,22.209999,21.33,22.16,96100,20.389055
2012-05-18,21.67,21.860001,21.190001,21.290001,117100,19.588583
2012-05-17,22.450001,22.610001,21.73,21.73,105500,19.993418
2012-05-16,22.75,22.879999,22.42,22.50,115800,20.701883
2012-05-15,22.52,22.83,22.450001,22.59,165000,20.784691
2012-05-14,22.469999,22.690001,22.41,22.549999,164500,20.747887
2012-05-11,22.780001,23.08,22.43,22.77,241700,20.950306
2012-05-10,23.25,23.33,22.91,23.09,112000,21.244733
2012-05-09,23.129999,23.32,22.889999,23.07,178000,21.226331
2012-05-08,23.309999,23.57,23.059999,23.49,123700,21.612766
2012-05-07,23.389999,23.629999,23.299999,23.540001,81000,21.658771
2012-05-04,24.09,24.09,23.469999,23.540001,124500,21.658771
2012-05-03,24.49,24.52,24.02,24.280001,113800,22.339633
2012-05-02,23.98,24.66,23.790001,24.450001,146600,22.496047
2012-05-01,24.60,24.799999,24.110001,24.15,238000,22.220021
2012-04-30,25.290001,25.309999,24.33,24.610001,209000,22.64326
2012-04-27,24.870001,25.35,24.48,25.280001,85100,23.259717
2012-04-26,24.440001,25.00,24.33,24.82,108700,22.836477
2012-04-25,24.440001,24.66,24.26,24.57,136900,22.606456
2012-04-24,23.91,24.15,23.82,24.049999,127200,22.128012
2012-04-23,24.200001,24.370001,23.610001,23.82,218700,21.916393
2012-04-20,24.42,24.75,24.200001,24.530001,188200,22.569654
2012-04-19,24.309999,24.48,23.73,23.99,149600,22.072808
2012-04-18,23.950001,24.540001,23.950001,24.24,202500,22.302829
2012-04-17,24.15,24.549999,24.059999,24.09,203200,22.164817
2012-04-16,24.07,24.32,23.68,24.00,95300,21.907193
2012-04-13,24.049999,24.27,23.76,24.00,149000,21.907193
2012-04-12,23.799999,24.43,23.799999,24.15,183600,22.044113
2012-04-11,23.129999,23.719999,23.00,23.719999,191700,21.651609
2012-04-10,23.629999,23.85,22.74,22.83,249400,20.839217
2012-04-09,23.440001,23.620001,23.209999,23.48,320600,21.432537
2012-04-05,25.809999,26.41,23.309999,23.889999,770000,21.806785
2012-04-04,27.379999,28.00,27.200001,27.85,239500,25.421472
2012-04-03,27.84,27.959999,27.620001,27.799999,169600,25.375831
2012-04-02,27.030001,27.860001,27.02,27.860001,265500,25.430601
2012-03-30,27.34,27.41,27.01,27.02,137300,24.663849
2012-03-29,26.84,27.25,26.620001,27.15,103500,24.782512
2012-03-28,27.41,27.440001,26.76,26.969999,156700,24.618208
2012-03-27,27.42,27.639999,27.35,27.440001,101400,25.047225
2012-03-26,27.50,27.690001,27.24,27.42,153300,25.028968
2012-03-23,26.93,27.219999,26.48,27.08,79700,24.718616
2012-03-22,26.950001,26.969999,26.51,26.950001,117700,24.599953
2012-03-21,27.209999,27.450001,26.90,27.110001,112100,24.746001
2012-03-20,27.10,27.41,26.98,27.10,165200,24.736873
2012-03-19,26.75,27.459999,26.48,27.280001,187100,24.901177
2012-03-16,26.65,27.10,26.57,26.809999,230900,24.47216
2012-03-15,26.26,26.68,25.92,26.549999,126600,24.234832
2012-03-14,26.15,26.32,26.139999,26.27,110400,23.979249
2012-03-13,25.85,26.26,25.57,26.219999,147300,23.933608
2012-03-12,25.65,25.690001,25.280001,25.540001,81900,23.312906
2012-03-09,25.35,26.040001,25.35,25.700001,142600,23.458953
2012-03-08,25.059999,25.48,24.799999,25.379999,145000,23.166856
2012-03-07,24.65,24.950001,24.549999,24.879999,159500,22.710456
2012-03-06,24.549999,24.84,24.51,24.559999,189300,22.418361
2012-03-05,25.24,25.24,24.540001,24.959999,401800,22.78348
2012-03-02,25.790001,26.00,25.16,25.379999,142700,23.166856
2012-03-01,26.09,26.15,25.74,25.75,134200,23.504593
2012-02-29,26.74,26.77,25.709999,25.84,323800,23.586745
2012-02-28,26.74,27.00,26.23,26.59,109700,24.271345
2012-02-27,26.49,26.99,26.129999,26.700001,111500,24.371753
2012-02-24,27.50,27.639999,26.85,26.85,159800,24.508673
2012-02-23,26.77,27.50,26.58,27.48,150200,25.083736
2012-02-22,26.790001,26.959999,26.59,26.709999,177200,24.38088
2012-02-21,26.780001,27.00,26.450001,26.85,105700,24.508673
2012-02-17,26.889999,26.889999,26.58,26.75,92900,24.417392
2012-02-16,25.91,26.75,25.67,26.719999,158200,24.390008
2012-02-15,26.389999,26.389999,25.860001,25.93,128400,23.668897
2012-02-14,26.629999,26.799999,26.049999,26.280001,252200,23.988377
2012-02-13,26.85,27.00,26.440001,26.690001,166600,24.362625
2012-02-10,26.24,26.559999,25.889999,26.450001,263800,24.143553
2012-02-09,25.950001,26.92,25.889999,26.690001,253600,24.362625
2012-02-08,26.049999,26.42,25.92,25.969999,157900,23.705408
2012-02-07,25.83,26.110001,25.620001,25.91,145200,23.650641
2012-02-06,25.709999,25.98,25.60,25.889999,120700,23.632384
2012-02-03,25.879999,26.00,25.690001,25.780001,254400,23.531977
2012-02-02,25.50,25.76,24.959999,25.41,134600,23.194241
2012-02-01,24.790001,25.530001,24.450001,25.49,301700,23.267265
2012-01-31,24.219999,24.709999,24.030001,24.50,252200,22.363593
2012-01-30,23.74,23.82,23.370001,23.639999,93600,21.578585
2012-01-27,23.370001,23.98,23.15,23.940001,125600,21.852426
2012-01-26,23.75,23.75,23.24,23.41,88200,21.368641
2012-01-25,23.27,23.60,23.139999,23.559999,113800,21.505561
2012-01-24,23.02,23.450001,22.91,23.35,120000,21.313874
2012-01-23,23.49,23.65,23.08,23.25,86800,21.222593
2012-01-20,23.09,23.59,23.040001,23.49,175200,21.441665
2012-01-19,22.93,23.200001,22.68,23.17,141400,21.149569
2012-01-18,22.379999,22.959999,22.379999,22.940001,158400,20.939626
2012-01-17,22.41,22.75,22.290001,22.639999,283600,20.510609
2012-01-13,22.23,22.34,21.959999,22.299999,185800,20.202587
2012-01-12,21.92,22.719999,21.92,22.639999,141100,20.510609
2012-01-11,21.49,21.870001,21.459999,21.85,193300,19.794913
2012-01-10,21.200001,21.690001,21.200001,21.50,614300,19.477832
2012-01-09,21.07,21.23,20.75,20.83,315100,18.870848
2012-01-06,23.84,23.84,20.82,20.98,569300,19.00674
2012-01-05,21.84,22.379999,21.60,22.15,242300,20.066696
2012-01-04,21.91,22.389999,21.889999,21.889999,286200,19.83115
2012-01-03,21.82,22.27,21.59,22.030001,229200,19.957983
2011-12-30,21.280001,21.58,21.10,21.18,203700,19.187929
2011-12-29,21.25,21.57,21.200001,21.360001,236300,19.351
2011-12-28,21.73,21.73,21.030001,21.09,140100,19.106394
2011-12-27,21.629999,21.98,21.34,21.709999,99100,19.668079
2011-12-23,21.77,21.98,21.43,21.66,101700,19.622783
2011-12-22,22.15,22.41,21.440001,21.629999,228700,19.595604
2011-12-21,22.139999,22.209999,21.43,22.15,118600,20.066696
2011-12-20,21.379999,22.10,21.280001,22.09,254600,20.01234
2011-12-19,21.620001,21.90,20.76,20.83,240800,18.870848
2011-12-16,21.450001,21.50,20.889999,21.43,477100,19.414416
2011-12-15,21.00,21.209999,20.860001,21.190001,243000,19.196989
2011-12-14,20.66,21.18,20.620001,20.700001,229700,18.753076
2011-12-13,21.389999,21.75,20.780001,20.91,136700,18.943324
2011-12-12,21.33,21.33,20.82,21.139999,166700,19.151691
2011-12-09,21.139999,21.879999,21.08,21.700001,206700,19.659021
2011-12-08,21.389999,21.57,21.040001,21.09,159200,19.106394
2011-12-07,21.49,21.790001,21.190001,21.67,102200,19.631842
2011-12-06,21.23,21.85,21.23,21.66,241300,19.622783
2011-12-05,21.33,21.51,20.969999,21.190001,129500,19.196989
2011-12-02,20.82,21.16,20.799999,20.879999,149200,18.916145
2011-12-01,20.76,20.91,20.389999,20.43,277300,18.50847
2011-11-30,20.309999,20.75,20.049999,20.67,441700,18.725897
2011-11-29,19.68,19.77,19.190001,19.40,259400,17.575345
2011-11-28,19.60,19.959999,19.40,19.690001,193300,17.838071
2011-11-25,18.709999,19.15,18.709999,18.85,92100,17.077076
2011-11-23,19.549999,19.629999,18.709999,18.809999,239800,17.040837
2011-11-22,20.280001,20.450001,19.67,19.74,339500,17.883367
2011-11-21,20.57,21.120001,20.48,20.93,155100,18.961443
2011-11-18,21.120001,21.370001,20.950001,21.01,228400,19.033918
2011-11-17,21.280001,21.65,20.93,21.08,206800,19.097334
2011-11-16,21.08,21.77,21.049999,21.25,240500,19.251345
2011-11-15,21.35,21.700001,21.08,21.50,462500,19.477832
2011-11-14,21.67,21.76,20.90,21.34,214800,19.33288
2011-11-11,21.83,22.01,21.66,21.780001,178900,19.731497
2011-11-10,22.040001,22.17,21.290001,21.51,149000,19.486891
2011-11-09,21.83,22.25,21.58,21.60,252900,19.568427
2011-11-08,22.309999,22.41,21.65,22.370001,89100,20.266005
2011-11-07,22.120001,22.299999,21.530001,22.120001,124500,20.039519
2011-11-04,21.629999,22.16,21.309999,22.120001,121700,20.039519
2011-11-03,21.629999,21.950001,20.950001,21.91,180000,19.849269
2011-11-02,20.889999,21.309999,20.549999,21.309999,148300,19.305702
2011-11-01,20.23,20.889999,20.030001,20.469999,163400,18.544707
2011-10-31,21.60,21.91,21.08,21.110001,158600,19.124513
2011-10-28,22.139999,22.379999,21.889999,22.08,253800,20.00328
2011-10-27,21.450001,22.25,19.73,22.10,381300,20.021399
2011-10-26,19.360001,19.98,19.09,19.90,151600,18.028318
2011-10-25,20.00,20.18,19.00,19.07,280200,17.276383
2011-10-24,19.799999,20.200001,19.559999,20.17,120900,18.272924
2011-10-21,19.40,19.700001,19.030001,19.67,166500,17.819951
2011-10-20,18.809999,19.190001,18.280001,19.059999,115800,17.267324
2011-10-19,19.34,19.76,18.73,18.870001,129400,16.941185
2011-10-18,18.950001,19.48,18.25,19.299999,245400,17.32723
2011-10-17,19.35,19.389999,18.67,18.790001,231600,16.869362
2011-10-14,19.700001,20.68,19.059999,19.16,365900,17.201541
2011-10-13,19.00,19.190001,18.59,19.040001,158700,17.093808
2011-10-12,19.18,19.33,18.969999,19.15,193800,17.192563
2011-10-11,18.84,19.200001,18.75,18.950001,122700,17.013007
2011-10-10,18.57,19.08,18.559999,19.00,117200,17.057896
2011-10-07,18.75,18.780001,17.90,18.120001,177100,16.267847
2011-10-06,17.74,18.74,17.74,18.50,186200,16.609004
2011-10-05,17.35,18.00,16.940001,17.719999,406400,15.908732
2011-10-04,16.360001,17.440001,16.200001,17.360001,376900,15.585531
2011-10-03,16.809999,17.530001,16.450001,16.469999,279900,14.786502
2011-09-30,17.110001,17.35,16.889999,16.99,256300,15.25335
2011-09-29,17.43,17.84,17.18,17.43,255500,15.648375
2011-09-28,17.73,17.950001,16.889999,16.93,193700,15.199483
2011-09-27,17.780001,17.959999,17.549999,17.700001,305800,15.890777
2011-09-26,17.209999,17.530001,16.92,17.32,262300,15.549619
2011-09-23,16.620001,17.389999,16.459999,17.02,220400,15.280284
2011-09-22,16.530001,17.01,16.459999,16.59,267100,14.894237
2011-09-21,17.790001,18.01,17.09,17.10,177700,15.352107
2011-09-20,18.23,18.610001,17.82,17.83,187600,16.007489
2011-09-19,17.879999,18.389999,17.68,18.16,152400,16.303757
2011-09-16,18.49,18.68,17.93,18.299999,229000,16.429446
2011-09-15,18.219999,18.469999,18.07,18.40,168200,16.519225
2011-09-14,17.60,18.43,17.309999,18.07,240000,16.222957
2011-09-13,16.940001,17.450001,16.68,17.360001,165500,15.585531
2011-09-12,16.66,17.219999,16.530001,16.91,192900,15.181527
2011-09-09,17.25,17.57,16.75,16.879999,204800,15.154593
2011-09-08,17.700001,17.959999,17.299999,17.459999,451500,15.675308
2011-09-07,17.620001,18.030001,17.07,17.92,407800,16.088289
2011-09-06,16.690001,17.32,16.559999,17.25,278300,15.486774
2011-09-02,17.52,17.82,17.280001,17.389999,316300,15.612463
2011-09-01,18.35,18.49,17.969999,18.01,262100,16.16909
2011-08-31,18.219999,18.48,17.92,18.24,338600,16.37558
2011-08-30,17.42,18.280001,17.23,18.10,421700,16.249891
2011-08-29,17.139999,17.540001,16.959999,17.450001,194600,15.666331
2011-08-26,16.42,16.91,16.16,16.83,141400,15.109705
2011-08-25,17.25,17.25,16.530001,16.65,222700,14.948103
2011-08-24,17.139999,17.360001,16.90,17.219999,130200,15.45984
2011-08-23,16.549999,17.18,16.379999,17.120001,180500,15.370063
2011-08-22,17.309999,17.309999,16.440001,16.51,118800,14.822414
2011-08-19,16.540001,17.290001,16.540001,16.809999,191800,15.091748
2011-08-18,17.57,18.18,16.610001,16.83,325600,15.109705
2011-08-17,18.25,18.52,17.90,18.02,82300,16.178068
2011-08-16,18.27,18.50,18.02,18.17,97500,16.312735
2011-08-15,18.57,18.68,18.27,18.58,143300,16.680827
2011-08-12,18.370001,18.48,17.83,18.35,101500,16.474337
2011-08-11,17.219999,18.440001,17.01,18.110001,188800,16.258869
2011-08-10,17.60,18.129999,17.030001,17.08,204800,15.334151
2011-08-09,17.34,18.209999,16.459999,18.17,322300,16.312735
2011-08-08,18.209999,18.73,16.959999,16.969999,248900,15.235394
2011-08-05,19.76,19.98,18.299999,18.940001,280500,17.004029
2011-08-04,20.780001,20.85,19.41,19.41,205900,17.425987
2011-08-03,21.02,21.209999,20.65,21.120001,138200,18.961199
2011-08-02,21.780001,21.959999,21.02,21.049999,144000,18.898352
2011-08-01,22.469999,22.469999,21.65,21.90,126400,19.661469
2011-07-29,21.879999,22.35,21.65,22.15,113100,19.885915
2011-07-28,22.299999,22.50,22.110001,22.129999,63100,19.867959
2011-07-27,22.83,22.870001,22.16,22.23,228000,19.957738
2011-07-26,23.129999,23.32,22.85,22.889999,56300,20.550275
2011-07-25,23.16,23.469999,23.15,23.18,65600,20.810633
2011-07-22,23.50,23.50,23.26,23.379999,126000,20.990189
2011-07-21,23.379999,23.68,23.17,23.51,128500,21.106902
2011-07-20,23.42,23.42,23.17,23.309999,83500,20.927344
2011-07-19,23.48,23.60,23.27,23.40,153700,21.008145
2011-07-18,23.610001,23.790001,23.18,23.290001,149900,20.90939
2011-07-15,23.77,24.040001,23.610001,23.790001,136800,21.358282
2011-07-14,24.25,24.440001,23.76,23.870001,162800,21.290949
2011-07-13,24.219999,24.469999,23.860001,24.139999,134300,21.531775
2011-07-12,23.799999,24.190001,23.68,24.02,271700,21.424741
2011-07-11,24.25,24.76,23.74,23.969999,448400,21.380143
2011-07-08,25.129999,25.280001,24.76,24.879999,429500,22.191821
2011-07-07,25.559999,26.00,25.18,25.60,361600,22.834029
2011-07-06,25.49,25.959999,25.379999,25.92,266500,23.119454
2011-07-05,25.440001,25.92,25.440001,25.51,216700,22.753753
2011-07-01,25.129999,25.60,24.92,25.549999,135500,22.78943
2011-06-30,25.27,25.34,24.90,25.190001,196000,22.468328
2011-06-29,25.00,25.50,24.08,25.129999,227200,22.414809
2011-06-28,24.75,24.879999,24.389999,24.879999,125200,22.191821
2011-06-27,24.379999,24.700001,23.950001,24.639999,153400,21.977752
2011-06-24,24.50,24.610001,24.17,24.50,373300,21.852879
2011-06-23,24.360001,24.48,24.00,24.41,205700,21.772603
2011-06-22,24.76,25.00,24.629999,24.67,127000,22.004511
2011-06-21,24.200001,24.93,24.16,24.91,122200,22.21858
2011-06-20,23.65,24.08,23.65,23.950001,91300,21.362305
2011-06-17,24.07,24.27,23.610001,23.709999,266400,21.148234
2011-06-16,23.790001,24.02,23.60,23.879999,189900,21.299867
2011-06-15,23.76,24.530001,23.58,23.709999,115000,21.148234
2011-06-14,24.07,24.389999,24.040001,24.09,121500,21.487178
2011-06-13,23.940001,24.129999,23.540001,23.76,169100,21.192833
2011-06-10,23.85,24.01,23.559999,23.709999,234200,21.148234
2011-06-09,23.98,24.35,23.76,24.01,125600,21.415822
2011-06-08,23.700001,24.18,23.610001,23.85,201900,21.273109
2011-06-07,24.17,24.24,23.860001,23.91,119100,21.326626
2011-06-06,24.040001,24.200001,23.90,23.959999,159100,21.371223
2011-06-03,24.34,24.50,23.940001,23.98,165000,21.389062
2011-06-02,24.76,24.93,24.540001,24.790001,160000,22.111547
2011-06-01,25.41,25.459999,24.690001,24.76,243000,22.084787
2011-05-31,25.370001,25.50,25.10,25.49,202600,22.735913
2011-05-27,24.77,25.25,24.59,25.09,101700,22.379132
2011-05-26,24.709999,24.99,24.530001,24.790001,232200,22.111547
2011-05-25,24.18,24.77,24.10,24.73,155800,22.058028
2011-05-24,24.360001,24.40,23.950001,24.09,107400,21.487178
2011-05-23,24.10,24.379999,23.73,24.17,138100,21.558534
2011-05-20,24.74,24.83,24.360001,24.59,124100,21.933155
2011-05-19,25.209999,25.209999,24.639999,24.92,113400,22.2275
2011-05-18,24.82,24.98,24.59,24.969999,82700,22.272097
2011-05-17,24.48,24.950001,24.34,24.65,137600,21.986672
2011-05-16,24.76,25.379999,24.58,24.58,172600,21.924235
2011-05-13,25.02,25.18,24.43,24.65,178000,21.986672
2011-05-12,24.360001,25.00,24.110001,24.889999,126100,22.200741
2011-05-11,24.83,24.879999,24.26,24.459999,94200,21.8172
2011-05-10,24.629999,24.969999,24.629999,24.93,84300,22.23642
2011-05-09,24.059999,24.559999,23.940001,24.52,83000,21.870718
2011-05-06,24.16,24.42,23.92,23.99,74000,21.397982
2011-05-05,23.860001,24.25,23.700001,23.85,153200,21.273109
2011-05-04,24.200001,24.57,23.860001,24.01,105700,21.415822
2011-05-03,24.85,25.10,24.09,24.35,113000,21.719086
2011-05-02,25.559999,25.559999,24.82,24.84,87000,22.156144
2011-04-29,25.43,25.43,25.190001,25.32,81000,22.584281
2011-04-28,25.200001,25.35,25.10,25.299999,80000,22.566442
2011-04-27,25.07,25.26,24.940001,25.209999,78000,22.486166
2011-04-26,24.860001,25.23,24.65,25.030001,153700,22.325615
2011-04-25,24.75,24.90,24.59,24.73,72500,22.058028
2011-04-21,24.65,24.870001,24.50,24.73,98000,22.058028
2011-04-20,24.290001,24.68,24.25,24.60,119500,21.942075
2011-04-19,24.200001,24.33,23.879999,24.049999,101400,21.451499
2011-04-18,24.459999,24.469999,23.940001,24.040001,165200,21.442581
2011-04-15,24.35,24.790001,24.209999,24.719999,235400,21.910855
2011-04-14,24.24,24.51,24.190001,24.49,568200,21.706992
2011-04-13,24.940001,24.940001,24.26,24.40,260100,21.62722
2011-04-12,24.74,24.950001,24.65,24.68,259000,21.875402
2011-04-11,24.709999,25.10,24.690001,24.93,283000,22.096992
2011-04-08,25.299999,25.34,24.860001,25.00,190200,22.159037
2011-04-07,25.540001,25.84,25.290001,25.33,161100,22.451536
2011-04-06,25.02,25.639999,24.84,25.57,444400,22.664263
2011-04-05,25.709999,26.42,25.00,25.389999,664800,22.504717
2011-04-04,25.030001,25.49,25.030001,25.23,249300,22.3629
2011-04-01,25.00,25.299999,23.950001,24.719999,194100,21.910855
2011-03-31,24.42,24.76,24.23,24.719999,122600,21.910855
2011-03-30,24.10,24.48,24.02,24.389999,95900,21.618356
2011-03-29,23.58,23.92,23.51,23.90,72400,21.184039
2011-03-28,23.639999,23.91,23.49,23.530001,73400,20.856086
2011-03-25,23.23,24.15,23.209999,23.559999,188900,20.882676
2011-03-24,23.190001,23.24,22.959999,23.120001,103600,20.492678
2011-03-23,23.00,23.08,22.76,23.040001,89000,20.421769
2011-03-22,23.059999,23.139999,22.889999,23.00,79600,20.386314
2011-03-21,22.90,23.26,22.77,22.969999,151800,20.359723
2011-03-18,22.52,22.83,22.389999,22.59,252400,20.022906
2011-03-17,22.57,22.610001,22.16,22.24,128700,19.712679
2011-03-16,22.33,22.49,21.93,22.08,156600,19.570861
2011-03-15,21.549999,22.41,21.41,22.299999,111700,19.76586
2011-03-14,22.10,22.58,22.00,22.40,120700,19.854497
2011-03-11,22.25,22.48,22.190001,22.33,142600,19.792452
2011-03-10,22.33,22.469999,22.18,22.34,181300,19.801316
2011-03-09,22.719999,22.84,22.52,22.639999,88600,20.067223
2011-03-08,22.219999,23.15,21.99,22.690001,118400,20.111542
2011-03-07,22.82,22.959999,21.809999,22.18,110200,19.659498
2011-03-04,22.719999,22.870001,22.280001,22.700001,97200,20.120406
2011-03-03,22.440001,22.889999,22.370001,22.66,103900,20.084951
2011-03-02,21.870001,22.40,21.85,22.139999,169000,19.624043
2011-03-01,22.24,22.35,21.85,21.879999,116300,19.393588
2011-02-28,22.48,22.58,22.00,22.26,106200,19.730407
2011-02-25,21.66,22.280001,21.50,22.24,156600,19.712679
2011-02-24,21.620001,21.83,21.120001,21.549999,183900,19.101089
2011-02-23,22.17,22.219999,21.389999,21.50,257300,19.056772
2011-02-22,22.360001,22.690001,22.030001,22.08,188800,19.570861
2011-02-18,22.65,22.889999,22.360001,22.870001,170000,20.271088
2011-02-17,22.530001,22.66,22.40,22.549999,107500,19.987451
2011-02-16,22.719999,22.780001,22.379999,22.629999,120400,20.05836
2011-02-15,23.129999,23.34,22.610001,22.620001,268100,20.049497
2011-02-14,23.00,23.25,22.950001,23.190001,154200,20.554723
2011-02-11,22.75,23.09,22.540001,23.09,136200,20.466087
2011-02-10,22.700001,23.110001,22.58,22.90,193200,20.297678
2011-02-09,22.540001,22.90,22.50,22.82,207300,20.226769
2011-02-08,22.34,22.690001,22.10,22.66,154400,20.084951
2011-02-07,21.67,22.40,21.60,22.309999,206800,19.774724
2011-02-04,21.809999,21.950001,21.559999,21.60,114300,19.145408
2011-02-03,22.049999,22.049999,21.469999,21.790001,166300,19.313817
2011-02-02,22.030001,22.25,21.940001,22.040001,114000,19.535408
2011-02-01,21.690001,22.219999,21.690001,22.059999,215700,19.553134
2011-01-31,21.450001,21.85,21.34,21.35,252900,18.923818
2011-01-28,21.92,22.07,21.18,21.209999,184800,18.799726
2011-01-27,22.030001,22.030001,21.690001,21.799999,213900,19.32268
2011-01-26,21.41,22.190001,21.41,21.940001,254300,19.446771
2011-01-25,21.290001,21.700001,21.15,21.440001,390500,19.003591
2011-01-24,21.35,21.82,21.23,21.459999,351100,19.021317
2011-01-21,21.200001,21.700001,21.059999,21.35,257300,18.923818
2011-01-20,21.139999,21.379999,21.01,21.040001,314800,18.649046
2011-01-19,21.48,21.549999,21.02,21.049999,391200,18.657908
2011-01-18,21.16,21.50,21.059999,21.459999,213400,19.021317
2011-01-14,21.040001,21.219999,21.01,21.16,143400,18.755409
2011-01-13,21.34,21.389999,21.139999,21.17,199700,18.626886
2011-01-12,21.110001,21.389999,20.92,21.280001,179600,18.723672
2011-01-11,20.620001,20.92,20.559999,20.889999,396200,18.380521
2011-01-10,20.389999,20.549999,20.09,20.450001,391500,17.993379
2011-01-07,20.02,20.540001,19.90,20.450001,647700,17.993379
2011-01-06,20.540001,20.690001,19.77,20.309999,1498200,17.870195
2011-01-05,22.35,22.35,21.870001,21.98,381400,19.339581
2011-01-04,23.00,23.110001,22.23,22.280001,275900,19.603544
2011-01-03,23.200001,23.200001,22.809999,22.809999,369200,20.069875
2010-12-31,22.879999,23.02,22.799999,22.889999,98200,20.140265
2010-12-30,23.01,23.049999,22.879999,22.879999,70600,20.131466
2010-12-29,23.01,23.110001,22.879999,22.950001,57600,20.193058
2010-12-28,22.90,22.940001,22.540001,22.90,59800,20.149064
2010-12-27,22.84,22.85,22.52,22.809999,64200,20.069875
2010-12-23,22.889999,23.02,22.66,22.84,77000,20.096272
2010-12-22,22.92,22.92,22.66,22.83,77100,20.087473
2010-12-21,22.809999,22.940001,22.57,22.809999,185100,20.069875
2010-12-20,22.60,22.790001,22.43,22.639999,130400,19.920297
2010-12-17,22.799999,22.870001,22.42,22.540001,355200,19.832311
2010-12-16,23.200001,23.23,22.719999,22.799999,180300,20.061076
2010-12-15,23.32,23.50,23.00,23.16,226100,20.37783
2010-12-14,23.379999,23.41,23.15,23.299999,85100,20.501012
2010-12-13,23.35,23.42,23.120001,23.25,194400,20.457019
2010-12-10,22.82,23.200001,22.82,23.15,150500,20.369032
2010-12-09,22.879999,22.889999,22.67,22.709999,148600,19.981887
2010-12-08,22.559999,22.83,22.40,22.57,127800,19.858706
2010-12-07,22.299999,22.74,22.15,22.459999,281100,19.761919
2010-12-06,21.959999,22.209999,21.93,22.09,216900,19.436368
2010-12-03,21.790001,22.059999,21.58,21.959999,201200,19.321984
2010-12-02,21.290001,21.860001,21.290001,21.860001,388100,19.233998
2010-12-01,20.809999,21.209999,20.66,21.209999,357500,18.66208
2010-11-30,20.129999,20.65,19.77,20.25,194700,17.817404
2010-11-29,19.719999,20.40,19.50,20.34,348400,17.896592
2010-11-26,20.049999,20.16,19.719999,19.719999,61400,17.351071
2010-11-24,20.040001,20.559999,20.040001,20.299999,214000,17.861397
2010-11-23,20.129999,20.129999,19.84,19.91,267700,17.518247
2010-11-22,20.23,20.610001,20.00,20.42,102900,17.966982
2010-11-19,20.48,20.549999,19.98,20.200001,178000,17.773411
2010-11-18,20.360001,20.73,20.360001,20.450001,232800,17.993379
2010-11-17,20.33,20.549999,19.91,20.00,135700,17.597436
2010-11-16,20.709999,20.790001,20.209999,20.379999,176100,17.931786
2010-11-15,21.059999,21.209999,20.860001,20.92,78400,18.406918
2010-11-12,21.299999,21.370001,20.709999,20.84,225600,18.336528
2010-11-11,21.43,21.74,21.190001,21.57,79200,18.978834
2010-11-10,21.629999,21.889999,21.389999,21.719999,154300,19.110815
2010-11-09,22.10,22.280001,21.42,21.620001,113900,19.022829
2010-11-08,22.32,22.450001,21.950001,22.059999,163800,19.409971
2010-11-05,22.129999,22.66,22.059999,22.309999,128500,19.629939
2010-11-04,21.889999,22.209999,21.610001,22.030001,301100,19.383576
2010-11-03,21.93,21.93,20.889999,21.23,231800,18.679678
2010-11-02,21.440001,21.870001,21.440001,21.82,181300,19.198802
2010-11-01,21.889999,21.940001,21.00,21.129999,146600,18.59169
2010-10-29,21.17,21.790001,21.00,21.700001,106100,19.093218
2010-10-28,22.01,22.01,21.15,21.219999,109400,18.670879
2010-10-27,21.959999,22.23,21.50,21.75,193800,19.137211
2010-10-26,22.24,22.309999,21.790001,22.040001,237300,19.392375
2010-10-25,21.110001,22.290001,20.940001,22.27,375900,19.594745
2010-10-22,21.280001,21.280001,20.73,20.84,219800,18.336528
2010-10-21,21.620001,21.84,20.780001,21.139999,164400,18.600489
2010-10-20,20.950001,21.74,20.950001,21.57,192000,18.842455
2010-10-19,21.08,21.50,20.68,20.77,185500,18.143617
2010-10-18,21.280001,21.57,21.10,21.48,177900,18.763836
2010-10-15,21.049999,21.32,20.639999,21.139999,198400,18.466829
2010-10-14,20.85,20.85,20.49,20.74,155100,18.117409
2010-10-13,20.26,20.92,20.200001,20.82,189800,18.187293
2010-10-12,20.49,20.49,20.08,20.120001,146800,17.57581
2010-10-11,20.290001,20.709999,20.10,20.48,98700,17.890286
2010-10-08,20.01,20.559999,19.879999,20.25,173200,17.689371
2010-10-07,20.41,20.41,19.76,19.950001,147900,17.427306
2010-10-06,20.940001,20.950001,19.950001,20.209999,278300,17.654428
2010-10-05,20.43,20.950001,20.379999,20.92,158100,18.274649
2010-10-04,20.629999,20.83,20.08,20.139999,140700,17.59328
2010-10-01,20.450001,20.709999,20.309999,20.629999,162500,18.021319
2010-09-30,20.639999,20.82,20.01,20.15,204300,17.602015
2010-09-29,20.32,20.68,20.01,20.32,253100,17.750519
2010-09-28,20.23,20.379999,19.629999,20.33,184500,17.759254
2010-09-27,20.09,20.23,19.870001,20.120001,185200,17.57581
2010-09-24,19.58,20.07,19.32,20.02,164900,17.488455
2010-09-23,19.280001,19.690001,19.190001,19.25,201300,16.815821
2010-09-22,19.450001,19.68,19.00,19.49,510200,17.025473
2010-09-21,19.790001,19.950001,19.41,19.59,546100,17.112828
2010-09-20,19.40,19.959999,19.33,19.889999,385700,17.374892
2010-09-17,19.83,19.83,19.26,19.370001,286000,16.920648
2010-09-16,19.58,19.77,19.40,19.709999,215400,17.217653
2010-09-15,19.48,19.719999,19.440001,19.559999,194200,17.086621
2010-09-14,20.43,20.43,19.620001,19.629999,377100,17.147769
2010-09-13,20.389999,20.639999,20.07,20.559999,255000,17.96017
2010-09-10,19.98,20.25,19.83,20.120001,175200,17.57581
2010-09-09,20.18,20.42,19.709999,19.85,191100,17.339951
2010-09-08,19.549999,20.139999,19.379999,19.93,175300,17.409835
2010-09-07,20.43,20.43,19.48,19.549999,289600,17.077885
2010-09-03,20.110001,20.469999,20.059999,20.440001,299200,17.855345
2010-09-02,19.129999,19.99,19.059999,19.959999,342000,17.436041
2010-09-01,18.629999,19.35,18.33,19.23,352700,16.79835
2010-08-31,18.00,18.370001,17.809999,18.17,249600,15.872388
2010-08-30,18.57,18.610001,18.00,18.01,259600,15.732621
2010-08-27,18.129999,18.639999,17.889999,18.610001,323700,16.25675
2010-08-26,18.030001,18.43,17.73,17.85,397100,15.592853
2010-08-25,17.00,17.50,16.85,17.43,312700,15.225962
2010-08-24,17.16,17.700001,17.040001,17.049999,335800,14.894013
2010-08-23,17.959999,18.15,17.209999,17.219999,418900,15.042516
2010-08-20,17.040001,17.84,17.00,17.639999,527200,15.409407
2010-08-19,18.02,18.139999,17.09,17.16,363400,14.990104
2010-08-18,18.059999,18.34,17.809999,18.15,145400,15.854917
2010-08-17,18.129999,18.35,17.91,18.139999,198400,15.846181
2010-08-16,17.870001,18.219999,17.620001,17.84,134100,15.584117
2010-08-13,18.559999,18.799999,18.01,18.02,174400,15.741356
2010-08-12,18.540001,19.049999,18.459999,18.559999,221600,16.213072
2010-08-11,19.370001,19.370001,18.790001,18.93,243100,16.536286
2010-08-10,19.93,20.040001,19.51,19.690001,178700,17.200183
2010-08-09,20.34,20.34,19.950001,20.120001,338900,17.57581
2010-08-06,20.00,20.58,19.82,20.25,351100,17.689371
2010-08-05,20.23,20.440001,20.02,20.139999,120200,17.59328
2010-08-04,20.190001,20.530001,20.10,20.32,262500,17.750519
2010-08-03,20.120001,20.389999,19.98,20.129999,311000,17.584544
2010-08-02,20.00,20.440001,19.77,20.15,206700,17.602015
2010-07-30,19.549999,20.10,19.290001,19.59,228800,17.112828
2010-07-29,20.24,20.559999,19.58,19.91,226100,17.392364
2010-07-28,20.10,20.24,19.870001,19.959999,255500,17.436041
2010-07-27,19.950001,20.450001,19.91,20.18,321400,17.628222
2010-07-26,19.51,19.860001,19.24,19.85,269500,17.339951
2010-07-23,18.74,19.700001,18.540001,19.65,307900,17.165241
2010-07-22,18.549999,19.120001,18.549999,18.889999,442900,16.501343
2010-07-21,18.50,18.65,18.040001,18.23,191600,15.924801
2010-07-20,18.17,18.35,17.90,18.280001,313300,15.968479
2010-07-19,18.190001,18.75,18.190001,18.43,229700,16.099511
2010-07-16,18.93,18.940001,18.01,18.040001,293300,15.758828
2010-07-15,19.309999,19.309999,18.57,19.129999,259000,16.710995
2010-07-14,19.77,19.940001,19.120001,19.34,307800,16.763409
2010-07-13,19.75,20.129999,19.389999,19.93,331400,17.274805
2010-07-12,20.049999,20.049999,19.280001,19.389999,367500,16.806747
2010-07-09,20.74,20.74,19.59,20.18,373100,17.491499
2010-07-08,19.219999,20.799999,19.219999,20.709999,290600,17.950888
2010-07-07,17.940001,18.68,17.940001,18.65,244300,16.165334
2010-07-06,18.690001,18.84,17.83,17.870001,173200,15.489251
2010-07-02,18.74,18.83,18.35,18.450001,128300,15.99198
2010-07-01,19.059999,19.15,18.280001,18.549999,242800,16.078656
2010-06-30,19.57,20.09,18.879999,18.959999,188200,16.434034
2010-06-29,19.700001,19.92,19.27,19.549999,236500,16.94543
2010-06-28,19.85,20.540001,19.700001,20.10,123000,17.422157
2010-06-25,19.190001,20.09,19.17,19.969999,530700,17.309475
2010-06-24,19.41,19.75,19.139999,19.16,174400,16.607389
2010-06-23,19.50,20.01,19.309999,19.60,224800,16.98877
2010-06-22,20.08,20.209999,19.50,19.57,240400,16.962766
2010-06-21,20.549999,21.00,19.959999,20.07,123900,17.396153
2010-06-18,20.84,20.959999,20.309999,20.35,270400,17.63885
2010-06-17,21.049999,21.299999,20.65,20.799999,152000,18.028898
2010-06-16,20.940001,21.370001,20.940001,20.99,132800,18.193585
2010-06-15,21.41,21.620001,21.120001,21.190001,177300,18.366941
2010-06-14,20.83,21.76,20.83,21.200001,169800,18.375609
2010-06-11,19.92,20.73,19.68,20.700001,134000,17.942222
2010-06-10,19.809999,20.27,19.629999,20.23,183300,17.534837
2010-06-09,19.690001,20.370001,19.40,19.530001,213700,16.928096
2010-06-08,19.719999,20.00,19.360001,19.58,309900,16.971434
2010-06-07,20.299999,20.620001,19.67,19.709999,309300,17.084114
2010-06-04,21.290001,21.32,20.09,20.18,192800,17.491499
2010-06-03,21.58,22.299999,21.440001,21.84,149500,18.930343
2010-06-02,21.24,21.43,20.68,21.40,255100,18.548962
2010-06-01,21.98,22.60,21.120001,21.139999,206700,18.323601
2010-05-28,22.610001,22.610001,21.860001,22.23,143400,19.268385
2010-05-27,21.92,22.67,21.83,22.639999,122300,19.623762
2010-05-26,21.42,21.950001,21.18,21.49,194300,18.626972
2010-05-25,20.92,21.40,20.219999,21.33,391400,18.488289
2010-05-24,21.639999,21.799999,21.26,21.33,132500,18.488289
2010-05-21,21.15,21.969999,21.15,21.76,256500,18.861002
2010-05-20,22.34,22.34,21.48,21.52,206500,18.652976
2010-05-19,23.299999,23.469999,22.799999,22.940001,171500,19.883795
2010-05-18,24.00,24.09,23.290001,23.379999,162300,20.265175
2010-05-17,23.620001,24.17,23.049999,23.77,269500,20.603217
2010-05-14,24.219999,24.280001,23.40,23.639999,141700,20.490536
2010-05-13,24.280001,24.940001,24.17,24.469999,130700,21.209958
2010-05-12,24.00,24.52,23.77,24.469999,439000,21.209958
2010-05-11,23.780001,24.08,23.68,23.940001,277300,20.750569
2010-05-10,23.790001,24.40,23.58,24.110001,327200,20.897921
2010-05-07,23.709999,24.469999,22.809999,22.99,378000,19.927133
2010-05-06,24.65,25.030001,22.389999,23.709999,408100,20.55121
2010-05-05,25.299999,25.49,24.620001,24.719999,589700,21.426652
2010-05-04,26.629999,26.950001,24.780001,25.41,890700,22.024726
2010-05-03,26.120001,26.969999,25.92,26.889999,681200,23.307551
2010-04-30,26.82,27.23,25.77,26.01,775300,22.544791
2010-04-29,25.85,26.780001,24.790001,26.74,369600,23.177536
2010-04-28,26.040001,26.33,25.58,25.67,370800,22.250088
2010-04-27,26.049999,26.280001,25.379999,25.790001,352000,22.354101
2010-04-26,25.75,26.34,25.43,25.959999,322300,22.501451
2010-04-23,25.110001,25.719999,24.870001,25.700001,193800,22.276092
2010-04-22,24.92,25.110001,24.549999,25.07,179600,21.730023
2010-04-21,25.309999,25.309999,24.74,25.09,200700,21.747359
2010-04-20,25.110001,25.33,25.00,25.209999,342900,21.851371
2010-04-19,25.01,25.190001,24.67,25.059999,339400,21.721355
2010-04-16,25.08,25.299999,25.01,25.09,333200,21.747359
2010-04-15,24.879999,25.120001,24.83,25.110001,278400,21.764695
2010-04-14,24.389999,25.059999,24.370001,25.030001,254100,21.565336
2010-04-13,24.200001,24.379999,23.790001,24.35,424000,20.979462
2010-04-12,23.60,24.379999,23.51,24.379999,506100,21.005308
2010-04-09,23.629999,23.690001,23.360001,23.690001,200000,20.41082
2010-04-08,23.33,23.58,23.120001,23.559999,315100,20.298813
2010-04-07,23.299999,23.540001,22.85,23.52,357100,20.264351
2010-04-06,22.950001,23.43,22.68,23.42,393900,20.178193
2010-04-05,22.83,23.10,22.379999,23.08,589500,19.885256
2010-04-01,23.99,24.23,22.059999,22.879999,1290800,19.712939
2010-03-31,25.09,25.40,24.469999,24.469999,273000,21.082851
2010-03-30,25.639999,25.92,24.959999,25.24,285900,21.746267
2010-03-29,26.139999,26.139999,25.450001,25.68,233100,22.125363
2010-03-26,26.00,26.24,25.66,26.00,299100,22.401068
2010-03-25,26.00,26.549999,25.82,25.950001,290600,22.35799
2010-03-24,26.190001,26.48,25.83,25.90,287700,22.31491
2010-03-23,26.360001,26.57,26.120001,26.49,213700,22.823242
2010-03-22,25.799999,26.48,25.57,26.290001,190100,22.650927
2010-03-19,26.290001,26.48,25.690001,26.01,474000,22.409684
2010-03-18,25.91,26.34,25.82,26.120001,155800,22.504458
2010-03-17,25.950001,26.26,25.76,26.200001,247500,22.573385
2010-03-16,26.440001,26.440001,25.99,26.00,220600,22.401068
2010-03-15,26.17,26.389999,25.969999,26.32,169100,22.676773
2010-03-12,26.469999,26.469999,26.09,26.219999,216100,22.590615
2010-03-11,25.99,26.35,25.889999,26.290001,201300,22.650927
2010-03-10,25.59,26.15,25.51,26.059999,275000,22.452762
2010-03-09,25.219999,25.77,25.219999,25.67,248700,22.116747
2010-03-08,25.190001,25.690001,25.190001,25.610001,156400,22.065052
2010-03-05,25.129999,25.360001,24.969999,25.190001,213300,21.703189
2010-03-04,24.799999,25.120001,24.610001,25.110001,178400,21.634263
2010-03-03,24.57,24.90,24.559999,24.74,168000,21.315478
2010-03-02,24.290001,24.889999,24.25,24.57,260300,21.169009
2010-03-01,23.76,24.360001,23.629999,24.18,190500,20.832993
2010-02-26,23.379999,23.67,23.23,23.559999,171200,20.298813
2010-02-25,23.41,23.469999,22.620001,23.440001,239900,20.195425
2010-02-24,23.48,23.75,23.42,23.530001,128000,20.272967
2010-02-23,23.65,23.709999,23.209999,23.41,191500,20.169577
2010-02-22,23.57,23.790001,23.57,23.76,129400,20.47113
2010-02-19,23.690001,23.74,23.34,23.67,186700,20.393588
2010-02-18,23.469999,23.75,23.120001,23.68,145300,20.402204
2010-02-17,22.82,23.43,22.49,23.42,269500,20.178193
2010-02-16,22.709999,22.879999,22.35,22.879999,132400,19.712939
2010-02-12,22.280001,22.719999,21.92,22.709999,143800,19.566471
2010-02-11,22.120001,22.50,21.82,22.49,239000,19.376924
2010-02-10,21.940001,22.309999,21.809999,22.219999,210600,19.144297
2010-02-09,21.65,21.969999,21.41,21.860001,319700,18.834129
2010-02-08,22.02,22.209999,21.459999,21.459999,224300,18.489496
2010-02-05,22.33,22.690001,21.709999,22.139999,229700,19.07537
2010-02-04,22.52,22.860001,22.27,22.35,301100,19.256303
2010-02-03,22.65,22.90,22.49,22.68,202800,19.540624
2010-02-02,22.209999,22.73,21.959999,22.700001,257800,19.557856
2010-02-01,22.60,22.60,21.629999,22.129999,434500,19.066754
2010-01-29,23.27,23.459999,22.52,22.52,310300,19.402772
2010-01-28,23.40,23.50,22.780001,23.26,381300,20.04034
2010-01-27,22.75,23.190001,22.65,23.08,250300,19.885256
2010-01-26,23.10,23.139999,22.75,22.91,234300,19.738787
2010-01-25,23.77,23.959999,23.01,23.10,277100,19.902488
2010-01-22,24.43,24.450001,23.50,23.59,346500,20.324661
2010-01-21,24.389999,24.969999,23.709999,23.98,849900,20.660677
2010-01-20,23.42,23.700001,22.959999,23.40,286700,20.160961
2010-01-19,23.10,23.700001,22.93,23.67,327900,20.393588
2010-01-15,23.290001,23.49,22.90,23.07,319600,19.87664
2010-01-14,22.65,23.290001,22.65,23.219999,377000,20.005876
2010-01-13,22.60,22.82,22.030001,22.700001,266400,19.428619
2010-01-12,21.700001,22.450001,21.290001,22.41,372800,19.180411
2010-01-11,21.950001,22.10,21.65,21.709999,121600,18.58129
2010-01-08,21.58,21.940001,21.200001,21.82,257200,18.675438
2010-01-07,21.99,22.10,20.950001,21.59,471100,18.478585
2010-01-06,21.190001,21.700001,21.110001,21.26,552900,18.196143
2010-01-05,20.82,21.58,20.82,21.280001,341700,18.213261
2010-01-04,20.51,20.99,20.51,20.91,191900,17.896582
2009-12-31,20.68,20.889999,20.129999,20.18,122400,17.271785
2009-12-30,20.65,20.91,20.49,20.73,144900,17.742522
2009-12-29,20.77,20.969999,20.700001,20.76,114100,17.768199
2009-12-28,20.75,20.959999,20.549999,20.620001,130400,17.648376
2009-12-24,20.59,20.74,20.49,20.610001,37700,17.639817
2009-12-23,20.280001,20.67,20.059999,20.450001,164500,17.502875
2009-12-22,19.940001,20.52,19.889999,20.110001,206000,17.211874
2009-12-21,20.139999,20.25,19.889999,19.93,239300,17.057814
2009-12-18,19.85,20.200001,19.67,19.969999,470300,17.092048
2009-12-17,20.209999,20.209999,19.40,19.76,399200,16.912313
2009-12-16,20.190001,20.74,19.90,20.40,432000,17.46008
2009-12-15,18.85,20.219999,18.780001,19.969999,621600,17.092048
2009-12-14,18.360001,18.860001,17.92,18.85,207000,16.133457
2009-12-11,18.790001,18.790001,17.98,18.309999,163200,15.671277
2009-12-10,17.67,18.809999,17.559999,18.60,425400,15.919485
2009-12-09,17.51,17.68,17.379999,17.65,106400,15.106393
2009-12-08,17.27,17.52,16.940001,17.450001,317100,14.935216
2009-12-07,17.15,17.42,17.030001,17.34,178000,14.841068
2009-12-04,17.040001,17.280001,16.709999,17.120001,433900,14.652774
2009-12-03,16.75,17.120001,16.450001,16.74,850900,14.327536
2009-12-02,16.450001,17.16,16.40,16.950001,124600,14.507273
2009-12-01,16.41,16.530001,16.15,16.42,126400,14.053653
2009-11-30,16.809999,16.84,16.18,16.32,208700,13.968064
2009-11-27,16.91,17.129999,16.84,16.879999,52200,14.44736
2009-11-25,17.469999,17.60,17.16,17.52,90500,14.995128
2009-11-24,17.92,17.959999,17.40,17.450001,68900,14.935216
2009-11-23,17.66,18.049999,17.51,18.00,90000,15.405953
2009-11-20,17.290001,17.65,17.290001,17.48,65800,14.960892
2009-11-19,18.09,18.09,17.219999,17.450001,140800,14.935216
2009-11-18,18.16,18.41,18.059999,18.18,81000,15.560013
2009-11-17,18.01,18.389999,17.959999,18.200001,103200,15.577131
2009-11-16,17.870001,18.59,17.559999,18.18,214600,15.560013
2009-11-13,17.77,17.85,17.49,17.799999,134200,15.234775
2009-11-12,17.889999,18.280001,17.58,17.620001,245200,15.080717
2009-11-11,18.09,18.290001,17.74,17.98,78400,15.388835
2009-11-10,18.09,18.299999,17.74,17.879999,132800,15.303246
2009-11-09,17.709999,18.17,17.709999,18.129999,89900,15.517218
2009-11-06,17.57,18.120001,17.26,17.620001,140600,15.080717
2009-11-05,17.139999,17.799999,17.129999,17.709999,149200,15.157745
2009-11-04,17.610001,17.75,16.870001,16.90,108500,14.464478
2009-11-03,17.09,17.610001,17.09,17.60,127500,15.063599
2009-11-02,17.530001,17.780001,16.809999,17.290001,138400,14.798275
2009-10-30,17.98,17.98,17.25,17.370001,187700,14.866745
2009-10-29,18.10,18.389999,17.77,18.18,131700,15.560013
2009-10-28,18.549999,18.639999,17.82,17.83,224600,15.260452
2009-10-27,18.65,18.90,18.389999,18.51,243100,15.842455
2009-10-26,18.639999,19.00,18.40,18.469999,142500,15.808219
2009-10-23,19.16,19.299999,18.559999,18.57,202500,15.893808
2009-10-22,19.299999,19.40,19.01,19.190001,176700,16.424458
2009-10-21,19.57,19.860001,19.190001,19.27,201700,16.492929
2009-10-20,20.32,20.48,19.48,19.52,158600,16.706901
2009-10-19,20.540001,20.540001,20.00,20.23,147700,17.314579
2009-10-16,19.65,19.780001,19.360001,19.540001,137700,16.724019
2009-10-15,19.90,19.959999,19.639999,19.74,89600,16.766812
2009-10-14,20.040001,20.15,19.73,19.940001,86600,16.936689
2009-10-13,19.76,19.77,19.530001,19.700001,85400,16.732837
2009-10-12,19.75,19.91,19.57,19.719999,48800,16.749824
2009-10-09,19.60,19.790001,19.35,19.76,115200,16.7838
2009-10-08,19.889999,20.07,19.469999,19.549999,187400,16.605429
2009-10-07,19.690001,19.91,19.58,19.66,80200,16.698861
2009-10-06,19.40,19.959999,19.25,19.83,121800,16.843256
2009-10-05,19.059999,19.450001,18.98,19.280001,101700,16.376097
2009-10-02,19.120001,19.33,18.98,19.030001,102800,16.163751
2009-10-01,19.889999,20.01,19.139999,19.23,128900,16.333627
2009-09-30,20.50,20.540001,19.889999,19.93,158600,16.928195
2009-09-29,20.35,20.700001,20.290001,20.49,84700,17.403849
2009-09-28,20.299999,20.790001,20.139999,20.43,112900,17.352886
2009-09-25,20.23,20.379999,20.08,20.26,86700,17.208491
2009-09-24,20.290001,20.360001,20.00,20.23,353800,17.183009
2009-09-23,20.76,20.889999,20.049999,20.15,135600,17.115059
2009-09-22,20.940001,20.940001,20.559999,20.790001,66400,17.658665
2009-09-21,20.959999,21.08,20.74,20.85,138600,17.709627
2009-09-18,21.02,21.32,20.76,21.10,201700,17.921973
2009-09-17,21.030001,21.389999,20.82,20.950001,92100,17.794566
2009-09-16,20.940001,21.24,20.75,21.129999,98900,17.947453
2009-09-15,20.459999,21.15,20.110001,21.02,196300,17.854022
2009-09-14,20.280001,20.780001,20.25,20.559999,78800,17.463305
2009-09-11,20.84,20.92,20.309999,20.50,48400,17.412343
2009-09-10,20.50,20.870001,20.049999,20.870001,196500,17.726615
2009-09-09,19.959999,20.620001,19.74,20.42,105400,17.344392
2009-09-08,20.040001,20.219999,19.639999,19.870001,137400,16.877233
2009-09-04,19.82,19.90,19.370001,19.82,74400,16.834762
2009-09-03,19.85,19.85,19.23,19.709999,67500,16.74133
2009-09-02,19.370001,19.77,19.26,19.610001,155400,16.656393
2009-09-01,19.91,20.15,19.18,19.360001,157200,16.444047
2009-08-31,20.620001,20.620001,19.98,20.09,182000,17.064096
2009-08-28,21.50,21.68,20.620001,20.700001,100000,17.58222
2009-08-27,21.610001,21.68,20.93,21.43,56700,18.202269
2009-08-26,20.969999,21.74,20.84,21.52,221900,18.278713
2009-08-25,21.08,21.299999,20.90,21.10,93300,17.921973
2009-08-24,20.860001,21.07,20.73,20.940001,118600,17.786072
2009-08-21,21.700001,21.700001,20.74,20.75,250800,17.624689
2009-08-20,21.360001,21.83,21.24,21.389999,108300,18.168293
2009-08-19,21.139999,21.91,21.01,21.459999,117900,18.227749
2009-08-18,21.77,21.77,21.00,21.389999,186000,18.168293
2009-08-17,21.379999,21.379999,21.00,21.139999,129100,17.955947
2009-08-14,21.99,21.99,21.459999,21.68,171900,18.414615
2009-08-13,21.09,22.110001,21.09,22.01,144200,18.694911
2009-08-12,21.68,22.049999,21.68,21.860001,191600,18.567504
2009-08-11,21.700001,21.84,21.42,21.639999,280600,18.380638
2009-08-10,21.860001,22.07,21.43,21.82,164200,18.533528
2009-08-07,21.68,22.00,21.540001,21.93,197900,18.62696
2009-08-06,21.780001,21.790001,21.41,21.49,359500,18.253231
2009-08-05,21.809999,21.860001,21.440001,21.620001,326400,18.363652
2009-08-04,21.200001,21.780001,21.08,21.73,180700,18.457083
2009-08-03,21.43,21.67,20.77,21.41,229300,18.185281
2009-07-31,21.34,21.74,21.209999,21.309999,364000,18.100342
2009-07-30,21.07,21.65,21.01,21.49,259900,18.253231
2009-07-29,21.25,21.25,20.83,20.91,317100,17.76059
2009-07-28,20.879999,21.93,20.40,21.42,555400,18.193775
2009-07-27,20.190001,20.74,20.129999,20.52,353500,17.429331
2009-07-24,20.00,20.639999,20.00,20.120001,242500,17.089578
2009-07-23,19.48,20.35,19.48,20.10,454500,17.07259
2009-07-22,18.860001,19.99,18.57,19.549999,548700,16.605429
2009-07-21,19.18,19.18,18.459999,18.860001,275500,16.019356
2009-07-20,18.969999,19.18,18.700001,18.940001,199700,16.087307
2009-07-17,18.870001,19.00,18.43,18.82,175200,15.98538
2009-07-16,18.52,18.91,18.26,18.82,181900,15.98538
2009-07-15,17.50,18.75,17.50,18.620001,341300,15.688097
2009-07-14,18.08,18.190001,17.809999,18.16,207200,15.300528
2009-07-13,17.389999,18.129999,17.209999,18.00,290100,15.165722
2009-07-10,16.559999,17.41,16.559999,17.33,219600,14.60122
2009-07-09,17.17,17.370001,16.57,16.66,239600,14.036718
2009-07-08,16.51,17.23,15.82,17.139999,549600,14.441137
2009-07-07,16.700001,16.809999,15.77,16.49,415800,13.893486
2009-07-06,15.89,16.90,15.89,16.639999,422400,14.019867
2009-07-02,15.50,15.68,14.93,15.66,489300,13.194178
2009-07-01,15.30,15.86,15.30,15.77,193700,13.286858
2009-06-30,15.49,15.66,15.08,15.11,166500,12.73078
2009-06-29,15.25,15.70,15.02,15.40,161400,12.975117
2009-06-26,15.10,15.35,14.71,15.12,521000,12.739206
2009-06-25,14.76,15.15,14.68,15.15,191100,12.764482
2009-06-24,14.56,15.14,14.56,14.76,116600,12.435892
2009-06-23,14.89,15.11,14.44,14.45,172600,12.174704
2009-06-22,15.30,15.37,14.73,14.74,152300,12.419041
2009-06-19,15.88,15.97,15.21,15.30,216200,12.890863
2009-06-18,15.50,15.92,15.37,15.60,83900,13.143626
2009-06-17,15.35,15.85,15.24,15.55,158000,13.101498
2009-06-16,16.42,16.50,15.17,15.24,265400,12.840311
2009-06-15,16.59,16.870001,15.91,16.139999,305600,13.598596
2009-06-12,15.55,15.89,15.35,15.70,279100,13.227879
2009-06-11,15.52,15.97,15.49,15.60,196800,13.143626
2009-06-10,15.77,15.87,15.06,15.47,177900,13.034095
2009-06-09,15.27,15.84,15.23,15.74,198200,13.261581
2009-06-08,15.65,15.79,14.92,15.14,194500,12.756057
2009-06-05,15.83,15.90,15.51,15.74,112500,13.261581
2009-06-04,15.42,15.77,15.26,15.67,107100,13.202603
2009-06-03,15.50,15.51,15.01,15.36,211600,12.941415
2009-06-02,15.63,15.81,15.42,15.70,259400,13.227879
2009-06-01,15.19,15.78,15.03,15.63,207900,13.168902
2009-05-29,14.97,15.35,14.51,14.93,219400,12.579124
2009-05-28,14.66,15.15,14.52,14.86,225400,12.520145
2009-05-27,15.05,15.35,14.36,14.42,159500,12.149428
2009-05-26,14.48,15.38,14.48,15.20,174400,12.806609
2009-05-22,14.92,15.20,14.51,14.58,115300,12.284234
2009-05-21,14.97,15.30,14.52,14.87,171000,12.528571
2009-05-20,15.14,15.85,15.00,15.12,208300,12.739206
2009-05-19,14.85,15.40,14.71,15.13,189900,12.747632
2009-05-18,14.88,15.10,14.58,15.00,241400,12.638101
2009-05-15,14.45,15.03,14.23,14.73,229200,12.410615
2009-05-14,14.09,14.72,14.09,14.51,171900,12.225257
2009-05-13,14.69,14.87,14.00,14.01,188200,11.803987
2009-05-12,14.87,15.23,14.55,14.98,195500,12.62125
2009-05-11,15.03,15.39,14.71,14.73,257800,12.410615
2009-05-08,15.29,15.39,14.77,15.31,234300,12.899289
2009-05-07,15.00,15.00,14.14,14.58,247600,12.284234
2009-05-06,15.65,15.78,14.55,14.87,289900,12.528571
2009-05-05,15.39,15.60,15.12,15.52,399600,13.076223
2009-05-04,14.90,15.87,14.90,15.43,357700,13.000394
2009-05-01,15.70,15.76,14.61,14.84,340000,12.503295
2009-04-30,14.80,16.110001,14.68,15.69,607500,13.219454
2009-04-29,14.37,15.00,14.21,14.72,330200,12.40219
2009-04-28,13.69,14.58,13.54,14.20,348200,11.964069
2009-04-27,12.85,14.23,12.85,13.79,431000,11.618628
2009-04-24,13.40,13.99,13.33,13.84,411200,11.660755
2009-04-23,13.29,13.43,12.87,13.26,385400,11.172082
2009-04-22,12.38,13.44,12.30,13.32,449800,11.222634
2009-04-21,12.08,12.79,11.01,12.67,376700,10.674983
2009-04-20,12.80,12.98,12.05,12.09,227100,10.18631
2009-04-17,13.19,13.28,12.77,13.19,251000,11.113103
2009-04-16,12.86,13.40,12.74,13.20,271000,10.995147
2009-04-15,12.51,13.10,12.17,12.76,337000,10.628643
2009-04-14,13.44,13.44,12.50,12.52,439100,10.428731
2009-04-13,13.48,13.72,13.23,13.62,159300,11.344993
2009-04-09,13.31,13.68,12.96,13.61,279200,11.336663
2009-04-08,12.91,13.19,12.67,13.01,378200,10.836884
2009-04-07,13.83,14.05,12.92,12.92,356300,10.761917
2009-04-06,13.79,14.16,13.01,14.11,360600,11.753146
2009-04-03,13.51,14.26,12.73,14.25,405800,11.869762
2009-04-02,14.43,15.22,14.43,14.79,248800,12.319563
2009-04-01,13.33,14.41,13.33,14.16,229800,11.794795
2009-03-31,13.40,13.99,13.27,13.55,192100,11.286686
2009-03-30,13.05,13.71,12.65,13.13,223300,10.93684
2009-03-27,14.26,14.26,13.29,13.45,319700,11.203389
2009-03-26,14.05,14.57,13.72,14.54,172300,12.111322
2009-03-25,12.80,14.28,12.80,13.89,232400,11.569894
2009-03-24,13.75,14.28,13.33,13.42,267900,11.1784
2009-03-23,14.15,14.49,12.90,14.48,355800,12.061343
2009-03-20,15.17,15.39,14.26,14.46,182000,12.044685
2009-03-19,14.82,15.24,14.66,15.01,152300,12.502816
2009-03-18,14.40,14.87,14.04,14.66,195900,12.211277
2009-03-17,13.61,14.40,13.48,14.40,151600,11.994706
2009-03-16,13.31,14.03,13.31,13.58,199500,11.311675
2009-03-13,14.20,14.20,13.51,13.81,155700,11.503257
2009-03-12,12.99,14.13,12.71,14.08,190000,11.728157
2009-03-11,13.10,13.39,12.83,13.13,101200,10.93684
2009-03-10,12.35,13.18,12.25,13.06,158300,10.878533
2009-03-09,12.39,12.98,12.03,12.08,130800,10.062226
2009-03-06,12.57,12.87,12.25,12.56,191100,10.46205
2009-03-05,13.13,13.25,12.46,12.48,216800,10.395412
2009-03-04,12.82,13.73,12.79,13.45,266700,11.203389
2009-03-03,13.19,14.03,12.82,13.41,443500,11.17007
2009-03-02,13.91,14.38,12.91,12.99,276700,10.820225
2009-02-27,13.94,14.71,13.94,14.29,253600,11.90308
2009-02-26,14.68,14.84,14.52,14.61,260000,12.169629
2009-02-25,14.86,14.95,14.49,14.50,276400,12.078003
2009-02-24,13.99,14.92,13.91,14.81,278700,12.336223
2009-02-23,14.92,14.93,13.70,13.75,190100,11.453279
2009-02-20,14.85,15.67,14.46,14.83,153500,12.352882
2009-02-19,14.97,15.45,14.77,15.15,129400,12.619431
2009-02-18,15.16,15.24,14.72,14.92,176200,12.427849
2009-02-17,15.47,15.93,15.05,15.06,179500,12.544464
2009-02-13,15.97,16.42,15.87,16.01,102800,13.335782
2009-02-12,15.46,16.040001,15.32,16.00,175900,13.327452
2009-02-11,15.31,15.89,15.31,15.70,152400,13.077562
2009-02-10,15.99,16.35,15.12,15.25,182300,12.702727
2009-02-09,15.92,16.290001,15.85,16.16,144000,13.460726
2009-02-06,15.80,16.139999,15.68,16.030001,179500,13.352441
2009-02-05,15.25,16.24,15.11,15.86,137600,13.210836
2009-02-04,15.84,16.07,15.24,15.39,231800,12.819343
2009-02-03,15.90,16.040001,15.57,15.79,227300,13.152529
2009-02-02,15.00,15.95,14.97,15.80,192400,13.160859
2009-01-30,15.69,15.69,14.98,15.15,157300,12.619431
2009-01-29,16.23,16.23,15.50,15.57,185400,12.969276
2009-01-28,15.91,16.60,15.76,16.379999,154100,13.643978
2009-01-27,15.41,15.86,15.33,15.68,145000,13.060903
2009-01-26,14.66,15.51,14.66,15.31,325000,12.752706
2009-01-23,14.35,14.89,14.30,14.68,217100,12.227937
2009-01-22,15.13,15.34,14.62,14.80,265700,12.327893
2009-01-21,15.19,15.55,14.89,15.47,373300,12.88598
2009-01-20,16.299999,16.299999,14.85,14.90,264600,12.411189
2009-01-16,16.620001,16.77,15.94,16.65,223800,13.868879
2009-01-15,16.27,16.65,15.62,16.48,343100,13.727275
2009-01-14,16.40,17.120001,16.360001,16.42,325200,13.677297
2009-01-13,16.50,16.950001,16.139999,16.860001,382000,13.918858
2009-01-12,16.68,16.90,16.17,16.67,256400,13.762002
2009-01-09,17.90,17.90,16.50,16.549999,194800,13.662935
2009-01-08,17.26,17.76,16.99,17.74,212400,14.645346
2009-01-07,17.90,17.90,16.90,17.27,197900,14.257336
2009-01-06,17.549999,18.370001,17.50,18.16,294600,14.992079
2009-01-05,17.299999,17.620001,16.860001,17.34,191800,14.315124
2009-01-02,17.24,17.379999,16.68,17.129999,165100,14.141757
2008-12-31,16.75,17.379999,16.110001,17.00,138600,14.034435
2008-12-30,16.09,16.68,15.57,16.65,138600,13.745491
2008-12-29,16.389999,16.639999,15.63,15.91,118400,13.13458
2008-12-26,16.719999,16.809999,16.33,16.49,83000,13.613402
2008-12-24,16.51,16.83,16.200001,16.639999,45800,13.737235
2008-12-23,16.459999,16.82,16.23,16.450001,193800,13.580381
2008-12-22,17.01,17.01,15.53,16.25,224900,13.415269
2008-12-19,17.00,17.42,16.450001,16.90,365200,13.95188
2008-12-18,17.129999,17.40,16.559999,16.60,315600,13.704214
2008-12-17,16.42,17.129999,16.27,17.040001,272800,14.067458
2008-12-16,15.88,16.85,15.82,16.549999,309900,13.662935
2008-12-15,16.15,16.469999,15.25,15.64,237000,12.911681
2008-12-12,14.83,16.42,14.30,15.95,342300,13.167603
2008-12-11,15.87,16.40,15.17,15.23,307200,12.573203
2008-12-10,16.309999,16.66,15.07,16.27,263800,13.431781
2008-12-09,15.38,17.040001,15.38,16.07,426700,13.266669
2008-12-08,15.40,16.040001,15.02,15.51,342300,12.804359
2008-12-05,13.83,15.05,13.76,14.96,322300,12.350303
2008-12-04,14.71,15.11,13.63,14.01,235800,11.566026
2008-12-03,13.65,15.30,13.65,14.97,348800,12.358559
2008-12-02,12.94,14.06,12.94,14.04,625800,11.590793
2008-12-01,13.32,14.99,12.61,12.65,418000,10.443271
2008-11-28,13.37,13.63,13.09,13.57,124400,11.202781
2008-11-26,12.98,13.73,12.44,13.50,392700,11.144993
2008-11-25,13.32,13.32,12.16,13.11,522500,10.823026
2008-11-24,12.24,13.44,12.24,12.90,564900,10.64966
2008-11-21,13.23,13.54,11.32,12.02,589400,9.923172
2008-11-20,14.14,14.83,12.88,13.03,345000,10.756982
2008-11-19,15.51,15.80,14.18,14.22,221200,11.739393
2008-11-18,15.71,16.280001,15.18,15.50,331900,12.796103
2008-11-17,16.040001,16.610001,15.66,15.69,226400,12.952958
2008-11-14,16.16,16.98,15.90,16.01,303500,13.217136
2008-11-13,15.91,16.66,15.40,16.32,431400,13.473058
2008-11-12,16.59,16.90,15.83,15.84,227300,13.076792
2008-11-11,17.49,17.629999,16.809999,16.82,189400,13.885835
2008-11-10,18.15,18.27,17.370001,17.709999,126000,14.620579
2008-11-07,17.33,18.10,17.280001,17.90,166700,14.777435
2008-11-06,17.549999,18.16,17.17,17.18,189200,14.183036
2008-11-05,17.84,18.219999,17.52,17.66,194800,14.579302
2008-11-04,18.35,18.60,17.76,18.040001,229400,14.893013
2008-11-03,17.90,18.60,17.120001,17.940001,167900,14.810458
2008-10-31,17.09,18.309999,16.77,17.91,186700,14.78569
2008-10-30,16.65,17.389999,16.40,17.24,185300,14.232568
2008-10-29,16.620001,16.76,15.79,16.16,282900,13.340969
2008-10-28,15.09,16.610001,14.85,16.459999,269200,13.588635
2008-10-27,15.24,16.09,14.69,14.74,255600,12.168681
2008-10-24,14.51,15.85,14.51,15.39,378100,12.705292
2008-10-23,15.00,15.59,14.39,15.09,293900,12.457625
2008-10-22,14.70,15.64,14.57,14.92,242700,12.317281
2008-10-21,15.00,15.75,14.84,14.98,220800,12.242981
2008-10-20,14.65,15.46,14.65,15.36,220200,12.55355
2008-10-17,14.38,15.39,14.08,14.49,247900,11.84251
2008-10-16,13.99,15.42,13.61,14.90,532800,12.177598
2008-10-15,15.34,16.50,14.02,14.08,257200,11.507421
2008-10-14,16.00,16.01,15.09,15.58,279700,12.733354
2008-10-13,17.00,17.00,14.99,15.70,394200,12.831429
2008-10-10,14.50,15.61,13.79,14.88,420600,12.161252
2008-10-09,16.66,16.940001,14.85,14.88,306500,12.161252
2008-10-08,16.65,17.700001,16.02,16.35,286700,13.362667
2008-10-07,18.530001,19.67,17.190001,17.27,196600,14.114572
2008-10-06,18.379999,19.450001,17.40,18.360001,245200,15.005417
2008-10-03,19.48,19.809999,18.51,18.719999,173300,15.299639
2008-10-02,19.67,20.60,19.129999,19.18,176300,15.675593
2008-10-01,19.610001,19.91,19.23,19.90,109000,16.26404
2008-09-30,19.459999,19.93,19.030001,19.780001,188800,16.165966
2008-09-29,20.370001,20.620001,19.120001,19.23,174900,15.716457
2008-09-26,20.799999,21.110001,20.23,20.77,154600,16.975082
2008-09-25,21.02,21.52,20.290001,21.200001,87100,17.326516
2008-09-24,21.379999,21.690001,20.84,20.91,120700,17.089502
2008-09-23,21.65,21.879999,21.200001,21.26,130100,17.375553
2008-09-22,21.700001,21.90,21.209999,21.620001,159400,17.669777
2008-09-19,20.99,21.860001,20.50,21.73,688400,17.759678
2008-09-18,20.58,21.379999,19.27,20.110001,310300,16.435671
2008-09-17,21.879999,21.879999,20.10,20.10,291300,16.427498
2008-09-16,21.74,22.24,21.309999,22.15,287700,18.102939
2008-09-15,22.280001,22.60,21.83,21.83,173800,17.841407
2008-09-12,22.860001,23.059999,22.120001,22.74,250100,18.585139
2008-09-11,22.610001,23.00,22.24,22.959999,197700,18.764942
2008-09-10,23.24,23.33,22.09,23.040001,175000,18.830327
2008-09-09,23.620001,24.049999,22.889999,22.93,122500,18.740425
2008-09-08,23.940001,24.049999,23.08,23.620001,99700,19.304354
2008-09-05,23.33,23.540001,22.85,23.35,85700,19.083686
2008-09-04,23.950001,24.139999,23.219999,23.35,126400,19.083686
2008-09-03,24.00,24.50,23.809999,24.10,225200,19.696652
2008-09-02,24.41,24.49,23.91,24.08,120000,19.680306
2008-08-29,24.309999,24.48,24.049999,24.219999,106000,19.794726
2008-08-28,24.040001,24.379999,23.870001,24.33,98300,19.884628
2008-08-27,23.77,24.190001,23.77,24.00,100200,19.614923
2008-08-26,23.68,24.10,23.389999,23.809999,127600,19.459638
2008-08-25,23.870001,24.15,23.42,23.66,104500,19.337045
2008-08-22,23.83,24.07,23.83,23.969999,77100,19.590404
2008-08-21,23.52,23.860001,23.52,23.68,179000,19.353391
2008-08-20,23.540001,23.99,23.290001,23.639999,182800,19.320699
2008-08-19,23.08,23.42,23.01,23.379999,94100,19.108203
2008-08-18,23.709999,23.77,23.15,23.25,121800,19.001957
2008-08-15,24.25,24.25,23.26,23.51,161100,19.214452
2008-08-14,23.92,24.200001,23.709999,24.049999,92500,19.655787
2008-08-13,23.58,24.08,23.43,23.98,114500,19.598577
2008-08-12,23.530001,23.709999,23.07,23.559999,125600,19.255316
2008-08-11,22.940001,23.620001,22.780001,23.57,116800,19.263489
2008-08-08,22.139999,23.07,22.10,22.959999,187600,18.764942
2008-08-07,22.059999,22.59,21.959999,22.209999,115100,18.151976
2008-08-06,22.379999,22.530001,21.40,22.50,144900,18.38899
2008-08-05,22.629999,22.90,22.290001,22.35,217700,18.266397
2008-08-04,23.110001,23.110001,22.25,22.309999,234700,18.233705
2008-08-01,23.32,23.360001,22.92,23.030001,87900,18.822154
2008-07-31,23.15,23.66,22.450001,23.23,164600,18.985611
2008-07-30,23.26,23.639999,23.08,23.51,188900,19.214452
2008-07-29,22.84,23.23,21.07,23.059999,130900,18.846671
2008-07-28,22.959999,23.01,22.51,22.73,137900,18.576966
2008-07-25,23.059999,23.450001,22.93,23.07,97500,18.854844
2008-07-24,23.49,23.49,22.780001,22.82,147500,18.650522
2008-07-23,23.41,23.57,23.15,23.23,133500,18.985611
2008-07-22,22.43,23.50,22.280001,23.41,272700,19.132723
2008-07-21,22.59,23.34,22.27,22.709999,203700,18.56062
2008-07-18,22.629999,22.77,22.32,22.459999,196400,18.356298
2008-07-17,23.200001,23.200001,22.35,22.57,220200,18.4462
2008-07-16,22.48,23.18,22.01,23.15,228200,18.797634
2008-07-15,22.030001,22.700001,22.030001,22.35,313900,18.14804
2008-07-14,22.860001,23.309999,21.74,22.34,189400,18.13992
2008-07-11,21.969999,22.68,21.17,22.629999,222200,18.375397
2008-07-10,21.799999,22.700001,21.780001,22.209999,265700,18.03436
2008-07-09,23.049999,23.049999,21.82,21.860001,180100,17.750164
2008-07-08,22.09,23.02,22.02,23.02,281400,18.692075
2008-07-07,23.07,23.50,21.950001,22.10,328200,17.945042
2008-07-03,25.450001,25.459999,21.01,23.02,322500,18.692075
2008-07-02,23.559999,23.84,21.17,21.32,365000,17.311687
2008-07-01,22.59,23.49,22.530001,23.370001,225400,18.976273
2008-06-30,23.09,23.67,22.99,23.030001,247000,18.700195
2008-06-27,23.82,23.860001,23.00,23.01,518000,18.683955
2008-06-26,24.059999,24.32,22.780001,23.92,192500,19.422868
2008-06-25,23.75,25.290001,23.41,24.41,480900,19.820745
2008-06-24,22.90,23.27,22.73,22.73,119300,18.456597
2008-06-23,22.629999,23.299999,22.629999,23.030001,144600,18.700195
2008-06-20,23.040001,23.530001,22.58,23.07,296000,18.732674
2008-06-19,23.23,23.440001,22.969999,23.129999,216200,18.781393
2008-06-18,23.17,23.52,23.09,23.24,113200,18.870713
2008-06-17,23.26,23.559999,23.10,23.299999,90700,18.919432
2008-06-16,22.75,23.440001,22.75,23.23,146900,18.862593
2008-06-13,22.450001,23.18,22.389999,23.030001,159600,18.700195
2008-06-12,21.959999,22.530001,21.959999,22.200001,150900,18.026241
2008-06-11,22.379999,22.459999,22.01,22.02,100000,17.880082
2008-06-10,22.290001,22.57,22.18,22.48,122500,18.253598
2008-06-09,22.52,22.889999,22.34,22.559999,130900,18.318558
2008-06-06,22.85,23.120001,22.40,22.40,78400,18.188639
2008-06-05,22.389999,23.030001,22.309999,23.030001,146300,18.700195
2008-06-04,22.15,22.74,22.110001,22.42,98600,18.204879
2008-06-03,22.440001,22.620001,21.98,22.280001,134100,18.091201
2008-06-02,22.65,22.84,21.93,22.43,96600,18.212999
2008-05-30,22.629999,22.82,22.23,22.59,177000,18.342918
2008-05-29,22.370001,22.99,22.209999,22.559999,119800,18.318558
2008-05-28,22.389999,22.469999,21.93,22.469999,93000,18.245478
2008-05-27,21.969999,22.469999,21.969999,22.24,91900,18.05872
2008-05-23,22.51,22.51,21.83,22.02,85900,17.880082
2008-05-22,22.23,22.82,22.23,22.52,103000,18.286079
2008-05-21,22.469999,22.77,22.15,22.219999,126500,18.04248
2008-05-20,21.870001,22.450001,21.870001,22.41,133400,18.196759
2008-05-19,22.16,22.379999,21.940001,21.959999,125400,17.831362
2008-05-16,22.50,22.50,21.870001,22.209999,135900,18.03436
2008-05-15,22.059999,22.450001,22.059999,22.370001,93400,18.16428
2008-05-14,22.030001,22.459999,21.969999,22.129999,81500,17.969401
2008-05-13,22.00,22.219999,21.10,22.00,106400,17.863842
2008-05-12,21.700001,22.190001,21.459999,21.99,149700,17.855722
2008-05-09,21.49,21.75,21.49,21.709999,97200,17.628363
2008-05-08,21.469999,21.690001,21.41,21.68,132200,17.604005
2008-05-07,20.16,21.690001,20.15,21.469999,122000,17.433485
2008-05-06,21.40,21.58,21.200001,21.27,217300,17.271088
2008-05-05,21.620001,21.639999,21.24,21.57,103100,17.514685
2008-05-02,21.889999,21.889999,21.530001,21.629999,193000,17.563404
2008-05-01,21.23,21.84,21.18,21.74,219800,17.652724
2008-04-30,21.040001,21.370001,20.780001,21.200001,259900,17.214248
2008-04-29,21.190001,21.219999,20.870001,20.959999,201300,17.019369
2008-04-28,20.870001,21.26,20.75,21.17,108500,17.189888
2008-04-25,20.969999,21.00,20.450001,20.870001,172800,16.946291
2008-04-24,21.17,21.17,20.34,20.91,170300,16.97877
2008-04-23,21.23,21.469999,20.870001,21.17,134100,17.189888
2008-04-22,21.450001,21.610001,21.08,21.129999,160400,17.157408
2008-04-21,21.309999,21.870001,21.309999,21.60,112600,17.539045
2008-04-18,21.52,21.59,21.00,21.440001,173700,17.409127
2008-04-17,21.43,21.43,20.85,21.09,119200,17.124929
2008-04-16,20.379999,21.50,20.379999,21.48,182400,17.319807
2008-04-15,20.40,20.469999,20.040001,20.26,154700,16.336094
2008-04-14,20.299999,20.559999,20.129999,20.299999,133000,16.368346
2008-04-11,20.639999,20.65,20.18,20.35,195500,16.408663
2008-04-10,20.52,21.00,20.51,20.85,207300,16.811825
2008-04-09,20.940001,20.969999,20.530001,20.549999,193900,16.569927
2008-04-08,21.110001,21.389999,20.67,20.940001,323100,16.884394
2008-04-07,21.67,21.93,21.16,21.16,193300,17.061784
2008-04-04,20.139999,22.40,20.139999,21.48,458200,17.319807
2008-04-03,20.85,21.24,20.85,21.08,156100,16.997279
2008-04-02,21.030001,21.309999,20.040001,21.10,94400,17.013405
2008-04-01,20.77,21.27,20.690001,21.25,109000,17.134353
2008-03-31,20.41,20.65,20.280001,20.530001,161500,16.553802
2008-03-28,20.700001,20.92,20.32,20.34,176500,16.4006
2008-03-27,21.049999,21.209999,20.66,20.709999,162100,16.698939
2008-03-26,21.08,21.280001,20.99,21.07,180400,16.989215
2008-03-25,20.77,21.18,20.700001,21.139999,147500,17.045657
2008-03-24,20.41,21.00,20.41,20.85,122000,16.811825
2008-03-20,20.370001,20.469999,20.00,20.290001,379400,16.360285
2008-03-19,20.48,20.90,20.15,20.16,110400,16.255462
2008-03-18,20.18,20.48,19.780001,20.48,173000,16.513485
2008-03-17,19.559999,20.24,19.559999,19.75,135300,15.92487
2008-03-14,20.68,20.709999,19.92,20.049999,161500,16.166766
2008-03-13,20.030001,20.52,19.559999,20.52,246700,16.545738
2008-03-12,20.84,21.48,19.83,20.370001,258200,16.42479
2008-03-11,20.370001,21.07,20.120001,20.889999,284400,16.844077
2008-03-10,20.459999,20.48,19.790001,19.809999,152300,15.973249
2008-03-07,20.370001,20.82,20.25,20.35,103200,16.408663
2008-03-06,20.68,21.23,20.59,20.620001,193500,16.626371
2008-03-05,20.59,21.09,20.59,20.83,115100,16.795698
2008-03-04,20.34,20.90,20.32,20.51,144100,16.537675
2008-03-03,20.41,20.59,20.09,20.51,161200,16.537675
2008-02-29,20.59,21.27,20.370001,20.440001,196400,16.481233
2008-02-28,21.24,21.24,20.60,20.879999,113200,16.836013
2008-02-27,20.379999,21.40,20.379999,21.370001,246100,17.231113
2008-02-26,20.15,20.75,20.15,20.540001,133900,16.561865
2008-02-25,20.33,20.52,20.07,20.33,165500,16.392537
2008-02-22,20.40,20.66,19.92,20.33,133500,16.392537
2008-02-21,20.870001,20.92,20.35,20.41,103600,16.457042
2008-02-20,20.309999,20.719999,20.10,20.68,118200,16.67475
2008-02-19,20.549999,20.85,20.219999,20.41,137000,16.457042
2008-02-15,20.299999,20.459999,20.040001,20.24,124800,16.319968
2008-02-14,20.76,20.799999,20.25,20.41,157000,16.457042
2008-02-13,20.450001,20.65,20.17,20.629999,255200,16.634433
2008-02-12,20.40,20.73,20.200001,20.450001,154400,16.489296
2008-02-11,20.459999,20.50,19.950001,20.360001,116500,16.416727
2008-02-08,20.370001,20.74,20.110001,20.48,197000,16.513485
2008-02-07,20.26,20.60,20.01,20.459999,165700,16.497358
2008-02-06,20.68,20.959999,20.27,20.33,178600,16.392537
2008-02-05,20.780001,21.25,20.440001,20.48,309900,16.513485
2008-02-04,21.35,21.48,20.790001,21.25,371400,17.134353
2008-02-01,20.540001,21.440001,20.540001,21.32,184800,17.190796
2008-01-31,19.58,20.700001,19.58,20.389999,141300,16.440916
2008-01-30,19.959999,20.690001,19.76,19.77,180400,15.940996
2008-01-29,20.49,20.49,19.950001,20.049999,100900,16.166766
2008-01-28,19.940001,20.450001,19.559999,20.33,95600,16.392537
2008-01-25,20.01,20.50,19.83,20.02,143800,16.142577
2008-01-24,19.59,20.15,19.00,19.83,210500,15.989375
2008-01-23,18.200001,19.74,17.879999,19.559999,341400,15.771668
2008-01-22,18.23,20.83,18.23,19.10,503800,15.40076
2008-01-18,19.370001,19.889999,18.719999,19.030001,431100,15.344318
2008-01-17,20.360001,20.389999,19.10,19.379999,347800,15.62653
2008-01-16,20.23,20.83,20.129999,20.209999,301000,16.295777
2008-01-15,20.139999,20.379999,19.75,20.219999,217500,16.186924
2008-01-14,20.610001,20.67,20.18,20.360001,119100,16.299
2008-01-11,20.690001,20.940001,20.09,20.469999,212000,16.387059
2008-01-10,20.32,21.129999,19.940001,20.90,201400,16.731291
2008-01-09,19.98,20.57,19.50,20.52,236600,16.427087
2008-01-08,21.00,21.309999,19.719999,19.99,333200,16.0028
2008-01-07,22.00,22.129999,20.58,20.940001,351100,16.763314
2008-01-04,22.48,22.50,21.40,21.889999,292700,17.523826
2008-01-03,20.959999,21.280001,20.809999,21.09,182900,16.883394
2008-01-02,21.469999,21.629999,20.82,21.01,130900,16.819351
2007-12-31,21.049999,22.00,21.02,21.549999,164400,17.251642
2007-12-28,21.60,22.059999,21.049999,21.09,83100,16.883394
2007-12-27,22.25,22.34,21.34,21.35,124500,17.091535
2007-12-26,22.60,22.60,22.00,22.209999,118900,17.779999
2007-12-24,22.389999,22.98,22.290001,22.780001,53200,18.236308
2007-12-21,22.049999,22.809999,21.92,22.35,500400,17.892075
2007-12-20,21.25,21.620001,20.799999,21.58,176500,17.275659
2007-12-19,21.440001,21.57,20.889999,21.02,101200,16.827357
2007-12-18,20.610001,22.76,20.58,21.52,186600,17.227627
2007-12-17,20.82,21.280001,20.51,20.93,126900,16.755308
2007-12-14,21.610001,21.629999,20.92,20.92,110900,16.747302
2007-12-13,21.299999,22.01,21.08,21.85,86700,17.491805
2007-12-12,21.809999,21.90,21.280001,21.440001,110200,17.163584
2007-12-11,22.139999,22.32,20.959999,20.99,118700,16.80334
2007-12-10,22.200001,22.309999,21.879999,22.030001,75500,17.635903
2007-12-07,22.33,22.67,21.75,22.110001,99300,17.699946
2007-12-06,21.32,22.200001,20.74,22.200001,176700,17.771995
2007-12-05,21.32,21.58,20.98,21.280001,87200,17.035497
2007-12-04,20.99,21.280001,20.84,20.99,99000,16.80334
2007-12-03,21.60,21.60,21.09,21.10,115300,16.8914
2007-11-30,21.950001,22.09,21.10,21.559999,219400,17.259648
2007-11-29,21.84,22.290001,21.530001,21.639999,145500,17.323691
2007-11-28,22.030001,22.299999,21.799999,21.85,218600,17.491805
2007-11-27,21.07,22.139999,20.790001,21.75,216800,17.411751
2007-11-26,21.530001,21.879999,20.940001,20.969999,149700,16.787329
2007-11-23,21.299999,21.860001,20.98,21.549999,69000,17.251642
2007-11-21,21.58,21.77,21.059999,21.110001,107600,16.899406
2007-11-20,21.549999,22.059999,21.040001,21.690001,140500,17.363719
2007-11-19,21.90,21.90,21.32,21.51,177800,17.219621
2007-11-16,21.67,23.10,21.58,22.09,339600,17.683935
2007-11-15,21.27,21.389999,20.91,21.23,102500,16.99547
2007-11-14,21.700001,21.700001,21.209999,21.360001,105700,17.099541
2007-11-13,21.42,21.91,20.799999,21.620001,188600,17.307681
2007-11-12,21.27,22.209999,20.93,21.18,162600,16.955443
2007-11-09,21.49,21.959999,20.75,21.25,189500,17.011481
2007-11-08,21.629999,22.049999,21.00,21.73,187200,17.39574
2007-11-07,21.77,22.23,21.40,21.450001,209100,17.171589
2007-11-06,21.41,22.09,21.24,22.049999,121700,17.651912
2007-11-05,21.68,21.73,21.01,21.379999,120500,17.11555
2007-11-02,22.18,23.110001,21.370001,21.93,133800,17.555848
2007-11-01,23.280001,23.379999,21.860001,22.00,233200,17.611886
2007-10-31,23.540001,23.75,22.940001,23.610001,179600,18.900756
2007-10-30,23.34,23.639999,23.200001,23.40,190000,18.732642
2007-10-29,23.43,23.639999,23.200001,23.40,145300,18.732642
2007-10-26,23.280001,23.870001,23.01,23.18,100500,18.556524
2007-10-25,22.91,23.58,22.860001,22.93,190300,18.356389
2007-10-24,22.99,23.50,22.690001,22.93,169600,18.356389
2007-10-23,24.00,24.00,22.969999,23.07,296500,18.468464
2007-10-22,22.639999,23.99,22.120001,23.92,357800,19.148923
2007-10-19,23.10,24.10,22.469999,22.610001,496300,18.100216
2007-10-18,23.32,24.75,22.75,22.780001,750000,18.12023
2007-10-17,21.33,21.360001,20.76,20.950001,280400,16.664566
2007-10-16,20.690001,21.209999,20.690001,21.00,262700,16.704338
2007-10-15,21.040001,21.040001,20.25,20.780001,264300,16.529341
2007-10-12,20.67,21.049999,20.43,21.049999,453200,16.74411
2007-10-11,20.959999,21.32,20.370001,20.709999,172200,16.473658
2007-10-10,20.42,20.83,20.35,20.83,143100,16.569112
2007-10-09,20.639999,20.83,20.309999,20.48,144100,16.290706
2007-10-08,21.00,21.00,20.440001,20.559999,145900,16.354342
2007-10-05,21.139999,21.15,20.940001,21.040001,129700,16.736157
2007-10-04,20.780001,21.120001,20.620001,20.92,98600,16.640703
2007-10-03,20.92,20.98,20.549999,20.700001,141800,16.465705
2007-10-02,21.08,21.17,20.809999,21.08,151900,16.767974
2007-10-01,19.690001,21.280001,19.690001,21.049999,185600,16.74411
2007-09-28,20.299999,20.68,19.57,19.73,249300,15.694123
2007-09-27,20.280001,20.76,20.190001,20.360001,134300,16.195254
2007-09-26,20.450001,20.58,20.01,20.16,136300,16.036164
2007-09-25,20.41,20.43,19.91,20.32,140200,16.163435
2007-09-24,20.709999,20.77,20.360001,20.50,193900,16.306616
2007-09-21,20.940001,21.34,20.620001,20.620001,485800,16.40207
2007-09-20,20.92,21.030001,20.27,20.74,255100,16.497522
2007-09-19,20.33,21.459999,20.33,20.92,228300,16.640703
2007-09-18,19.629999,20.360001,19.43,20.16,355800,16.036164
2007-09-17,19.530001,19.66,19.50,19.530001,312600,15.535035
2007-09-14,19.700001,19.73,19.23,19.549999,211500,15.550943
2007-09-13,20.549999,20.549999,19.73,19.799999,131300,15.749804
2007-09-12,21.18,21.18,20.389999,20.42,109800,16.24298
2007-09-11,21.309999,21.33,20.99,21.219999,120100,16.879335
2007-09-10,21.25,21.25,20.60,20.969999,130700,16.680474
2007-09-07,21.110001,21.25,20.91,21.25,151500,16.903199
2007-09-06,21.50,21.65,21.26,21.40,96700,17.022516
2007-09-05,21.50,21.530001,20.799999,21.469999,140300,17.078196
2007-09-04,21.530001,21.83,21.299999,21.65,97700,17.221377
2007-08-31,21.67,21.85,21.16,21.540001,83300,17.133879
2007-08-30,21.219999,21.65,21.120001,21.32,92000,16.95888
2007-08-29,20.610001,21.43,20.50,21.35,86500,16.982744
2007-08-28,21.25,21.25,20.41,20.450001,139600,16.266844
2007-08-27,21.870001,21.870001,21.200001,21.35,97400,16.982744
2007-08-24,21.299999,21.90,21.299999,21.90,136800,17.420238
2007-08-23,21.01,21.360001,20.73,21.25,132100,16.903199
2007-08-22,20.68,21.23,20.549999,20.870001,167700,16.600931
2007-08-21,20.08,20.700001,19.620001,20.49,219600,16.298661
2007-08-20,20.15,20.530001,19.82,19.98,278500,15.892984
2007-08-17,20.76,20.76,19.82,20.040001,365000,15.940712
2007-08-16,19.76,20.110001,19.00,19.82,326800,15.765713
2007-08-15,20.049999,21.07,19.809999,19.85,202400,15.789577
2007-08-14,20.52,20.91,20.200001,20.209999,243100,16.075936
2007-08-13,20.75,22.91,20.58,20.58,301100,16.370251
2007-08-10,19.940001,22.459999,19.60,20.59,518800,16.378206
2007-08-09,20.690001,20.75,19.60,20.030001,813000,15.932757
2007-08-08,20.84,21.32,20.77,21.00,632500,16.704338
2007-08-07,21.809999,21.809999,19.93,20.700001,528000,16.465705
2007-08-06,22.049999,22.34,21.040001,21.90,446900,17.420238
2007-08-03,22.799999,22.84,21.93,21.99,262500,17.491828
2007-08-02,22.57,22.99,22.129999,22.889999,171500,18.207728
2007-08-01,23.15,23.379999,22.17,22.58,227600,17.961141
2007-07-31,22.85,24.00,22.85,23.219999,304800,18.470225
2007-07-30,22.469999,22.77,21.98,22.48,193600,17.881596
2007-07-27,22.870001,23.26,22.459999,22.49,283900,17.88955
2007-07-26,23.08,23.24,22.549999,22.90,226300,18.215683
2007-07-25,23.790001,24.15,23.08,23.370001,178300,18.589543
2007-07-24,24.559999,24.77,23.549999,23.74,156800,18.883856
2007-07-23,24.469999,25.209999,24.469999,24.860001,142900,19.774755
2007-07-20,24.76,24.76,24.15,24.450001,194300,19.448623
2007-07-19,25.00,25.27,24.719999,24.809999,184000,19.734982
2007-07-18,25.440001,25.48,24.610001,24.98,259800,19.870207
2007-07-17,25.780001,25.950001,24.99,25.549999,124400,20.208271
2007-07-16,25.68,25.940001,25.59,25.82,182400,20.421822
2007-07-13,25.93,25.950001,25.59,25.82,123800,20.421822
2007-07-12,25.360001,25.969999,25.360001,25.950001,235900,20.524644
2007-07-11,25.01,25.40,24.82,25.299999,216300,20.010538
2007-07-10,24.99,25.25,24.610001,25.08,309200,19.836534
2007-07-09,24.620001,25.049999,24.620001,25.030001,214500,19.796988
2007-07-06,24.950001,24.950001,24.379999,24.530001,126000,19.401523
2007-07-05,24.41,24.57,24.09,24.50,188100,19.377795
2007-07-03,24.299999,24.59,23.940001,24.440001,224200,19.330339
2007-07-02,24.24,24.379999,23.969999,24.33,449300,19.243336
2007-06-29,23.700001,24.99,22.76,24.33,662500,19.243336
2007-06-28,22.719999,22.75,22.25,22.469999,175600,17.772205
2007-06-27,21.809999,22.709999,21.77,22.67,220200,17.930392
2007-06-26,22.00,22.23,21.85,21.969999,183100,17.37674
2007-06-25,21.549999,22.030001,21.49,21.93,176100,17.345104
2007-06-22,21.66,21.82,21.549999,21.60,360400,17.084097
2007-06-21,21.379999,21.75,21.379999,21.68,198000,17.147371
2007-06-20,21.700001,21.889999,21.33,21.389999,126300,16.918001
2007-06-19,21.379999,21.889999,21.34,21.68,303700,17.147371
2007-06-18,21.50,21.57,21.290001,21.43,204600,16.949639
2007-06-15,21.389999,21.51,21.209999,21.50,546000,17.005003
2007-06-14,21.299999,21.49,21.049999,21.10,447000,16.688632
2007-06-13,21.27,21.860001,20.870001,21.309999,1180000,16.854726
2007-06-12,23.84,24.059999,23.639999,23.959999,171700,18.950691
2007-06-11,23.99,24.18,23.90,24.00,127300,18.982329
2007-06-08,23.799999,24.200001,23.799999,24.01,183000,18.990239
2007-06-07,24.040001,24.129999,23.51,23.719999,216200,18.760868
2007-06-06,24.120001,24.290001,23.790001,24.059999,122100,19.029785
2007-06-05,24.40,24.450001,24.209999,24.309999,203900,19.227517
2007-06-04,24.23,24.50,24.23,24.50,163900,19.377795
2007-06-01,24.35,24.469999,24.16,24.27,189900,19.195881
2007-05-31,24.200001,24.50,24.15,24.190001,267700,19.132607
2007-05-30,24.01,24.25,23.940001,24.17,138100,19.116788
2007-05-29,24.26,24.27,23.99,24.26,104100,19.187971
2007-05-25,24.26,24.40,24.00,24.16,116000,19.108878
2007-05-24,24.059999,24.50,24.059999,24.09,196600,19.053513
2007-05-23,24.18,24.379999,23.93,24.09,209700,19.053513
2007-05-22,23.51,24.25,23.469999,24.209999,239400,19.148424
2007-05-21,23.02,23.540001,23.02,23.469999,99100,18.563136
2007-05-18,23.26,23.26,22.77,23.110001,88000,18.278402
2007-05-17,22.90,23.26,22.799999,23.15,126400,18.310038
2007-05-16,23.059999,23.17,22.58,23.00,127700,18.191399
2007-05-15,23.129999,23.60,22.90,23.059999,148100,18.238854
2007-05-14,23.610001,23.610001,22.99,23.200001,161200,18.349586
2007-05-11,23.450001,23.74,23.25,23.540001,157800,18.618502
2007-05-10,23.59,23.610001,23.030001,23.16,138400,18.317948
2007-05-09,23.940001,24.01,23.48,23.799999,99200,18.824143
2007-05-08,23.809999,24.02,23.52,24.02,121700,18.998148
2007-05-07,24.040001,24.17,23.709999,23.889999,117500,18.895327
2007-05-04,23.870001,24.17,23.84,24.110001,124100,19.069332
2007-05-03,24.02,24.24,23.90,24.01,220800,18.990239
2007-05-02,23.27,23.889999,23.219999,23.73,146700,18.768778
2007-05-01,22.940001,23.200001,22.700001,23.200001,208200,18.349586
2007-04-30,24.110001,24.18,23.15,23.16,242800,18.317948
2007-04-27,24.09,24.209999,23.870001,23.99,156300,18.97442
2007-04-26,23.780001,24.01,23.559999,23.98,198500,18.96651
2007-04-25,23.25,23.85,23.25,23.74,158900,18.776687
2007-04-24,23.280001,23.40,23.129999,23.15,136100,18.310038
2007-04-23,23.280001,23.559999,23.23,23.26,159100,18.397041
2007-04-20,23.58,23.58,23.219999,23.370001,183200,18.484044
2007-04-19,22.629999,23.25,22.629999,23.200001,236300,18.349586
2007-04-18,22.940001,23.00,22.690001,22.75,145700,17.993666
2007-04-17,22.959999,23.00,22.610001,23.00,127600,18.191399
2007-04-16,22.379999,23.190001,22.379999,23.049999,265600,18.11626
2007-04-13,22.110001,22.18,21.969999,22.07,162000,17.346024
2007-04-12,22.030001,22.209999,22.00,22.02,217400,17.306727
2007-04-11,22.120001,22.15,21.709999,22.059999,260900,17.338165
2007-04-10,22.10,22.280001,22.00,22.07,142400,17.346024
2007-04-09,22.00,22.16,21.219999,22.02,262300,17.306727
2007-04-05,22.34,22.99,21.93,22.17,545300,17.42462
2007-04-04,23.799999,23.799999,22.870001,22.90,369700,17.998367
2007-04-03,24.07,24.10,23.77,23.790001,177700,18.697868
2007-04-02,23.719999,24.60,23.719999,24.07,203900,18.917934
2007-03-30,23.219999,23.700001,23.139999,23.559999,252600,18.517097
2007-03-29,23.42,23.48,22.99,23.23,123800,18.257732
2007-03-28,22.58,23.32,22.58,23.18,248400,18.218435
2007-03-27,22.73,22.73,22.379999,22.540001,178200,17.715424
2007-03-26,22.620001,23.049999,22.459999,22.74,372100,17.872614
2007-03-23,20.959999,22.68,20.549999,22.50,936600,17.683985
2007-03-22,22.049999,22.209999,21.879999,22.030001,162100,17.314587
2007-03-21,21.440001,22.07,21.32,22.059999,69300,17.338165
2007-03-20,21.25,21.50,21.10,21.370001,104800,16.795857
2007-03-19,20.889999,21.40,20.889999,21.219999,76700,16.677962
2007-03-16,21.110001,21.290001,20.780001,20.799999,215800,16.347861
2007-03-15,20.879999,21.120001,20.82,21.120001,93200,16.599368
2007-03-14,21.00,21.200001,20.66,20.83,169400,16.37144
2007-03-13,20.889999,21.10,20.65,20.75,169000,16.308564
2007-03-12,20.90,21.059999,20.66,21.040001,69600,16.536492
2007-03-09,20.67,20.90,20.559999,20.860001,62000,16.39502
2007-03-08,20.809999,21.110001,20.389999,20.540001,123000,16.143514
2007-03-07,21.00,21.200001,20.549999,20.57,105400,16.167092
2007-03-06,20.59,21.07,20.59,20.969999,131500,16.481474
2007-03-05,20.469999,21.00,20.299999,20.309999,127900,15.962743
2007-03-02,21.10,21.790001,20.610001,20.66,222000,16.237828
2007-03-01,20.690001,21.379999,20.52,21.030001,114500,16.528632
2007-02-28,20.85,21.77,20.85,21.09,314900,16.575789
2007-02-27,20.809999,21.129999,20.50,20.549999,203600,16.151372
2007-02-26,21.200001,21.450001,21.040001,21.18,105000,16.646525
2007-02-23,21.139999,21.52,21.110001,21.15,98200,16.622946
2007-02-22,21.17,21.48,20.92,21.120001,105300,16.599368
2007-02-21,21.030001,21.48,21.01,21.190001,80800,16.654385
2007-02-20,20.620001,21.15,20.52,21.110001,162100,16.591508
2007-02-16,20.60,20.75,20.370001,20.59,81300,16.182811
2007-02-15,20.85,20.85,20.549999,20.59,82200,16.182811
2007-02-14,21.120001,21.120001,20.57,20.66,84200,16.237828
2007-02-13,20.66,21.09,20.549999,21.08,145100,16.567929
2007-02-12,20.450001,20.709999,20.450001,20.559999,93800,16.159232
2007-02-09,20.48,20.889999,20.35,20.379999,66200,16.01776
2007-02-08,20.76,20.76,20.41,20.440001,60300,16.064918
2007-02-07,20.68,20.90,20.49,20.719999,79300,16.284985
2007-02-06,20.43,20.76,20.35,20.59,110100,16.182811
2007-02-05,20.75,20.84,20.15,20.290001,243600,15.947025
2007-02-02,20.98,21.00,20.76,20.76,94700,16.316424
2007-02-01,20.93,21.190001,20.74,20.969999,113900,16.481474
2007-01-31,21.02,21.02,20.60,20.879999,183400,16.410737
2007-01-30,20.52,21.110001,20.52,20.99,146900,16.497193
2007-01-29,20.559999,20.73,20.379999,20.43,147600,16.057059
2007-01-26,20.65,20.68,20.18,20.629999,79800,16.214249
2007-01-25,21.040001,21.08,20.450001,20.540001,89000,16.143514
2007-01-24,21.07,21.120001,20.879999,20.98,124300,16.489333
2007-01-23,20.60,21.26,20.60,20.99,152200,16.497193
2007-01-22,21.200001,21.200001,20.440001,20.52,146600,16.127795
2007-01-19,20.620001,21.450001,20.35,20.90,162500,16.426457
2007-01-18,20.74,20.83,20.299999,20.459999,159200,16.080636
2007-01-17,20.540001,20.780001,20.49,20.719999,137100,16.284985
2007-01-16,21.58,21.719999,20.610001,20.66,303400,16.116005
2007-01-12,20.860001,21.709999,20.719999,21.540001,302700,16.802457
2007-01-11,20.700001,21.299999,20.50,20.809999,343400,16.233013
2007-01-10,19.889999,20.00,19.60,19.90,199600,15.52316
2007-01-09,19.940001,20.01,19.66,19.969999,235900,15.577764
2007-01-08,19.92,20.15,19.76,19.959999,167700,15.569963
2007-01-05,20.129999,20.549999,19.77,19.969999,307200,15.577764
2007-01-04,19.74,21.290001,19.74,20.280001,432500,15.819583
2007-01-03,22.450001,22.90,21.93,22.209999,167300,17.325095
2006-12-29,22.129999,22.610001,22.129999,22.25,218800,17.356298
2006-12-28,22.120001,22.469999,22.10,22.200001,112500,17.317295
2006-12-27,21.610001,22.290001,21.59,22.09,121900,17.231489
2006-12-26,21.02,21.969999,21.02,21.52,173400,16.786855
2006-12-22,20.82,21.139999,20.790001,20.969999,85100,16.357823
2006-12-21,20.940001,21.23,20.700001,20.790001,111800,16.217413
2006-12-20,21.190001,21.290001,20.860001,21.00,130900,16.381225
2006-12-19,20.98,21.43,20.92,21.139999,154500,16.490433
2006-12-18,21.59,22.030001,20.99,21.040001,139300,16.412428
2006-12-15,21.879999,22.190001,21.57,21.59,260800,16.841459
2006-12-14,21.809999,22.24,21.700001,21.879999,86800,17.067675
2006-12-13,21.99,22.18,21.59,21.719999,161600,16.942866
2006-12-12,22.200001,22.290001,21.549999,21.959999,111400,17.13008
2006-12-11,22.549999,22.75,22.190001,22.23,109700,17.340696
2006-12-08,22.719999,22.870001,22.370001,22.639999,87500,17.66052
2006-12-07,22.91,23.120001,22.719999,22.75,71300,17.746327
2006-12-06,22.860001,23.030001,22.700001,22.83,75100,17.808731
2006-12-05,23.16,23.50,22.82,22.99,101700,17.933541
2006-12-04,22.639999,23.08,22.549999,23.030001,78500,17.964744
2006-12-01,22.709999,23.07,22.030001,22.51,106500,17.559113
2006-11-30,22.98,22.98,22.41,22.76,397100,17.754128
2006-11-29,22.66,22.92,22.450001,22.610001,242200,17.637119
2006-11-28,22.43,22.870001,22.16,22.549999,158800,17.590315
2006-11-27,23.25,23.35,22.450001,22.530001,213500,17.574715
2006-11-24,23.43,23.440001,23.290001,23.32,23600,18.19096
2006-11-22,23.93,23.950001,23.459999,23.48,46500,18.315769
2006-11-21,23.799999,23.950001,23.65,23.93,121300,18.666796
2006-11-20,23.52,23.719999,23.290001,23.610001,82100,18.417178
2006-11-17,24.200001,24.209999,23.48,23.549999,146300,18.370373
2006-11-16,24.07,24.24,24.049999,24.200001,92600,18.877412
2006-11-15,24.110001,24.25,23.940001,24.040001,224000,18.752603
2006-11-14,24.50,24.540001,24.059999,24.209999,196200,18.885211
2006-11-13,24.52,24.75,24.33,24.549999,89900,19.150431
2006-11-10,24.24,24.610001,24.24,24.60,71100,19.189435
2006-11-09,24.82,24.83,24.01,24.200001,215900,18.877412
2006-11-08,24.33,24.889999,24.33,24.690001,54100,19.25964
2006-11-07,24.700001,25.00,24.34,24.360001,175600,19.002221
2006-11-06,24.50,24.76,24.450001,24.700001,143800,19.267441
2006-11-03,24.700001,24.85,24.16,24.610001,138800,19.197236
2006-11-02,24.00,24.379999,23.75,24.26,134600,18.924215
2006-11-01,24.26,24.33,23.860001,24.110001,200200,18.807207
2006-10-31,24.559999,24.67,23.99,24.209999,240300,18.885211
2006-10-30,24.450001,24.85,24.209999,24.60,124100,19.189435
2006-10-27,24.959999,24.959999,24.42,24.49,57400,19.103628
2006-10-26,24.77,25.00,24.40,24.950001,118000,19.462456
2006-10-25,25.00,25.01,24.440001,24.73,108100,19.290842
2006-10-24,25.00,25.01,24.60,24.940001,167800,19.454655
2006-10-23,24.60,25.24,24.41,25.040001,204800,19.532661
2006-10-20,24.889999,25.02,24.290001,24.75,201200,19.306444
2006-10-19,24.059999,24.77,23.700001,24.74,208200,19.298643
2006-10-18,24.00,24.25,23.93,24.16,205900,18.7331
2006-10-17,23.83,24.00,23.690001,24.00,74200,18.60904
2006-10-16,24.00,24.049999,23.82,24.00,101100,18.60904
2006-10-13,23.93,24.10,23.870001,23.940001,157300,18.562518
2006-10-12,23.440001,23.84,23.43,23.84,150100,18.48498
2006-10-11,23.209999,23.57,23.10,23.280001,73000,18.05077
2006-10-10,23.450001,23.60,22.610001,23.379999,186000,18.128306
2006-10-09,22.809999,23.43,22.719999,23.34,130500,18.097292
2006-10-06,23.360001,23.66,22.860001,22.92,127400,17.771634
2006-10-05,23.049999,23.74,22.98,23.49,212400,18.213598
2006-10-04,23.00,23.049999,22.74,22.98,200700,17.818156
2006-10-03,22.559999,23.00,22.219999,22.49,305800,17.438221
2006-10-02,23.43,23.629999,22.549999,22.629999,255500,17.546774
2006-09-29,23.58,23.950001,23.51,23.51,138100,18.229106
2006-09-28,24.049999,24.10,23.610001,23.65,121500,18.337658
2006-09-27,23.639999,23.950001,23.59,23.950001,70300,18.570272
2006-09-26,23.790001,23.950001,23.49,23.790001,84100,18.446212
2006-09-25,23.51,23.85,23.450001,23.74,62400,18.407442
2006-09-22,23.77,23.790001,23.15,23.42,95600,18.159322
2006-09-21,23.85,23.950001,23.549999,23.76,68900,18.42295
2006-09-20,23.540001,23.860001,23.51,23.700001,97100,18.376428
2006-09-19,23.75,23.799999,23.139999,23.360001,103200,18.1128
2006-09-18,23.549999,23.75,23.299999,23.709999,197600,18.38418
2006-09-15,23.969999,24.049999,23.60,23.67,518400,18.353166
2006-09-14,23.76,23.91,23.66,23.73,80000,18.399688
2006-09-13,23.76,23.91,23.559999,23.76,101800,18.42295
2006-09-12,22.60,23.700001,22.60,23.690001,85700,18.368674
2006-09-11,23.17,23.23,22.51,22.65,121600,17.562281
2006-09-08,23.360001,23.629999,23.290001,23.360001,82000,18.1128
2006-09-07,23.51,23.75,23.34,23.370001,104100,18.120554
2006-09-06,23.58,23.76,23.40,23.67,117000,18.353166
2006-09-05,23.75,23.92,23.42,23.780001,97000,18.438458
2006-09-01,23.67,23.950001,23.40,23.780001,84800,18.438458
2006-08-31,23.190001,23.870001,23.190001,23.59,176500,18.291136
2006-08-30,22.74,23.40,22.74,23.049999,161900,17.872432
2006-08-29,22.940001,22.99,22.360001,22.639999,205100,17.554528
2006-08-28,22.459999,23.049999,22.41,22.92,126300,17.771634
2006-08-25,22.309999,22.610001,22.309999,22.50,118600,17.445975
2006-08-24,22.49,22.68,22.200001,22.440001,103700,17.399453
2006-08-23,22.90,22.959999,22.34,22.49,169700,17.438221
2006-08-22,22.42,23.00,22.42,22.809999,164100,17.686342
2006-08-21,22.370001,22.82,22.190001,22.50,131900,17.445975
2006-08-18,22.60,22.73,22.35,22.52,223700,17.461483
2006-08-17,22.459999,22.799999,22.459999,22.49,205700,17.438221
2006-08-16,22.809999,23.110001,22.50,22.59,177800,17.515759
2006-08-15,22.690001,23.290001,22.440001,22.66,95900,17.570035
2006-08-14,22.370001,22.85,22.219999,22.440001,126300,17.399453
2006-08-11,22.129999,22.360001,22.030001,22.18,122800,17.197855
2006-08-10,21.870001,22.389999,21.75,22.209999,170400,17.221115
2006-08-09,22.280001,22.629999,21.92,21.959999,180700,17.027271
2006-08-08,21.92,22.50,21.870001,22.08,172100,17.120317
2006-08-07,21.629999,22.190001,21.40,21.93,175200,17.004011
2006-08-04,22.299999,22.690001,21.639999,21.73,211600,16.848935
2006-08-03,21.879999,22.459999,21.809999,22.030001,169700,17.081549
2006-08-02,22.059999,22.540001,21.83,22.040001,102000,17.089303
2006-08-01,21.809999,22.059999,21.49,21.940001,157900,17.011765
2006-07-31,21.65,22.200001,21.549999,21.940001,356200,17.011765
2006-07-28,21.309999,21.940001,21.219999,21.620001,237800,16.763644
2006-07-27,22.110001,22.25,21.15,21.17,270000,16.414724
2006-07-26,22.09,22.540001,21.34,21.969999,194300,17.035025
2006-07-25,22.690001,22.76,21.799999,22.209999,285600,17.221115
2006-07-24,22.15,22.790001,21.940001,22.76,120500,17.647573
2006-07-21,23.299999,23.299999,21.870001,22.040001,182300,17.089303
2006-07-20,24.120001,24.190001,23.07,23.32,182000,18.081784
2006-07-19,23.309999,24.09,22.91,24.059999,182200,18.655562
2006-07-18,22.07,23.610001,22.07,23.309999,167900,17.961601
2006-07-17,22.76,22.76,21.77,22.00,231500,16.952176
2006-07-14,22.42,22.68,21.780001,22.43,205700,17.283515
2006-07-13,23.219999,23.27,22.34,22.459999,148700,17.30663
2006-07-12,22.879999,23.76,22.48,23.309999,221600,17.961601
2006-07-11,22.370001,23.15,22.10,22.969999,250900,17.699613
2006-07-10,21.91,22.75,21.90,22.32,139000,17.198753
2006-07-07,22.50,23.690001,21.780001,21.780001,163900,16.782655
2006-07-06,22.73,23.01,22.309999,23.00,66800,17.72273
2006-07-05,22.35,22.84,22.02,22.59,189800,17.406803
2006-07-03,23.00,23.00,22.280001,22.450001,76900,17.298926
2006-06-30,22.84,22.99,22.17,22.889999,472200,17.637968
2006-06-29,22.200001,22.969999,21.82,22.709999,225900,17.499269
2006-06-28,21.950001,22.059999,21.389999,21.969999,99800,16.929059
2006-06-27,22.51,22.74,21.559999,21.799999,125600,16.798065
2006-06-26,22.10,22.73,22.02,22.459999,57600,17.30663
2006-06-23,21.879999,22.26,21.76,22.01,60600,16.959882
2006-06-22,22.09,22.34,21.77,21.98,90100,16.936765
2006-06-21,22.209999,22.65,22.01,22.200001,79800,17.106288
2006-06-20,22.129999,22.360001,21.84,22.120001,90400,17.044643
2006-06-19,22.93,22.93,21.91,22.07,89400,17.006115
2006-06-16,23.15,23.50,22.68,22.82,532100,17.58403
2006-06-15,22.620001,23.34,22.49,23.129999,96400,17.822901
2006-06-14,21.98,22.49,21.610001,22.48,195700,17.322042
2006-06-13,22.379999,22.76,21.76,22.030001,155600,16.975293
2006-06-12,22.75,22.879999,22.08,22.24,131400,17.137109
2006-06-09,22.870001,23.18,22.709999,22.780001,90100,17.553209
2006-06-08,23.110001,23.110001,21.969999,22.90,130800,17.645674
2006-06-07,23.43,23.74,23.10,23.25,88000,17.915368
2006-06-06,23.92,23.92,23.040001,23.469999,132100,18.084889
2006-06-05,24.25,24.540001,23.59,23.76,205600,18.308351
2006-06-02,24.610001,24.66,24.00,24.370001,208600,18.778389
2006-06-01,24.219999,24.690001,24.200001,24.459999,187000,18.847737
2006-05-31,23.790001,24.18,23.719999,24.15,200000,18.608866
2006-05-30,24.09,24.52,23.66,23.67,136800,18.239001
2006-05-26,24.559999,24.559999,23.99,24.09,69700,18.562633
2006-05-25,24.389999,24.43,23.99,24.43,183200,18.824621
2006-05-24,24.00,24.370001,23.75,24.18,228600,18.631983
2006-05-23,24.16,24.68,23.950001,24.10,151400,18.570339
2006-05-22,23.76,24.389999,23.190001,24.00,210200,18.493283
2006-05-19,23.33,24.02,23.24,23.82,148300,18.354583
2006-05-18,23.559999,23.83,23.32,23.51,152100,18.115712
2006-05-17,23.98,23.98,23.110001,23.42,276800,18.046362
2006-05-16,23.51,24.26,23.51,23.940001,96900,18.44705
2006-05-15,23.74,23.93,23.23,23.41,146800,18.038657
2006-05-12,23.870001,24.549999,23.66,23.85,130500,18.377701
2006-05-11,24.41,24.41,23.82,23.83,111800,18.362289
2006-05-10,24.879999,24.879999,24.200001,24.41,69300,18.80921
2006-05-09,24.99,25.10,24.629999,24.84,215700,19.140548
2006-05-08,25.17,25.17,24.59,24.870001,112200,19.163665
2006-05-05,24.620001,25.540001,24.60,25.139999,224300,19.371714
2006-05-04,24.40,24.59,24.200001,24.32,193000,18.73986
2006-05-03,24.35,24.50,24.17,24.40,155300,18.801504
2006-05-02,23.879999,24.50,23.879999,24.43,162300,18.824621
2006-05-01,23.969999,24.25,23.700001,23.90,133500,18.416228
2006-04-28,23.60,24.139999,23.379999,23.940001,158600,18.44705
2006-04-27,23.83,24.280001,23.10,23.799999,200300,18.339172
2006-04-26,23.67,24.299999,23.540001,23.91,122200,18.423933
2006-04-25,23.59,23.66,23.00,23.200001,120100,17.876841
2006-04-24,23.309999,23.67,23.209999,23.50,124900,18.108007
2006-04-21,23.07,23.32,22.860001,23.27,198800,17.93078
2006-04-20,22.860001,23.030001,22.43,22.92,253400,17.661086
2006-04-19,22.99,23.120001,22.610001,22.799999,350600,17.568619
2006-04-18,23.73,23.73,22.92,22.93,324100,17.557061
2006-04-17,23.969999,23.969999,23.51,23.540001,296000,18.024126
2006-04-13,23.889999,23.91,23.540001,23.76,74200,18.192576
2006-04-12,24.040001,24.110001,23.60,23.75,254300,18.184919
2006-04-11,23.91,24.00,23.799999,23.84,258500,18.25383
2006-04-10,23.950001,24.030001,23.60,23.91,144300,18.307428
2006-04-07,24.129999,24.440001,23.950001,23.950001,154200,18.338056
2006-04-06,24.709999,24.709999,23.85,24.02,174000,18.391653
2006-04-05,25.07,25.50,23.950001,24.57,264400,18.812777
2006-04-04,25.00,25.10,24.629999,24.889999,256800,19.057794
2006-04-03,24.93,25.01,24.700001,25.00,199800,19.14202
2006-03-31,24.690001,24.799999,24.42,24.75,220900,18.9506
2006-03-30,25.02,25.09,24.42,24.67,150700,18.889345
2006-03-29,24.07,25.049999,24.07,25.040001,193200,19.172648
2006-03-28,24.040001,24.040001,23.93,24.02,179900,18.391653
2006-03-27,24.040001,24.049999,23.91,24.00,71500,18.376339
2006-03-24,23.870001,24.18,23.870001,24.00,156700,18.376339
2006-03-23,23.700001,24.049999,23.50,24.02,238900,18.391653
2006-03-22,23.43,24.120001,23.129999,23.65,278900,18.10835
2006-03-21,23.52,24.299999,23.50,23.52,184600,18.008813
2006-03-20,24.00,24.26,23.950001,24.24,215100,18.560102
2006-03-17,23.299999,24.16,23.299999,24.08,389400,18.437593
2006-03-16,24.35,24.360001,23.99,24.02,205200,18.391653
2006-03-15,24.370001,24.370001,23.940001,24.23,134900,18.552445
2006-03-14,24.309999,24.370001,23.90,24.25,131100,18.567759
2006-03-13,24.299999,24.42,24.200001,24.40,147700,18.682611
2006-03-10,24.00,24.42,23.870001,24.299999,108700,18.606043
2006-03-09,24.139999,24.200001,23.85,23.90,135500,18.299771
2006-03-08,24.01,24.24,23.709999,24.049999,234300,18.414622
2006-03-07,23.93,24.030001,23.40,23.889999,152700,18.292114
2006-03-06,24.16,24.16,23.83,23.889999,151200,18.292114
2006-03-03,23.92,24.18,23.559999,23.98,228000,18.361025
2006-03-02,23.75,24.110001,23.67,23.92,269900,18.315085
2006-03-01,23.549999,23.950001,23.209999,23.75,304200,18.184919
2006-02-28,23.389999,23.629999,22.27,23.43,416400,17.939901
2006-02-27,23.65,23.959999,23.440001,23.90,420600,18.299771
2006-02-24,23.709999,23.709999,23.41,23.50,185100,17.993499
2006-02-23,23.860001,24.00,23.469999,23.60,325200,18.070067
2006-02-22,24.00,24.299999,23.68,23.76,254400,18.192576
2006-02-21,24.90,24.90,23.93,24.00,205400,18.376339
2006-02-17,25.049999,25.049999,24.66,24.77,76700,18.965914
2006-02-16,24.799999,24.959999,24.74,24.950001,159100,19.103736
2006-02-15,24.50,24.75,24.16,24.74,240000,18.942943
2006-02-14,24.85,25.00,24.540001,24.65,308400,18.874031
2006-02-13,25.690001,25.690001,24.92,24.950001,152900,19.103736
2006-02-10,25.209999,25.83,25.209999,25.799999,189600,19.754564
2006-02-09,25.620001,25.620001,25.18,25.27,168400,19.348754
2006-02-08,25.35,25.639999,25.00,25.530001,142700,19.547831
2006-02-07,25.40,25.40,24.950001,25.25,227900,19.33344
2006-02-06,25.00,25.50,24.85,25.48,138900,19.509546
2006-02-03,24.780001,25.190001,24.76,24.879999,153100,19.050137
2006-02-02,24.98,25.389999,24.700001,24.90,166900,19.065451
2006-02-01,24.49,25.549999,23.91,25.17,490900,19.272186
2006-01-31,23.969999,24.860001,23.59,24.65,410700,18.874031
2006-01-30,24.379999,24.74,24.360001,24.459999,507500,18.728551
2006-01-27,24.50,24.60,24.290001,24.50,179200,18.759179
2006-01-26,24.35,24.75,23.91,24.50,500300,18.759179
2006-01-25,24.559999,24.889999,24.49,24.77,177500,18.965914
2006-01-24,24.75,24.75,24.299999,24.639999,256800,18.866374
2006-01-23,23.950001,24.690001,23.719999,24.690001,453600,18.904659
2006-01-20,23.940001,23.940001,23.440001,23.860001,248200,18.269144
2006-01-19,22.90,23.85,22.90,23.85,395800,18.261487
2006-01-18,22.969999,23.00,22.58,22.98,224400,17.595344
2006-01-17,22.290001,23.290001,22.290001,23.290001,274800,17.721683
2006-01-13,22.60,22.790001,22.450001,22.639999,208800,17.227088
2006-01-12,22.34,22.620001,22.25,22.40,385900,17.044469
2006-01-11,22.610001,22.889999,22.299999,22.50,375000,17.12056
2006-01-10,22.700001,23.299999,22.540001,22.59,270100,17.189043
2006-01-09,22.15,22.73,22.15,22.73,218400,17.29557
2006-01-06,22.299999,22.559999,21.82,22.299999,243300,16.968377
2006-01-05,21.280001,22.60,20.940001,21.889999,713000,16.656402
2006-01-04,21.799999,21.799999,20.709999,21.389999,159300,16.275945
2006-01-03,21.620001,21.780001,21.209999,21.75,107900,16.549875
2005-12-30,21.52,21.809999,21.27,21.52,105200,16.374865
2005-12-29,21.41,21.90,21.41,21.559999,107200,16.405301
2005-12-28,21.35,21.620001,21.23,21.52,81400,16.374865
2005-12-27,21.59,21.68,21.07,21.08,78800,16.040063
2005-12-23,21.60,21.700001,21.51,21.52,45000,16.374865
2005-12-22,21.219999,21.700001,21.219999,21.559999,162900,16.405301
2005-12-21,21.50,21.50,21.129999,21.299999,106000,16.207463
2005-12-20,20.799999,21.49,20.799999,21.34,138200,16.2379
2005-12-19,20.93,21.25,20.700001,20.799999,153500,15.827006
2005-12-16,20.799999,21.32,20.799999,21.209999,283100,16.138981
2005-12-15,21.35,21.35,20.59,20.82,130500,15.842225
2005-12-14,21.50,21.719999,21.200001,21.219999,147100,16.14659
2005-12-13,21.559999,21.68,21.24,21.459999,54700,16.329209
2005-12-12,21.469999,21.74,21.24,21.58,67900,16.42052
2005-12-09,21.59,21.879999,21.27,21.620001,109100,16.450957
2005-12-08,21.41,21.950001,21.41,21.799999,120300,16.58792
2005-12-07,21.799999,21.799999,21.379999,21.52,69200,16.374865
2005-12-06,21.809999,21.85,21.639999,21.799999,70300,16.58792
2005-12-05,21.66,21.790001,21.35,21.700001,136100,16.51183
2005-12-02,21.51,21.639999,21.290001,21.58,62700,16.42052
2005-12-01,20.879999,21.700001,20.84,21.629999,131300,16.458565
2005-11-30,20.74,21.01,20.719999,20.889999,130300,15.895489
2005-11-29,20.73,20.950001,20.700001,20.950001,100400,15.941144
2005-11-28,20.700001,20.799999,20.459999,20.52,66200,15.613951
2005-11-25,20.809999,20.85,20.74,20.799999,39500,15.827006
2005-11-23,20.57,20.90,20.450001,20.809999,143700,15.834616
2005-11-22,20.41,20.709999,20.41,20.610001,99000,15.682434
2005-11-21,20.459999,20.52,20.049999,20.459999,139100,15.568295
2005-11-18,20.620001,20.620001,20.33,20.469999,76600,15.575905
2005-11-17,20.059999,20.50,20.040001,20.41,50200,15.53025
2005-11-16,20.17,20.32,19.85,19.98,107700,15.203057
2005-11-15,20.65,20.690001,20.18,20.309999,90100,15.454159
2005-11-14,20.700001,20.75,20.50,20.57,50700,15.651996
2005-11-11,20.60,20.77,20.48,20.67,85200,15.728088
2005-11-10,20.77,20.77,20.27,20.700001,122000,15.750916
2005-11-09,20.85,20.85,20.58,20.639999,106200,15.70526
2005-11-08,20.780001,20.889999,20.709999,20.83,189900,15.849834
2005-11-07,20.90,21.190001,20.780001,20.90,124100,15.903098
2005-11-04,20.83,20.90,20.719999,20.90,119300,15.903098
2005-11-03,20.84,20.91,20.76,20.84,181800,15.857443
2005-11-02,20.42,20.790001,20.42,20.75,161000,15.788961
2005-11-01,20.35,20.559999,20.309999,20.52,149500,15.613951
2005-10-31,20.209999,20.440001,20.110001,20.41,152200,15.53025
2005-10-28,19.940001,20.219999,19.860001,20.110001,127700,15.301977
2005-10-27,19.77,20.110001,19.66,19.82,132800,15.081311
2005-10-26,20.200001,20.639999,19.91,19.969999,201900,15.195448
2005-10-25,20.50,20.59,20.00,20.10,232400,15.294367
2005-10-24,19.219999,20.15,19.219999,20.10,387400,15.294367
2005-10-21,18.84,19.27,18.84,19.200001,252900,14.609545
2005-10-20,18.200001,19.16,18.17,18.889999,379700,14.373661
2005-10-19,17.48,18.440001,17.48,18.33,263900,13.837217
2005-10-18,17.01,17.780001,16.799999,17.76,295600,13.406927
2005-10-17,17.219999,17.219999,16.67,17.129999,71600,12.931343
2005-10-14,17.23,17.24,16.83,17.219999,69500,12.999284
2005-10-13,16.870001,17.24,16.73,17.10,121300,12.908697
2005-10-12,16.90,17.17,16.77,16.91,183300,12.765267
2005-10-11,16.93,17.25,16.92,16.99,147900,12.825658
2005-10-10,16.90,16.950001,16.620001,16.77,62700,12.659582
2005-10-07,17.01,17.110001,16.75,16.77,198500,12.659582
2005-10-06,16.84,17.25,16.49,16.799999,148800,12.682228
2005-10-05,17.530001,17.75,16.85,16.860001,123500,12.727523
2005-10-04,17.67,18.049999,17.60,17.620001,69500,13.301243
2005-10-03,17.92,18.200001,17.65,17.66,112600,13.331438
2005-09-30,17.93,18.10,17.690001,17.950001,89300,13.550358
2005-09-29,17.99,18.129999,17.700001,18.049999,98000,13.625846
2005-09-28,17.639999,18.16,17.639999,18.00,316200,13.588102
2005-09-27,17.42,17.799999,17.42,17.57,131300,13.263497
2005-09-26,17.74,17.940001,17.459999,17.469999,94300,13.188007
2005-09-23,17.33,17.99,17.32,17.709999,250300,13.369182
2005-09-22,17.139999,17.629999,17.139999,17.379999,314200,13.120067
2005-09-21,17.219999,17.299999,17.02,17.18,96400,12.969089
2005-09-20,17.51,17.99,17.27,17.280001,159900,13.044578
2005-09-19,17.41,17.620001,17.190001,17.58,217800,13.271046
2005-09-16,17.709999,17.75,17.34,17.370001,457200,13.112519
2005-09-15,17.629999,17.639999,17.50,17.60,95000,13.286144
2005-09-14,17.99,18.09,17.52,17.639999,258300,13.316339
2005-09-13,18.27,18.27,17.940001,17.98,166900,13.573004
2005-09-12,18.24,18.43,18.00,18.219999,159800,13.754178
2005-09-09,17.959999,18.219999,17.959999,18.17,56100,13.716434
2005-09-08,17.889999,18.200001,17.440001,17.959999,278800,13.557906
2005-09-07,17.85,18.00,17.66,18.00,94600,13.588102
2005-09-06,17.690001,17.860001,17.549999,17.860001,91200,13.482417
2005-09-02,17.780001,17.940001,17.51,17.620001,185400,13.301243
2005-09-01,18.200001,18.32,17.780001,17.83,171000,13.45977
2005-08-31,17.889999,18.32,17.889999,18.209999,78000,13.746629
2005-08-30,18.09,18.190001,17.90,17.959999,71300,13.557906
2005-08-29,18.10,18.219999,17.879999,18.07,88900,13.640944
2005-08-26,18.33,18.34,18.030001,18.110001,103300,13.671141
2005-08-25,17.969999,18.360001,17.969999,18.32,177300,13.829668
2005-08-24,17.93,18.18,17.889999,17.969999,195500,13.565455
2005-08-23,17.620001,18.10,17.620001,17.98,241400,13.573004
2005-08-22,18.01,18.15,17.60,17.719999,230200,13.376731
2005-08-19,17.950001,18.120001,17.870001,17.969999,75600,13.565455
2005-08-18,18.280001,18.280001,17.92,17.93,203300,13.53526
2005-08-17,18.10,18.360001,18.059999,18.309999,63300,13.822119
2005-08-16,18.049999,18.290001,18.049999,18.120001,125300,13.67869
2005-08-15,18.389999,18.48,18.07,18.15,219300,13.701336
2005-08-12,18.620001,18.76,18.23,18.299999,175500,13.81457
2005-08-11,18.559999,19.209999,18.559999,18.709999,71000,14.124076
2005-08-10,18.91,18.950001,18.360001,18.610001,83200,14.048588
2005-08-09,18.969999,19.00,18.690001,18.700001,33500,14.116529
2005-08-08,18.84,19.02,18.75,18.77,49800,14.169371
2005-08-05,19.00,19.00,18.75,18.780001,100300,14.17692
2005-08-04,19.049999,19.129999,18.959999,18.959999,95600,14.3128
2005-08-03,19.10,19.219999,18.950001,19.129999,103600,14.441132
2005-08-02,18.93,19.24,18.82,19.129999,98900,14.441132
2005-08-01,18.93,19.09,18.74,18.92,58400,14.282605
2005-07-29,18.85,19.07,18.719999,18.879999,51200,14.252409
2005-07-28,18.99,19.120001,18.65,18.950001,69200,14.305252
2005-07-27,18.889999,18.90,18.690001,18.790001,58800,14.184469
2005-07-26,18.91,19.120001,18.66,18.85,105500,14.229763
2005-07-25,19.25,19.34,18.75,18.75,148300,14.154273
2005-07-22,19.450001,19.49,19.030001,19.360001,192000,14.614759
2005-07-21,18.969999,19.200001,18.790001,18.860001,132500,14.237312
2005-07-20,18.40,18.940001,18.23,18.879999,110900,14.252409
2005-07-19,18.26,18.49,18.18,18.469999,58100,13.833442
2005-07-18,18.35,18.41,18.23,18.25,164700,13.668669
2005-07-15,18.209999,18.440001,18.209999,18.299999,159900,13.706117
2005-07-14,18.219999,18.49,18.10,18.32,234100,13.721097
2005-07-13,18.459999,18.50,18.08,18.120001,156600,13.571304
2005-07-12,18.42,18.49,17.969999,18.459999,151400,13.825952
2005-07-11,17.98,18.32,17.98,18.32,170800,13.721097
2005-07-08,17.940001,18.15,17.83,18.129999,200800,13.578793
2005-07-07,17.74,18.09,17.57,17.85,266100,13.369082
2005-07-06,18.049999,18.049999,17.74,17.92,182600,13.42151
2005-07-05,18.16,18.200001,17.950001,18.049999,260500,13.518875
2005-07-01,18.01,18.219999,17.93,18.200001,123200,13.631222
2005-06-30,18.059999,18.08,17.83,17.889999,144700,13.39904
2005-06-29,17.41,18.139999,17.41,18.01,424600,13.488917
2005-06-28,16.66,17.83,16.57,17.57,352300,13.159371
2005-06-27,17.719999,18.07,17.719999,17.889999,238700,13.39904
2005-06-24,17.870001,17.90,17.469999,17.75,155600,13.294185
2005-06-23,18.629999,18.809999,17.84,18.049999,161700,13.518875
2005-06-22,18.83,19.030001,18.299999,18.66,195300,13.975746
2005-06-21,19.219999,19.33,18.66,18.92,126700,14.170478
2005-06-20,19.00,19.440001,18.959999,19.200001,199700,14.38019
2005-06-17,18.93,19.190001,18.73,19.030001,462500,14.252865
2005-06-16,19.02,19.02,18.60,18.82,138800,14.095581
2005-06-15,18.24,19.469999,18.24,18.99,917300,14.222906
2005-06-14,17.940001,18.23,17.85,18.190001,314900,13.623732
2005-06-13,17.690001,18.16,17.690001,17.99,258900,13.473937
2005-06-10,17.610001,17.82,17.35,17.790001,406500,13.324145
2005-06-09,17.040001,17.799999,16.91,17.74,347400,13.286695
2005-06-08,16.459999,17.209999,16.40,17.049999,330000,12.769907
2005-06-07,16.43,16.74,16.299999,16.450001,166400,12.320527
2005-06-06,16.40,16.639999,16.26,16.389999,73800,12.275588
2005-06-03,16.459999,16.629999,16.27,16.379999,45800,12.268098
2005-06-02,16.52,16.65,16.290001,16.440001,91300,12.313037
2005-06-01,16.41,16.68,16.23,16.68,170200,12.49279
2005-05-31,16.60,16.84,16.33,16.360001,274100,12.25312
2005-05-27,16.870001,16.91,16.559999,16.75,125100,12.545217
2005-05-26,16.389999,17.01,16.379999,16.92,445500,12.672542
2005-05-25,17.030001,17.049999,16.700001,16.91,239900,12.665052
2005-05-24,16.620001,17.299999,16.610001,17.209999,226400,12.889742
2005-05-23,17.469999,17.82,17.440001,17.780001,132900,13.316655
2005-05-20,17.48,17.48,17.209999,17.440001,72700,13.062006
2005-05-19,17.639999,17.639999,17.280001,17.379999,85400,13.017066
2005-05-18,17.639999,17.74,17.50,17.65,72900,13.219288
2005-05-17,17.110001,17.59,17.02,17.50,117200,13.106943
2005-05-16,16.610001,17.26,16.610001,17.18,161100,12.867274
2005-05-13,16.700001,16.76,16.49,16.639999,120300,12.46283
2005-05-12,17.01,17.02,16.58,16.700001,106600,12.507769
2005-05-11,17.120001,17.23,16.73,17.030001,83100,12.754929
2005-05-10,17.51,17.51,17.110001,17.16,154000,12.852294
2005-05-09,17.18,17.58,16.99,17.549999,155600,13.144391
2005-05-06,17.440001,17.450001,16.98,17.18,63100,12.867274
2005-05-05,17.049999,17.43,16.99,17.25,91300,12.919701
2005-05-04,16.83,17.18,16.620001,17.18,306700,12.867274
2005-05-03,16.60,16.73,16.459999,16.68,296700,12.49279
2005-05-02,16.690001,16.889999,16.389999,16.700001,105400,12.507769
2005-04-29,16.50,16.82,16.290001,16.700001,193900,12.507769
2005-04-28,16.48,16.65,16.450001,16.50,117900,12.357975
2005-04-27,16.60,16.74,16.41,16.65,167300,12.47032
2005-04-26,16.700001,16.85,16.52,16.639999,146600,12.46283
2005-04-25,16.620001,16.85,16.43,16.85,197500,12.620114
2005-04-22,16.68,16.82,16.40,16.52,140400,12.372955
2005-04-21,16.17,16.709999,16.17,16.639999,166600,12.46283
2005-04-20,16.40,16.42,15.92,16.15,299700,12.095836
2005-04-19,16.700001,17.190001,16.379999,16.52,169400,12.264355
2005-04-18,16.50,16.68,16.33,16.360001,164100,12.145572
2005-04-15,16.450001,16.58,16.360001,16.42,368300,12.190115
2005-04-14,16.84,17.040001,16.35,16.450001,274900,12.212387
2005-04-13,17.17,17.17,16.639999,16.67,170300,12.375714
2005-04-12,17.00,17.18,16.610001,17.040001,216200,12.6504
2005-04-11,17.049999,17.23,16.99,17.00,110400,12.620704
2005-04-08,17.440001,17.51,17.049999,17.049999,98900,12.657823
2005-04-07,17.48,17.48,17.290001,17.290001,120400,12.835999
2005-04-06,17.01,17.90,17.01,17.32,299400,12.85827
2005-04-05,17.299999,17.309999,17.030001,17.030001,96200,12.642976
2005-04-04,17.10,17.24,16.879999,17.200001,202000,12.769183
2005-04-01,17.40,17.58,17.059999,17.10,94600,12.694943
2005-03-31,17.299999,17.42,17.07,17.42,162600,12.932509
2005-03-30,17.40,17.43,17.129999,17.42,54500,12.932509
2005-03-29,17.450001,17.610001,17.120001,17.17,164700,12.746911
2005-03-28,17.50,17.74,17.360001,17.389999,228000,12.910237
2005-03-24,17.530001,17.60,17.41,17.50,168200,12.991901
2005-03-23,17.530001,17.700001,17.389999,17.41,317100,12.925085
2005-03-22,17.48,17.98,17.48,17.76,101600,13.184923
2005-03-21,17.65,17.76,17.50,17.57,131600,13.043868
2005-03-18,17.719999,17.870001,17.50,17.60,318200,13.06614
2005-03-17,17.93,17.98,17.66,17.75,120500,13.177499
2005-03-16,17.93,18.059999,17.75,17.860001,192100,13.259163
2005-03-15,17.99,18.200001,17.940001,17.98,90400,13.34825
2005-03-14,18.00,18.200001,17.92,18.02,69300,13.377946
2005-03-11,18.16,18.200001,17.940001,18.059999,106000,13.407641
2005-03-10,18.200001,18.200001,17.91,18.040001,108700,13.392794
2005-03-09,18.299999,18.299999,18.040001,18.040001,90600,13.392794
2005-03-08,18.200001,18.290001,18.129999,18.15,160000,13.474457
2005-03-07,18.469999,18.75,18.280001,18.280001,201600,13.570969
2005-03-04,18.33,18.610001,18.15,18.50,299200,13.734295
2005-03-03,18.27,18.41,18.00,18.15,231700,13.474457
2005-03-02,18.129999,18.27,17.91,17.91,123200,13.296282
2005-03-01,18.030001,18.32,17.959999,18.25,214000,13.548696
2005-02-28,18.00,18.200001,17.889999,18.059999,182400,13.407641
2005-02-25,18.08,18.33,17.959999,18.030001,331300,13.38537
2005-02-24,18.219999,18.379999,17.969999,18.190001,200800,13.504153
2005-02-23,18.280001,18.469999,18.15,18.209999,259200,13.519
2005-02-22,18.60,18.700001,18.10,18.10,200500,13.437338
2005-02-18,18.66,18.90,18.43,18.51,210900,13.741719
2005-02-17,18.40,19.15,18.40,18.50,429200,13.734295
2005-02-16,18.639999,18.879999,18.49,18.540001,187100,13.763992
2005-02-15,18.60,19.209999,18.360001,18.66,240500,13.853078
2005-02-14,18.530001,18.700001,18.299999,18.49,223000,13.726871
2005-02-11,18.75,19.049999,18.450001,18.57,301200,13.786262
2005-02-10,19.25,19.299999,18.469999,18.73,299200,13.905045
2005-02-09,19.299999,19.50,19.01,19.049999,289500,14.142611
2005-02-08,19.40,19.43,19.120001,19.309999,165900,14.335634
2005-02-07,19.360001,19.549999,19.00,19.34,232700,14.357906
2005-02-04,18.809999,19.24,18.809999,19.24,105700,14.283667
2005-02-03,18.969999,19.040001,18.60,18.950001,198600,14.068373
2005-02-02,18.190001,18.889999,18.02,18.889999,229900,14.023828
2005-02-01,17.90,18.40,17.51,18.379999,277100,13.645207
2005-01-31,17.809999,17.809999,17.540001,17.690001,193600,13.132956
2005-01-28,17.83,17.83,17.48,17.50,152400,12.991901
2005-01-27,17.700001,17.709999,17.50,17.65,137500,13.10326
2005-01-26,17.73,17.83,17.50,17.690001,271100,13.132956
2005-01-25,17.99,17.99,17.50,17.549999,174500,13.02902
2005-01-24,18.02,18.24,17.75,17.85,267200,13.251739
2005-01-21,18.360001,18.620001,18.07,18.290001,422400,13.578393
2005-01-20,18.780001,19.10,18.35,18.49,236200,13.726871
2005-01-19,19.60,19.639999,18.459999,18.65,184800,13.845654
2005-01-18,18.83,19.10,18.83,18.959999,224500,13.968149
2005-01-14,19.34,19.360001,18.940001,19.17,138300,14.12286
2005-01-13,19.24,19.48,18.99,19.00,161500,13.997618
2005-01-12,19.16,19.42,18.83,19.10,146500,14.07129
2005-01-11,19.25,19.25,18.90,18.98,206600,13.982884
2005-01-10,19.129999,19.40,19.040001,19.120001,162600,14.086025
2005-01-07,19.10,19.51,19.00,19.17,214200,14.12286
2005-01-06,19.66,19.85,19.17,19.48,316700,14.351242
2005-01-05,20.77,21.10,20.030001,20.030001,100900,14.756437
2005-01-04,20.60,21.440001,20.540001,20.76,212600,15.29424
2005-01-03,21.50,21.549999,20.690001,21.00,123300,15.471052
2004-12-31,21.370001,21.700001,21.370001,21.41,48900,15.773105
2004-12-30,21.01,21.440001,21.01,21.370001,34100,15.743638
2004-12-29,21.50,21.74,21.25,21.280001,39700,15.677333
2004-12-28,21.00,21.700001,21.00,21.67,50300,15.964652
2004-12-27,21.309999,21.309999,21.01,21.030001,52600,15.493154
2004-12-23,21.15,21.219999,20.969999,21.08,25600,15.529989
2004-12-22,20.629999,21.09,20.629999,20.959999,66400,15.441582
2004-12-21,20.77,20.870001,20.379999,20.700001,126600,15.250037
2004-12-20,20.33,21.08,20.33,20.57,140100,15.154263
2004-12-17,20.84,20.860001,20.309999,20.33,220100,14.977451
2004-12-16,20.82,21.00,20.559999,20.629999,93200,15.198466
2004-12-15,20.75,21.16,20.73,20.98,92900,15.456317
2004-12-14,21.32,21.34,20.90,20.91,110400,15.404747
2004-12-13,21.26,21.32,20.799999,21.27,70200,15.669966
2004-12-10,20.959999,21.290001,20.74,21.059999,59000,15.515254
2004-12-09,20.700001,21.280001,20.370001,21.030001,114200,15.493154
2004-12-08,20.780001,21.030001,20.65,20.790001,105900,15.316342
2004-12-07,21.309999,21.66,20.34,20.60,136100,15.176365
2004-12-06,21.610001,21.639999,21.32,21.51,98000,15.846777
2004-12-03,21.940001,22.07,21.530001,21.620001,61900,15.927817
2004-12-02,21.99,22.200001,21.77,21.870001,84500,16.111996
2004-12-01,21.34,22.190001,21.34,22.190001,96800,16.347745
2004-11-30,21.379999,21.690001,21.370001,21.450001,69100,15.802575
2004-11-29,21.469999,21.58,21.00,21.58,98100,15.898347
2004-11-26,21.02,21.43,21.00,21.290001,11200,15.6847
2004-11-24,20.889999,21.33,20.780001,21.129999,87400,15.566824
2004-11-23,20.66,20.969999,20.459999,20.969999,128800,15.44895
2004-11-22,20.52,20.790001,20.27,20.66,110500,15.220568
2004-11-19,20.450001,20.790001,20.35,20.35,72300,14.992186
2004-11-18,20.84,21.129999,20.50,20.639999,130500,15.205833
2004-11-17,21.08,21.49,20.84,20.860001,99500,15.367912
2004-11-16,21.379999,21.379999,20.90,20.90,65600,15.39738
2004-11-15,20.969999,21.33,20.780001,21.33,78300,15.714168
2004-11-12,20.790001,21.00,20.74,21.00,70000,15.471052
2004-11-11,20.65,20.950001,20.51,20.950001,51200,15.434216
2004-11-10,20.639999,20.879999,20.57,20.76,101300,15.29424
2004-11-09,20.790001,20.959999,20.700001,20.74,89300,15.279505
2004-11-08,20.799999,20.98,20.75,20.85,53400,15.360544
2004-11-05,20.50,20.99,20.50,20.99,74900,15.463684
2004-11-04,20.540001,20.74,19.940001,20.620001,97700,15.1911
2004-11-03,20.16,20.50,20.08,20.50,58500,15.102693
2004-11-02,19.790001,20.26,19.790001,19.950001,58900,14.6975
2004-11-01,19.959999,20.43,18.860001,19.82,204600,14.601726
2004-10-29,20.360001,20.51,19.83,19.85,87500,14.623828
2004-10-28,20.15,20.440001,20.01,20.209999,68200,14.889045
2004-10-27,20.25,20.40,20.16,20.40,102500,15.029021
2004-10-26,19.709999,20.27,19.690001,20.27,192600,14.933249
2004-10-25,19.85,20.10,19.67,19.709999,108000,14.520686
2004-10-22,20.389999,20.40,19.85,19.85,107100,14.623828
2004-10-21,19.67,20.34,19.559999,20.34,104400,14.984819
2004-10-20,19.52,19.809999,19.15,19.67,98000,14.491218
2004-10-19,20.15,20.40,19.440001,19.65,216700,14.377026
2004-10-18,20.190001,20.200001,19.76,19.93,71400,14.58189
2004-10-15,19.780001,20.26,19.780001,20.01,148300,14.640423
2004-10-14,19.99,20.620001,19.75,19.75,131100,14.450192
2004-10-13,21.049999,21.18,20.540001,20.57,50900,15.050149
2004-10-12,20.709999,21.049999,20.59,20.860001,88200,15.26233
2004-10-11,21.280001,21.280001,20.700001,21.02,58700,15.379395
2004-10-08,20.75,21.25,20.610001,21.01,80100,15.372078
2004-10-07,21.969999,22.08,20.90,20.90,129200,15.291595
2004-10-06,21.10,22.110001,20.809999,22.110001,185000,16.176899
2004-10-05,21.76,21.99,21.299999,21.450001,191200,15.694007
2004-10-04,19.940001,22.25,19.799999,21.860001,503700,15.993985
2004-10-01,22.07,22.709999,21.709999,22.540001,154900,16.491511
2004-09-30,21.75,22.040001,21.370001,22.040001,81800,16.125683
2004-09-29,21.530001,21.620001,21.23,21.549999,120400,15.767171
2004-09-28,21.440001,21.50,21.049999,21.469999,76500,15.708639
2004-09-27,21.049999,21.50,21.049999,21.110001,92900,15.445244
2004-09-24,21.200001,21.73,21.200001,21.35,78900,15.620841
2004-09-23,20.799999,21.049999,20.67,20.959999,75500,15.335494
2004-09-22,21.07,21.120001,20.65,20.65,130300,15.108682
2004-09-21,21.09,21.33,21.00,21.120001,93900,15.452561
2004-09-20,21.049999,21.10,20.780001,20.860001,57700,15.26233
2004-09-17,21.049999,21.549999,20.799999,21.01,167900,15.372078
2004-09-16,21.10,21.280001,20.959999,21.00,78300,15.364761
2004-09-15,20.950001,21.23,20.60,21.07,58800,15.415977
2004-09-14,21.139999,21.139999,20.68,20.709999,57900,15.152581
2004-09-13,21.110001,21.40,20.93,21.200001,54600,15.511093
2004-09-10,21.540001,21.540001,21.120001,21.40,184100,15.657423
2004-09-09,21.15,21.59,20.84,21.48,163100,15.715956
2004-09-08,20.98,21.139999,20.799999,21.07,97000,15.415977
2004-09-07,20.639999,20.98,20.459999,20.870001,111200,15.269647
2004-09-03,20.49,20.790001,20.02,20.32,58300,14.867235
2004-09-02,19.85,20.690001,19.84,20.67,133600,15.123315
2004-09-01,20.18,20.73,20.00,20.18,148000,14.764804
2004-08-31,20.280001,20.35,20.030001,20.059999,126000,14.677005
2004-08-30,20.34,20.67,20.049999,20.15,116500,14.742854
2004-08-27,20.34,20.67,20.34,20.559999,88100,15.042833
2004-08-26,20.690001,20.690001,20.35,20.50,154800,14.998934
2004-08-25,20.440001,20.559999,20.040001,20.559999,107300,15.042833
2004-08-24,20.16,20.549999,20.00,20.290001,147500,14.845287
2004-08-23,19.90,20.370001,19.90,20.00,155500,14.633106
2004-08-20,19.91,20.16,19.709999,20.09,95900,14.698955
2004-08-19,19.92,20.190001,19.799999,19.870001,85600,14.537991
2004-08-18,19.719999,20.33,19.389999,19.99,256500,14.625789
2004-08-17,19.889999,20.15,19.549999,19.92,123200,14.574574
2004-08-16,19.24,19.82,19.110001,19.68,151400,14.398977
2004-08-13,19.129999,19.41,19.10,19.27,161500,14.098998
2004-08-12,19.26,19.370001,19.120001,19.120001,304700,13.98925
2004-08-11,19.48,19.549999,19.110001,19.40,148800,14.194113
2004-08-10,19.42,19.66,19.42,19.59,133200,14.333127
2004-08-09,19.57,19.700001,19.41,19.41,102200,14.201429
2004-08-06,20.01,20.17,19.440001,19.440001,103300,14.223379
2004-08-05,20.90,21.040001,20.120001,20.200001,261300,14.779438
2004-08-04,20.75,21.280001,20.73,21.129999,112100,15.459876
2004-08-03,20.940001,21.290001,20.85,20.90,65900,15.291595
2004-08-02,20.60,21.110001,20.57,21.10,122400,15.437927
2004-07-30,20.90,21.129999,20.459999,20.82,233900,15.233063
2004-07-29,20.540001,20.85,20.43,20.84,112400,15.247697
2004-07-28,20.43,20.66,20.200001,20.370001,104800,14.903819
2004-07-27,20.299999,20.700001,20.17,20.58,145200,15.057466
2004-07-26,20.23,20.60,20.23,20.450001,157400,14.962351
2004-07-23,20.549999,20.700001,20.209999,20.280001,107700,14.83797
2004-07-22,20.74,21.120001,19.950001,20.719999,237000,15.159897
2004-07-21,21.10,21.190001,20.709999,20.709999,162800,15.152581
2004-07-20,20.809999,21.059999,20.809999,21.049999,189800,15.30257
2004-07-19,20.58,20.969999,20.57,20.82,169500,15.135369
2004-07-16,20.85,21.120001,20.51,20.74,100500,15.077212
2004-07-15,20.67,21.02,20.67,20.98,109900,15.251683
2004-07-14,20.809999,21.00,20.10,20.799999,97400,15.12083
2004-07-13,20.780001,21.00,20.549999,20.83,76400,15.142639
2004-07-12,20.84,21.049999,20.719999,20.84,66600,15.149909
2004-07-09,20.700001,21.110001,20.700001,20.940001,79000,15.222605
2004-07-08,20.639999,21.370001,20.27,20.700001,251300,15.048134
2004-07-07,20.67,20.93,20.58,20.73,130800,15.069942
2004-07-06,21.17,21.18,20.49,20.559999,205700,14.946359
2004-07-02,21.17,21.42,21.17,21.42,120500,15.571547
2004-07-01,21.450001,21.66,21.24,21.290001,140100,15.477043
2004-06-30,21.549999,21.67,21.290001,21.49,179700,15.622434
2004-06-29,21.34,21.559999,21.120001,21.559999,182700,15.673322
2004-06-28,21.07,21.290001,20.969999,21.219999,171600,15.426154
2004-06-25,20.93,21.43,20.82,21.41,223600,15.564277
2004-06-24,21.049999,21.25,20.77,20.82,229600,15.135369
2004-06-23,20.370001,21.15,20.32,21.040001,151000,15.295302
2004-06-22,20.040001,20.51,19.99,20.51,158300,14.910011
2004-06-21,20.08,20.41,20.07,20.190001,112900,14.677383
2004-06-18,20.17,20.26,19.93,20.139999,259900,14.641034
2004-06-17,20.360001,20.459999,20.030001,20.34,126600,14.786427
2004-06-16,20.209999,20.440001,19.950001,20.190001,116800,14.677383
2004-06-15,20.17,20.450001,19.969999,20.299999,124000,14.757348
2004-06-14,20.43,20.43,20.00,20.00,73900,14.53926
2004-06-10,20.469999,20.50,20.280001,20.309999,79300,14.764618
2004-06-09,20.40,20.50,20.309999,20.309999,77100,14.764618
2004-06-08,20.41,20.50,20.379999,20.459999,85500,14.873662
2004-06-07,20.34,20.60,20.08,20.49,120100,14.895471
2004-06-04,20.00,20.200001,19.73,20.120001,128400,14.626496
2004-06-03,20.07,20.15,19.879999,19.940001,123800,14.495642
2004-06-02,20.01,20.25,19.879999,20.139999,143500,14.641034
2004-06-01,19.90,20.17,19.719999,19.90,91900,14.466563
2004-05-28,20.139999,20.299999,19.950001,19.969999,111900,14.51745
2004-05-27,20.030001,20.33,20.030001,20.26,137100,14.72827
2004-05-26,20.200001,20.43,20.02,20.139999,101700,14.641034
2004-05-25,20.030001,20.440001,19.790001,20.43,144600,14.851854
2004-05-24,20.10,20.10,19.91,20.07,95900,14.590147
2004-05-21,20.049999,20.129999,19.90,19.940001,81200,14.495642
2004-05-20,20.00,20.219999,19.93,20.040001,131300,14.568339
2004-05-19,20.049999,20.15,19.92,20.049999,106500,14.575607
2004-05-18,19.559999,20.02,19.52,19.92,199900,14.481103
2004-05-17,19.50,19.780001,18.90,19.549999,92000,14.212126
2004-05-14,19.74,20.049999,19.48,19.549999,119100,14.212126
2004-05-13,20.049999,20.08,19.700001,19.74,51600,14.350249
2004-05-12,19.719999,20.10,19.50,20.01,77500,14.546529
2004-05-11,19.65,20.139999,19.33,19.879999,120000,14.452024
2004-05-10,19.83,19.99,19.42,19.42,100400,14.117621
2004-05-07,20.049999,20.370001,19.950001,20.00,216100,14.53926
2004-05-06,20.40,20.40,20.09,20.40,130800,14.830045
2004-05-05,20.360001,20.950001,20.24,20.25,310800,14.721
2004-05-04,19.90,20.809999,19.90,20.530001,314000,14.924551
2004-05-03,20.02,20.25,19.950001,20.190001,138500,14.677383
2004-04-30,19.940001,20.25,19.91,20.049999,104200,14.575607
2004-04-29,19.969999,20.120001,19.74,19.91,155700,14.473833
2004-04-28,20.02,20.219999,19.75,19.950001,118800,14.502912
2004-04-27,19.950001,20.059999,19.90,20.059999,137200,14.582877
2004-04-26,19.90,20.219999,19.84,19.90,176600,14.466563
2004-04-23,19.950001,20.049999,19.85,20.040001,96700,14.568339
2004-04-22,19.200001,19.870001,19.200001,19.85,55800,14.430216
2004-04-21,19.139999,19.530001,18.98,19.48,58000,14.063099
2004-04-20,19.450001,19.60,19.25,19.26,153700,13.904276
2004-04-19,19.389999,19.440001,18.950001,19.370001,147300,13.983688
2004-04-16,19.120001,19.450001,19.040001,19.290001,191200,13.925934
2004-04-15,18.90,19.129999,18.90,19.040001,122900,13.745453
2004-04-14,19.299999,19.370001,18.65,18.91,195100,13.651602
2004-04-13,20.25,20.25,19.48,19.50,144600,14.077538
2004-04-12,20.10,20.299999,19.950001,19.950001,105800,14.402405
2004-04-08,19.620001,20.10,18.77,19.950001,207000,14.402405
2004-04-07,19.440001,19.66,19.200001,19.35,178700,13.969249
2004-04-06,19.84,19.84,19.389999,19.549999,155900,14.113634
2004-04-05,19.799999,20.01,19.559999,19.950001,105000,14.402405
2004-04-02,19.73,19.809999,19.51,19.76,113400,14.265239
2004-04-01,19.459999,19.799999,19.15,19.559999,155000,14.120853
2004-03-31,19.41,19.68,19.030001,19.65,84200,14.185826
2004-03-30,19.25,19.74,19.10,19.42,103600,14.019784
2004-03-29,18.00,19.459999,18.00,19.459999,194100,14.04866
2004-03-26,18.10,18.129999,17.860001,18.049999,79400,13.030746
2004-03-25,17.709999,18.23,17.540001,18.129999,129400,13.0885
2004-03-24,17.65,17.91,17.459999,17.57,74100,12.684222
2004-03-23,17.50,18.00,17.290001,17.73,68800,12.79973
2004-03-22,17.60,17.65,17.190001,17.34,87600,12.51818
2004-03-19,18.10,18.10,17.690001,17.690001,70500,12.770854
2004-03-18,18.01,18.190001,17.950001,17.950001,85200,12.958555
2004-03-17,18.01,18.34,17.98,18.110001,178700,13.074063
2004-03-16,18.15,18.450001,18.00,18.059999,91200,13.037965
2004-03-15,18.60,18.809999,18.00,18.01,177700,13.00187
2004-03-12,17.92,18.92,17.82,18.809999,122900,13.579409
2004-03-11,17.690001,18.049999,17.610001,17.85,166600,12.886362
2004-03-10,17.969999,18.15,17.73,17.73,82400,12.79973
2004-03-09,17.879999,18.040001,17.709999,18.00,95500,12.99465
2004-03-08,18.200001,18.35,17.73,17.90,228000,12.922458
2004-03-05,18.41,18.639999,17.940001,17.940001,152600,12.951335
2004-03-04,18.57,18.58,18.25,18.32,113900,13.225666
2004-03-03,18.74,18.84,17.940001,18.49,125500,13.348393
2004-03-02,19.09,19.18,18.75,18.77,84000,13.550533
2004-03-01,18.639999,18.959999,18.629999,18.950001,98900,13.68048
2004-02-27,18.41,18.799999,18.26,18.73,89600,13.521655
2004-02-26,18.67,18.77,18.48,18.50,96900,13.355613
2004-02-25,18.76,18.99,18.48,18.809999,189000,13.579409
2004-02-24,18.57,18.99,18.450001,18.65,114700,13.463901
2004-02-23,18.50,18.709999,18.50,18.620001,67300,13.442244
2004-02-20,18.459999,18.75,18.459999,18.57,83800,13.406147
2004-02-19,18.92,18.92,18.50,18.549999,76400,13.391709
2004-02-18,18.700001,18.700001,18.530001,18.549999,55100,13.391709
2004-02-17,18.549999,18.700001,18.540001,18.700001,93000,13.499998
2004-02-13,18.75,18.75,18.459999,18.549999,155900,13.391709
2004-02-12,18.459999,18.690001,18.40,18.68,87100,13.48556
2004-02-11,18.16,18.59,18.16,18.59,71700,13.420586
2004-02-10,18.17,18.639999,18.049999,18.639999,100900,13.456682
2004-02-09,18.48,18.48,18.08,18.200001,99400,13.139036
2004-02-06,18.110001,18.450001,17.85,18.41,173300,13.29064
2004-02-05,17.459999,18.139999,17.40,18.08,280600,13.052404
2004-02-04,17.40,17.57,17.35,17.40,228600,12.561495
2004-02-03,17.76,17.76,17.360001,17.51,101400,12.640907
2004-02-02,17.450001,17.74,17.32,17.610001,145000,12.7131
2004-01-30,17.35,17.559999,17.35,17.40,141100,12.561495
2004-01-29,17.700001,17.82,17.299999,17.52,125700,12.648127
2004-01-28,17.309999,17.459999,17.09,17.459999,222800,12.60481
2004-01-27,17.700001,17.700001,17.35,17.450001,151700,12.597592
2004-01-26,17.299999,17.860001,17.299999,17.65,105000,12.741976
2004-01-23,18.049999,18.049999,17.299999,17.299999,149400,12.489302
2004-01-22,18.26,18.299999,17.82,17.969999,116200,12.972992
2004-01-21,18.65,18.799999,18.209999,18.219999,180400,13.056013
2004-01-20,18.52,18.68,18.33,18.65,202000,13.364141
2004-01-16,19.290001,19.41,18.530001,18.639999,171100,13.356975
2004-01-15,19.219999,19.57,18.99,19.25,261800,13.794086
2004-01-14,17.84,19.120001,17.84,19.10,204500,13.6866
2004-01-13,17.84,18.09,17.790001,17.950001,248300,12.862538
2004-01-12,18.860001,19.23,17.790001,17.85,320900,12.79088
2004-01-09,19.58,19.620001,19.059999,19.120001,250000,13.700932
2004-01-08,21.17,21.25,19.00,19.51,408500,13.980396
2004-01-07,20.99,21.190001,20.85,21.120001,162000,15.134084
2004-01-06,21.190001,21.629999,21.049999,21.049999,160700,15.083923
2004-01-05,20.959999,21.379999,20.84,21.110001,265500,15.126918
2004-01-02,21.32,21.33,20.92,20.92,62900,14.990768
2003-12-31,21.190001,21.98,20.93,21.32,180200,15.277398
2003-12-30,21.549999,21.59,21.07,21.200001,111400,15.19141
2003-12-29,21.34,21.790001,21.16,21.620001,163200,15.492372
2003-12-26,21.40,21.459999,21.23,21.299999,27300,15.263067
2003-12-24,21.690001,21.700001,21.370001,21.379999,53400,15.320393
2003-12-23,20.99,21.68,20.99,21.67,154300,15.5282
2003-12-22,20.40,21.01,20.40,21.00,52600,15.048094
2003-12-19,20.83,20.84,20.219999,20.41,107700,14.625314
2003-12-18,20.120001,20.68,20.08,20.57,48800,14.739966
2003-12-17,20.450001,20.48,20.059999,20.24,46500,14.503496
2003-12-16,19.700001,20.50,19.370001,20.440001,78900,14.646812
2003-12-15,20.84,20.940001,19.719999,19.959999,150800,14.302855
2003-12-12,20.610001,20.76,19.950001,20.73,76500,14.854619
2003-12-11,19.950001,20.90,19.90,20.65,100500,14.797292
2003-12-10,20.280001,20.41,20.09,20.190001,79400,14.467668
2003-12-09,20.35,20.530001,19.860001,20.43,95500,14.639646
2003-12-08,19.32,20.67,19.32,20.389999,126100,14.610983
2003-12-05,19.610001,19.959999,19.120001,19.24,86100,13.786921
2003-12-04,19.42,19.85,18.959999,19.85,133100,14.224032
2003-12-03,19.57,20.00,19.379999,19.379999,131100,13.887241
2003-12-02,19.75,19.75,19.450001,19.450001,167300,13.937402
2003-12-01,19.59,19.940001,19.540001,19.709999,172500,14.123711
2003-11-28,19.65,19.719999,19.549999,19.549999,35300,14.009059
2003-11-26,19.690001,19.85,19.67,19.709999,73300,14.123711
2003-11-25,19.440001,19.799999,19.42,19.639999,109900,14.073551
2003-11-24,19.25,19.799999,19.25,19.450001,87000,13.937402
2003-11-21,19.290001,19.299999,19.10,19.25,76100,13.794086
2003-11-20,18.799999,19.18,18.799999,19.10,68800,13.6866
2003-11-19,18.709999,19.18,18.60,19.030001,86900,13.63644
2003-11-18,18.43,19.129999,18.43,18.74,115500,13.428633
2003-11-17,18.85,19.16,18.469999,18.65,95700,13.364141
2003-11-14,19.530001,19.610001,18.700001,19.02,61900,13.629274
2003-11-13,19.50,19.639999,19.299999,19.360001,104500,13.87291
2003-11-12,19.09,19.549999,19.09,19.549999,65500,14.009059
2003-11-11,19.139999,19.219999,18.90,19.18,78800,13.743926
2003-11-10,19.10,19.33,18.959999,18.959999,93900,13.586279
2003-11-07,19.33,19.50,19.17,19.32,123800,13.844247
2003-11-06,19.26,19.65,19.25,19.50,96400,13.97323
2003-11-05,19.559999,19.639999,19.25,19.51,128600,13.980396
2003-11-04,18.879999,19.549999,18.879999,19.549999,98600,14.009059
2003-11-03,18.879999,19.43,18.879999,19.00,286300,13.614942
2003-10-31,19.60,19.60,18.90,18.950001,258300,13.579114
2003-10-30,19.299999,19.60,19.00,19.549999,165500,14.009059
2003-10-29,19.129999,19.60,19.129999,19.219999,113400,13.772589
2003-10-28,18.91,19.299999,18.780001,19.299999,212400,13.829915
2003-10-27,18.549999,19.34,18.50,19.08,159600,13.672269
2003-10-24,18.059999,18.75,17.90,18.66,224700,13.371307
2003-10-23,17.700001,18.41,17.49,18.139999,344700,12.998687
2003-10-22,17.629999,18.15,17.51,18.02,209100,12.912698
2003-10-21,17.51,18.200001,17.50,17.99,165200,12.794463
2003-10-20,17.35,17.85,17.35,17.49,152100,12.438864
2003-10-17,17.049999,17.60,17.049999,17.35,195900,12.339296
2003-10-16,16.99,17.379999,16.73,17.10,134400,12.161497
2003-10-15,17.16,17.35,16.90,17.15,55600,12.197056
2003-10-14,17.200001,17.379999,16.959999,17.139999,57800,12.189944
2003-10-13,16.92,17.49,16.790001,17.26,79300,12.275288
2003-10-10,16.870001,17.110001,16.66,16.85,73000,11.983697
2003-10-09,16.799999,17.10,16.690001,16.959999,106000,12.061928
2003-10-08,16.50,16.75,16.16,16.57,102800,11.784561
2003-10-07,16.16,16.51,16.02,16.50,82100,11.734777
2003-10-06,15.85,16.25,15.85,16.15,127500,11.485858
2003-10-03,15.75,16.389999,15.75,16.00,102100,11.379178
2003-10-02,16.129999,16.290001,15.94,15.95,143500,11.343618
2003-10-01,15.79,16.40,15.75,16.290001,118400,11.585426
2003-09-30,16.00,16.00,15.51,15.87,182600,11.286722
2003-09-29,15.47,16.00,15.35,15.96,231500,11.35073
2003-09-26,15.79,15.97,15.47,15.47,82200,11.002243
2003-09-25,15.91,16.190001,15.68,15.68,71800,11.151595
2003-09-24,16.48,16.59,15.85,15.85,65600,11.272499
2003-09-23,16.01,16.450001,16.01,16.35,136500,11.628098
2003-09-22,16.10,16.360001,15.96,16.09,80100,11.443186
2003-09-19,16.26,16.639999,16.15,16.209999,86400,11.528529
2003-09-18,16.34,16.49,16.34,16.469999,39100,11.713441
2003-09-17,16.65,16.66,16.209999,16.42,60200,11.677882
2003-09-16,16.23,16.65,16.23,16.59,51700,11.798785
2003-09-15,16.389999,16.50,16.200001,16.299999,73900,11.592537
2003-09-12,16.139999,16.23,15.95,16.23,48200,11.542753
2003-09-11,16.200001,16.290001,16.09,16.10,69500,11.450298
2003-09-10,16.10,16.440001,16.10,16.25,84900,11.556978
2003-09-09,16.73,16.73,16.18,16.370001,100700,11.642322
2003-09-08,16.25,16.709999,16.18,16.629999,82100,11.827233
2003-09-05,16.440001,16.66,16.16,16.27,162700,11.571202
2003-09-04,16.450001,16.620001,16.360001,16.40,109000,11.663657
2003-09-03,16.299999,16.57,16.299999,16.33,261100,11.613874
2003-09-02,15.91,16.27,15.91,16.26,138800,11.56409
2003-08-29,16.200001,16.200001,16.01,16.02,89200,11.393402
2003-08-28,16.200001,16.200001,15.90,16.190001,107700,11.514306
2003-08-27,16.200001,16.25,16.00,16.00,73100,11.379178
2003-08-26,16.25,16.74,16.139999,16.25,147800,11.556978
2003-08-25,16.540001,16.860001,16.309999,16.35,131000,11.628098
2003-08-22,16.950001,17.25,16.73,16.73,156500,11.898353
2003-08-21,16.620001,17.17,16.620001,17.17,133500,12.21128
2003-08-20,16.50,16.709999,16.389999,16.629999,141200,11.827233
2003-08-19,16.01,16.709999,16.00,16.690001,164600,11.869905
2003-08-18,15.75,16.10,15.43,16.10,208200,11.450298
2003-08-15,15.62,16.120001,15.39,15.68,70600,11.151595
2003-08-14,15.28,15.62,14.75,15.62,302700,11.108922
2003-08-13,15.19,15.20,15.01,15.16,62200,10.781771
2003-08-12,15.16,15.26,15.09,15.16,156100,10.781771
2003-08-11,15.26,15.27,14.84,15.12,94300,10.753323
2003-08-08,15.05,15.14,14.93,15.07,60900,10.717763
2003-08-07,15.21,15.21,15.00,15.08,56700,10.724875
2003-08-06,15.44,15.54,15.14,15.21,69900,10.817331
2003-08-05,15.49,15.80,15.36,15.41,151500,10.959571
2003-08-04,16.01,16.01,15.46,15.51,415800,11.030691
2003-08-01,16.389999,16.50,15.81,15.93,116600,11.329394
2003-07-31,15.92,16.34,15.92,16.290001,148700,11.585426
2003-07-30,16.15,16.190001,15.79,15.91,129100,11.31517
2003-07-29,15.95,16.08,15.71,16.00,163900,11.379178
2003-07-28,15.91,15.92,15.69,15.80,128300,11.236938
2003-07-25,15.60,16.110001,15.60,15.87,94000,11.286722
2003-07-24,15.87,16.049999,15.69,15.72,166800,11.180043
2003-07-23,16.02,16.450001,15.03,15.92,193200,11.322282
2003-07-22,15.20,16.50,15.20,16.459999,217200,11.610317
2003-07-21,16.50,16.59,16.059999,16.15,235400,11.391654
2003-07-18,16.57,16.700001,16.40,16.52,213000,11.65264
2003-07-17,16.40,16.620001,16.360001,16.620001,145200,11.723177
2003-07-16,16.66,16.799999,16.379999,16.50,213900,11.638532
2003-07-15,16.65,16.85,16.629999,16.780001,270800,11.836035
2003-07-14,16.719999,16.85,16.559999,16.66,229900,11.751391
2003-07-11,16.200001,16.870001,16.200001,16.719999,261500,11.793712
2003-07-10,16.83,16.959999,15.52,16.50,549900,11.638532
2003-07-09,16.799999,17.049999,16.49,16.91,175300,11.927732
2003-07-08,16.219999,16.860001,16.059999,16.85,296300,11.885411
2003-07-07,16.120001,16.52,15.93,16.07,304600,11.335225
2003-07-03,15.95,16.129999,15.89,16.01,60300,11.292903
2003-07-02,16.040001,16.24,15.83,16.00,322600,11.28585
2003-07-01,16.209999,16.34,15.70,15.93,258900,11.236474
2003-06-30,16.450001,16.77,16.01,16.08,209900,11.342279
2003-06-27,16.52,16.66,16.17,16.43,154400,11.589157
2003-06-26,16.950001,17.10,14.90,16.299999,628100,11.497459
2003-06-25,17.27,17.27,16.940001,17.00,156900,11.991215
2003-06-24,17.049999,17.370001,16.950001,16.950001,115400,11.955947
2003-06-23,17.15,17.40,16.92,16.950001,251100,11.955947
2003-06-20,17.030001,17.40,16.950001,17.209999,237900,12.139341
2003-06-19,17.60,17.690001,17.00,17.10,130800,12.061752
2003-06-18,17.540001,17.76,17.10,17.57,204400,12.393273
2003-06-17,17.129999,17.59,17.129999,17.389999,147100,12.266307
2003-06-16,16.90,17.84,16.90,17.66,189600,12.456756
2003-06-13,17.25,17.280001,16.950001,17.09,135700,12.054698
2003-06-12,16.809999,17.65,16.77,17.08,164900,12.047644
2003-06-11,17.459999,17.52,16.790001,16.790001,213300,11.843089
2003-06-10,17.10,17.85,17.10,17.59,201500,12.407381
2003-06-09,17.32,17.73,16.950001,17.41,271400,12.280415
2003-06-06,17.59,18.190001,17.34,17.34,239300,12.23104
2003-06-05,16.83,17.639999,16.83,17.59,225300,12.407381
2003-06-04,16.799999,17.139999,16.73,16.959999,84700,11.963
2003-06-03,16.92,17.139999,16.700001,16.790001,71600,11.843089
2003-06-02,17.049999,17.15,16.809999,16.950001,95700,11.955947
2003-05-30,16.84,17.190001,16.799999,17.129999,130300,12.082912
2003-05-29,16.629999,16.950001,16.629999,16.879999,215700,11.906571
2003-05-28,16.389999,16.790001,16.27,16.60,166500,11.709069
2003-05-27,15.87,16.469999,15.71,16.360001,101200,11.539782
2003-05-23,15.60,15.94,15.43,15.83,69300,11.165937
2003-05-22,15.40,15.56,15.40,15.48,128500,10.919059
2003-05-21,15.40,15.60,15.16,15.41,158900,10.869684
2003-05-20,15.40,15.72,15.36,15.47,110300,10.912006
2003-05-19,15.80,15.80,15.20,15.38,158200,10.848523
2003-05-16,16.23,16.50,15.34,15.53,176600,10.954328
2003-05-15,16.059999,16.50,16.059999,16.42,125900,11.582103
2003-05-14,16.01,16.40,16.01,16.200001,74200,11.426923
2003-05-13,16.00,16.50,15.91,16.129999,212800,11.377547
2003-05-12,15.90,16.43,15.64,16.139999,335900,11.3846
2003-05-09,15.69,16.18,15.42,15.89,207600,11.20826
2003-05-08,16.049999,16.049999,15.46,15.46,119300,10.904952
2003-05-07,16.02,16.200001,15.80,15.97,67000,11.264689
2003-05-06,16.450001,16.450001,15.90,16.24,172500,11.455137
2003-05-05,16.450001,16.700001,16.00,16.200001,100200,11.426923
2003-05-02,16.200001,16.73,16.01,16.51,62000,11.645586
2003-05-01,16.360001,16.360001,15.95,16.110001,79800,11.36344
2003-04-30,16.049999,16.370001,15.62,16.370001,203100,11.546835
2003-04-29,16.049999,16.120001,15.84,15.84,129700,11.172991
2003-04-28,16.00,16.16,15.82,16.00,303300,11.28585
2003-04-25,16.280001,16.280001,15.85,15.99,72000,11.278796
2003-04-24,16.10,16.450001,15.71,16.33,309000,11.51862
2003-04-23,16.34,16.459999,15.95,16.34,184700,11.43045
2003-04-22,16.049999,16.40,15.94,16.32,245500,11.416459
2003-04-21,15.95,16.10,15.90,16.040001,192600,11.220589
2003-04-17,16.049999,16.049999,15.87,16.02,178000,11.206598
2003-04-16,16.110001,16.15,15.79,15.85,223200,11.087677
2003-04-15,15.50,16.15,15.20,16.049999,433000,11.227583
2003-04-14,15.12,15.60,14.80,15.50,253500,10.842838
2003-04-11,14.43,14.95,14.36,14.80,158700,10.353162
2003-04-10,14.33,14.57,13.90,14.45,279600,10.108323
2003-04-09,14.80,14.87,14.31,14.33,197200,10.024379
2003-04-08,15.31,15.31,14.72,14.83,201200,10.374147
2003-04-07,15.45,15.69,15.25,15.26,201700,10.674949
2003-04-04,15.19,15.50,15.05,15.10,229200,10.563023
2003-04-03,15.25,15.38,14.93,15.15,124400,10.597999
2003-04-02,15.15,15.29,14.91,15.11,157200,10.570018
2003-04-01,14.75,15.10,14.46,14.92,257400,10.437106
2003-03-31,14.55,14.75,14.30,14.53,184000,10.164286
2003-03-28,14.50,14.76,14.50,14.65,162300,10.24823
2003-03-27,14.90,14.95,14.55,14.70,263500,10.283207
2003-03-26,15.22,15.22,14.65,14.75,393900,10.318185
2003-03-25,15.17,15.17,14.76,14.92,148400,10.437106
2003-03-24,15.20,15.20,14.10,14.82,128200,10.367152
2003-03-21,15.65,15.75,15.00,15.25,192100,10.667953
2003-03-20,14.70,15.26,14.70,14.90,174700,10.423115
2003-03-19,14.66,14.99,14.60,14.84,295600,10.381143
2003-03-18,14.70,15.00,14.45,14.85,211800,10.388139
2003-03-17,13.70,15.52,13.66,14.60,176500,10.213254
2003-03-14,14.04,14.20,13.77,13.83,139000,9.67461
2003-03-13,13.38,14.23,13.25,14.11,307400,9.87048
2003-03-12,13.06,13.60,13.06,13.16,182400,9.205919
2003-03-11,13.15,13.53,13.01,13.28,245300,9.289864
2003-03-10,13.56,13.71,13.03,13.06,231000,9.135966
2003-03-07,13.60,13.60,12.91,13.38,568800,9.359818
2003-03-06,13.95,14.22,13.42,13.45,266200,9.408785
2003-03-05,14.00,14.23,13.77,14.15,158200,9.898461
2003-03-04,14.45,14.73,13.80,13.99,247800,9.786536
2003-03-03,14.43,14.72,14.27,14.59,169900,10.206259
2003-02-28,14.55,14.85,14.32,14.45,187700,10.108323
2003-02-27,14.50,15.04,14.46,14.55,157400,10.178277
2003-02-26,14.90,14.90,14.55,14.56,189900,10.185273
2003-02-25,14.57,14.87,14.31,14.87,175600,10.402129
2003-02-24,14.77,14.89,14.55,14.61,261700,10.220249
2003-02-21,14.21,14.91,14.21,14.91,234000,10.43011
2003-02-20,14.55,14.83,14.20,14.21,348200,9.940434
2003-02-19,14.80,14.89,14.54,14.72,252400,10.297199
2003-02-18,14.53,14.87,14.52,14.87,655800,10.402129
2003-02-14,14.60,15.20,13.40,14.50,3001000,10.1433
2003-02-13,14.11,14.25,13.94,13.98,224300,9.77954
2003-02-12,14.30,14.39,14.10,14.11,214200,9.87048
2003-02-11,14.30,14.66,14.18,14.22,288800,9.94743
2003-02-10,14.58,14.81,14.50,14.60,301700,10.213254
2003-02-07,15.27,15.50,14.60,14.70,458700,10.283207
2003-02-06,16.00,16.00,15.37,15.74,168700,11.010727
2003-02-05,16.00,16.32,15.77,15.79,211900,11.045704
2003-02-04,15.60,16.040001,15.25,15.87,339400,11.101667
2003-02-03,15.20,15.55,15.01,15.40,186700,10.772884
2003-01-31,14.75,15.19,14.70,15.01,189800,10.500065
2003-01-30,15.60,15.60,14.81,14.98,189000,10.479078
2003-01-29,15.92,15.92,15.10,15.41,113600,10.779879
2003-01-28,15.73,15.84,15.13,15.71,182600,10.989741
2003-01-27,15.97,16.07,15.32,15.37,200100,10.751898
2003-01-24,16.73,16.76,15.68,15.90,212900,11.122653
2003-01-23,16.299999,17.23,16.10,16.889999,245000,11.815195
2003-01-22,16.709999,16.90,16.15,16.41,210000,11.38498
2003-01-21,16.76,16.84,16.360001,16.700001,216400,11.586177
2003-01-17,17.450001,17.49,16.360001,16.469999,108500,11.426606
2003-01-16,17.17,17.25,16.82,17.00,177700,11.794312
2003-01-15,17.360001,17.360001,17.200001,17.200001,162000,11.933069
2003-01-14,17.360001,17.41,17.25,17.299999,240800,12.002446
2003-01-13,17.25,17.540001,17.24,17.309999,382500,12.009384
2003-01-10,16.99,17.379999,15.44,17.120001,800400,11.877566
2003-01-09,18.60,19.35,16.299999,16.860001,1369100,11.697183
2003-01-08,19.00,19.110001,18.34,18.360001,122700,12.737857
2003-01-07,19.00,19.059999,18.459999,18.84,195900,13.070873
2003-01-06,18.51,19.33,18.51,18.969999,165900,13.161064
2003-01-03,19.200001,19.40,18.41,18.41,125900,12.772546
2003-01-02,19.01,19.33,18.620001,19.120001,112300,13.265132
2002-12-31,18.60,19.16,18.25,18.610001,221500,12.911303
2002-12-30,18.35,18.60,17.879999,18.58,174700,12.890489
2002-12-27,18.59,18.85,18.370001,18.50,112400,12.834986
2002-12-26,18.40,18.940001,18.040001,18.639999,179700,12.932116
2002-12-24,18.309999,18.389999,18.040001,18.209999,71900,12.633789
2002-12-23,17.75,18.27,17.75,18.27,149100,12.675417
2002-12-20,17.889999,18.49,17.75,18.00,256800,12.488095
2002-12-19,18.58,18.620001,17.75,18.08,232900,12.543597
2002-12-18,19.049999,19.049999,18.40,18.51,144100,12.841924
2002-12-17,19.219999,19.219999,18.90,18.99,155000,13.17494
2002-12-16,18.66,19.25,18.610001,19.24,124700,13.348386
2002-12-13,18.90,19.200001,18.60,18.76,88300,13.01537
2002-12-12,19.24,19.24,18.77,19.00,85400,13.181878
2002-12-11,18.950001,19.40,18.84,19.10,155200,13.251256
2002-12-10,19.09,19.50,18.879999,19.26,138200,13.362262
2002-12-09,19.00,19.110001,18.700001,18.76,157900,13.01537
2002-12-06,18.190001,19.219999,17.889999,19.219999,238300,13.33451
2002-12-05,18.530001,18.690001,17.90,18.10,145400,12.557473
2002-12-04,18.450001,19.00,18.139999,18.59,114200,12.897427
2002-12-03,17.950001,18.49,17.32,18.190001,114200,12.619914
2002-12-02,19.00,19.00,17.67,18.200001,130400,12.626852
2002-11-29,19.00,19.00,18.57,18.57,73000,12.883551
2002-11-27,18.200001,19.02,18.01,18.74,155600,13.001494
2002-11-26,18.690001,19.01,18.00,18.00,182900,12.488095
2002-11-25,18.00,18.60,17.65,18.58,150400,12.890489
2002-11-22,17.83,18.25,17.50,17.51,117600,12.148141
2002-11-21,17.799999,17.90,17.50,17.90,188200,12.418716
2002-11-20,17.75,18.10,17.450001,17.74,282200,12.307711
2002-11-19,17.85,18.00,17.48,17.76,194500,12.321587
2002-11-18,18.23,18.23,17.290001,17.73,159300,12.300773
2002-11-15,18.66,18.66,17.969999,18.049999,311500,12.522783
2002-11-14,18.190001,18.75,18.00,18.709999,165700,12.98068
2002-11-13,18.01,18.129999,17.50,17.860001,152200,12.390966
2002-11-12,17.60,17.99,17.43,17.870001,192300,12.397904
2002-11-11,17.540001,17.98,17.15,17.82,317800,12.363214
2002-11-08,17.559999,17.799999,17.16,17.42,119300,12.085701
2002-11-07,17.969999,18.200001,17.309999,17.50,156300,12.141203
2002-11-06,17.85,18.50,17.60,18.34,239900,12.723981
2002-11-05,17.49,18.040001,17.370001,17.82,177400,12.363214
2002-11-04,18.25,18.50,17.35,17.48,254300,12.127327
2002-11-01,17.49,18.42,17.41,18.42,236300,12.779484
2002-10-31,16.90,17.83,16.90,17.50,262500,12.141203
2002-10-30,16.959999,17.639999,16.709999,17.49,301200,12.134265
2002-10-29,16.01,17.25,16.00,17.00,469400,11.794312
2002-10-28,15.25,16.48,15.00,16.43,863600,11.398856
2002-10-25,15.01,15.42,14.97,15.09,461700,10.469186
2002-10-24,15.41,15.41,15.05,15.10,664400,10.476124
2002-10-23,15.40,15.99,15.00,15.34,841400,10.642632
2002-10-22,16.049999,16.85,15.00,15.09,643700,10.375525
2002-10-21,15.35,16.139999,15.10,15.87,1653900,10.911835
2002-10-18,15.69,15.75,13.41,13.99,1395900,9.619191
2002-10-17,15.80,16.09,15.62,15.68,215300,10.781196
2002-10-16,16.23,16.65,15.56,15.58,337900,10.712438
2002-10-15,16.299999,16.43,16.00,16.00,191400,11.00122
2002-10-14,15.99,16.469999,15.78,15.96,174800,10.973717
2002-10-11,16.200001,16.75,15.96,15.97,138500,10.980593
2002-10-10,15.94,16.51,15.76,16.00,182700,11.00122
2002-10-09,16.34,16.629999,15.79,15.88,223200,10.918711
2002-10-08,15.95,16.48,15.69,16.43,236200,11.296878
2002-10-07,16.299999,16.799999,15.57,15.70,118900,10.794947
2002-10-04,17.35,17.639999,15.63,16.40,175700,11.27625
2002-10-03,17.76,17.99,17.24,17.299999,151400,11.895068
2002-10-02,18.299999,18.299999,17.41,17.440001,221600,11.99133
2002-10-01,17.299999,18.67,17.120001,18.50,255900,12.72016
2002-09-30,17.639999,17.709999,16.75,17.33,413000,11.915696
2002-09-27,18.57,18.67,17.639999,17.82,128300,12.252608
2002-09-26,18.50,18.60,18.16,18.50,147100,12.72016
2002-09-25,18.389999,18.709999,18.01,18.450001,259400,12.685782
2002-09-24,18.190001,18.42,17.639999,18.32,206600,12.596396
2002-09-23,19.360001,19.530001,18.32,18.49,282300,12.713284
2002-09-20,19.459999,20.42,19.35,19.51,362900,13.414612
2002-09-19,20.110001,20.110001,19.42,19.42,204600,13.352731
2002-09-18,20.15,20.370001,19.76,19.889999,113600,13.675891
2002-09-17,20.16,21.08,19.92,20.01,115200,13.758401
2002-09-16,20.959999,21.030001,19.879999,20.48,86200,14.081561
2002-09-13,20.40,21.129999,20.129999,20.969999,66300,14.418473
2002-09-12,20.690001,20.92,20.389999,20.43,72000,14.047183
2002-09-11,20.879999,21.25,20.700001,20.780001,49800,14.287835
2002-09-10,20.90,21.219999,20.379999,21.15,105300,14.542237
2002-09-09,20.309999,21.18,19.85,21.049999,131300,14.473479
2002-09-06,19.709999,20.49,19.190001,20.49,180100,14.088437
2002-09-05,20.389999,20.620001,19.66,19.66,178000,13.517749
2002-09-04,20.27,21.370001,20.059999,21.290001,154300,14.638499
2002-09-03,19.959999,20.90,19.85,20.110001,160100,13.827158
2002-08-30,20.889999,21.84,20.889999,21.120001,115200,14.521611
2002-08-29,20.59,21.379999,20.59,21.18,122300,14.562865
2002-08-28,20.76,21.309999,20.58,20.629999,188400,14.184697
2002-08-27,21.200001,21.200001,20.77,20.82,183700,14.315337
2002-08-26,19.709999,21.17,19.459999,21.17,162400,14.555989
2002-08-23,21.00,21.00,19.73,19.73,161100,13.565879
2002-08-22,21.07,21.299999,20.780001,21.00,187000,14.439101
2002-08-21,20.00,21.059999,20.00,21.00,211200,14.439101
2002-08-20,20.41,20.41,19.709999,20.08,140500,13.806531
2002-08-19,19.50,20.93,19.50,20.42,183000,14.040307
2002-08-16,19.98,20.15,19.58,19.90,111000,13.682767
2002-08-15,20.07,20.24,19.209999,19.66,129700,13.517749
2002-08-14,19.299999,20.200001,18.49,20.190001,162600,13.882165
2002-08-13,19.860001,20.200001,19.25,19.389999,214600,13.332103
2002-08-12,19.030001,19.82,18.60,19.559999,351300,13.448991
2002-08-09,18.629999,19.059999,18.629999,18.780001,228400,12.912682
2002-08-08,19.43,19.52,18.58,18.879999,267800,12.981439
2002-08-07,18.950001,19.43,18.559999,19.370001,284800,13.318352
2002-08-06,18.610001,19.290001,18.40,18.85,362300,12.960812
2002-08-05,18.620001,19.120001,18.27,18.50,224800,12.72016
2002-08-02,18.52,19.00,18.030001,18.34,177400,12.610148
2002-08-01,19.00,19.059999,18.049999,18.50,316100,12.72016
2002-07-31,19.08,19.540001,18.66,18.709999,839000,12.864551
2002-07-30,19.41,19.48,18.68,19.08,542700,13.118954
2002-07-29,19.10,19.40,18.889999,19.32,315100,13.283973
2002-07-26,19.299999,19.780001,18.65,18.92,227000,13.008942
2002-07-25,19.549999,20.00,18.73,19.34,219100,13.297724
2002-07-24,17.620001,19.549999,17.42,19.549999,231800,13.442115
2002-07-23,18.129999,18.25,16.629999,17.83,173900,12.166661
2002-07-22,17.809999,18.440001,17.51,17.98,376800,12.269017
2002-07-19,19.08,19.08,17.52,17.92,298400,12.228075
2002-07-18,20.15,20.15,19.200001,19.209999,330000,13.108332
2002-07-17,19.299999,20.10,19.110001,20.049999,429600,13.681523
2002-07-16,19.60,19.84,18.57,19.120001,500200,13.04692
2002-07-15,18.559999,19.75,18.209999,19.60,379200,13.374457
2002-07-12,19.98,20.049999,18.629999,18.790001,303000,12.821738
2002-07-11,20.209999,20.68,19.00,19.99,371700,13.640581
2002-07-10,20.940001,21.049999,19.889999,20.209999,181300,13.790702
2002-07-09,20.60,21.48,20.559999,20.879999,309700,14.24789
2002-07-08,20.440001,21.82,20.110001,20.709999,242900,14.131887
2002-07-05,20.15,20.620001,19.50,20.450001,135300,13.954472
2002-07-03,20.129999,20.75,19.35,20.15,189500,13.74976
2002-07-02,20.50,20.799999,20.129999,20.139999,382500,13.742936
2002-07-01,21.40,21.459999,20.49,20.74,316300,14.152359
2002-06-28,20.200001,22.120001,20.10,21.450001,1651600,14.636842
2002-06-27,19.01,19.35,18.549999,19.35,233200,13.203865
2002-06-26,19.139999,19.77,18.85,19.01,249100,12.971859
2002-06-25,19.129999,20.25,18.92,19.540001,217300,13.333515
2002-06-24,19.01,19.389999,18.379999,19.09,144300,13.026448
2002-06-21,18.00,19.07,17.98,18.91,259200,12.903621
2002-06-20,17.92,19.139999,17.85,18.42,242200,12.56926
2002-06-19,18.950001,19.790001,17.77,17.92,162500,12.228075
2002-06-18,18.85,19.35,18.24,18.99,122400,12.958211
2002-06-17,18.34,19.129999,18.040001,18.85,152700,12.862679
2002-06-14,17.540001,18.290001,17.200001,18.139999,111200,12.378196
2002-06-13,17.84,18.209999,17.389999,17.540001,114300,11.968775
2002-06-12,17.35,18.00,17.209999,17.84,227500,12.173485
2002-06-11,18.389999,18.60,17.360001,17.360001,83800,11.845948
2002-06-10,17.75,18.35,17.75,18.110001,192700,12.357726
2002-06-07,17.959999,18.450001,17.370001,17.950001,266800,12.248546
2002-06-06,18.67,18.889999,18.18,18.459999,218900,12.596554
2002-06-05,17.85,18.719999,17.52,18.719999,116100,12.773971
2002-06-04,18.41,18.50,17.77,18.10,266300,12.350902
2002-06-03,19.66,19.879999,18.15,18.41,333800,12.562436
2002-05-31,20.690001,20.690001,19.35,19.83,217000,13.531402
2002-05-30,19.209999,20.030001,19.00,20.01,262400,13.654229
2002-05-29,19.01,19.32,18.83,19.23,183400,13.12198
2002-05-28,20.120001,20.450001,18.77,19.280001,494200,13.156099
2002-05-24,21.040001,21.10,19.16,20.01,197600,13.654229
2002-05-23,20.059999,21.26,19.85,21.040001,219200,14.357071
2002-05-22,19.959999,20.639999,19.66,20.040001,192300,13.6747
2002-05-21,21.34,21.34,19.610001,20.18,351500,13.770232
2002-05-20,23.15,23.16,20.32,21.120001,568500,14.41166
2002-05-17,22.700001,22.82,21.780001,22.73,293900,15.510275
2002-05-16,22.98,22.98,22.10,22.450001,254300,15.319213
2002-05-15,21.90,23.139999,20.690001,22.85,630200,15.59216
2002-05-14,23.18,23.60,20.610001,22.450001,709700,15.319213
2002-05-13,22.629999,24.780001,22.030001,23.799999,649100,16.240411
2002-05-10,22.540001,22.67,22.00,22.530001,890800,15.373802
2002-05-09,21.35,22.40,21.15,22.27,426900,15.196386
2002-05-08,21.370001,21.77,20.959999,21.57,165900,14.718726
2002-05-07,20.540001,21.540001,19.549999,21.51,126500,14.677784
2002-05-06,21.030001,21.469999,20.610001,20.610001,91200,14.063651
2002-05-03,21.379999,21.43,20.870001,21.02,95100,14.343423
2002-05-02,21.049999,21.82,20.85,21.42,189300,14.616371
2002-05-01,20.299999,21.040001,20.110001,21.00,465700,14.329775
2002-04-30,19.73,20.77,19.58,20.299999,539100,13.852115
2002-04-29,19.799999,19.799999,18.50,19.57,238600,13.353985
2002-04-26,19.620001,20.799999,19.450001,19.700001,219100,13.442694
2002-04-25,18.559999,20.200001,18.559999,20.18,315100,13.770232
2002-04-24,19.02,19.219999,18.139999,18.629999,229500,12.620437
2002-04-23,19.00,19.290001,18.85,19.040001,156500,12.898182
2002-04-22,19.42,19.50,19.01,19.02,361700,12.884633
2002-04-19,19.879999,19.879999,19.450001,19.50,74600,13.209797
2002-04-18,19.790001,19.790001,19.379999,19.540001,121600,13.236895
2002-04-17,20.18,20.200001,19.60,19.639999,157100,13.304636
2002-04-16,19.559999,20.219999,19.549999,20.120001,176100,13.629802
2002-04-15,19.26,19.50,19.18,19.49,169800,13.203023
2002-04-12,19.23,19.610001,18.549999,19.459999,133100,13.1827
2002-04-11,18.50,19.40,18.389999,19.190001,402600,12.999796
2002-04-10,18.32,18.50,18.120001,18.50,143200,12.532372
2002-04-09,18.35,18.52,17.84,18.32,169600,12.410435
2002-04-08,17.91,18.15,17.75,18.110001,79400,12.268176
2002-04-05,17.50,18.299999,17.360001,17.959999,114800,12.166561
2002-04-04,17.280001,17.83,17.18,17.75,102600,12.024303
2002-04-03,17.629999,17.950001,17.26,17.26,67300,11.692364
2002-04-02,17.98,18.040001,17.66,17.99,161800,12.186885
2002-04-01,17.52,18.15,16.870001,18.00,201300,12.193659
2002-03-28,18.48,18.610001,17.959999,18.290001,190200,12.390113
2002-03-27,18.469999,18.620001,18.40,18.59,130500,12.59334
2002-03-26,18.049999,18.459999,18.049999,18.450001,78800,12.498501
2002-03-25,18.25,18.33,18.049999,18.200001,140500,12.329145
2002-03-22,18.620001,18.620001,18.15,18.25,101000,12.363015
2002-03-21,18.209999,18.629999,18.16,18.610001,183400,12.606889
2002-03-20,18.200001,18.65,18.16,18.35,105600,12.430758
2002-03-19,18.450001,18.50,18.16,18.26,215700,12.36979
2002-03-18,18.559999,18.780001,18.27,18.68,285900,12.654309
2002-03-15,18.549999,18.790001,18.42,18.700001,223200,12.667857
2002-03-14,18.25,19.02,18.25,18.83,213200,12.755922
2002-03-13,17.99,18.34,17.83,18.23,301300,12.349467
2002-03-12,17.83,18.18,17.60,18.00,214600,12.193659
2002-03-11,18.139999,18.139999,17.67,17.76,188000,12.031077
2002-03-08,18.360001,18.40,18.030001,18.129999,396200,12.281724
2002-03-07,17.91,18.35,17.90,18.00,283800,12.193659
2002-03-06,18.049999,18.33,17.85,18.299999,270100,12.396886
2002-03-05,17.83,18.48,17.360001,18.110001,197000,12.268176
2002-03-04,18.059999,18.34,17.889999,18.09,145400,12.254627
2002-03-01,18.25,18.379999,17.92,18.379999,120600,12.45108
2002-02-28,18.08,18.49,18.08,18.280001,99800,12.383339
2002-02-27,18.09,18.120001,17.950001,18.10,55800,12.261402
2002-02-26,18.00,18.07,17.76,17.969999,135500,12.173336
2002-02-25,18.10,18.129999,17.82,18.110001,268500,12.268176
2002-02-22,18.07,18.200001,17.83,18.110001,157100,12.268176
2002-02-21,17.99,18.17,17.76,18.00,369700,12.193659
2002-02-20,17.76,18.440001,17.76,18.030001,199100,12.213982
2002-02-19,18.200001,18.549999,17.01,17.77,92700,12.037852
2002-02-15,18.00,18.700001,17.959999,18.60,664000,12.600115
2002-02-14,17.82,18.450001,17.82,18.00,331300,12.193659
2002-02-13,17.75,17.90,17.60,17.90,224800,12.125916
2002-02-12,17.50,17.709999,17.48,17.60,220000,11.922689
2002-02-11,17.969999,17.969999,17.50,17.60,500400,11.922689
2002-02-08,17.35,17.59,17.35,17.559999,227800,11.895591
2002-02-07,17.700001,17.75,17.26,17.49,346700,11.848172
2002-02-06,17.049999,17.889999,17.049999,17.559999,639100,11.895591
2002-02-05,16.629999,17.469999,16.35,17.120001,322500,11.597525
2002-02-04,16.25,16.629999,16.15,16.389999,86900,11.103004
2002-02-01,16.629999,16.860001,16.18,16.25,334000,11.008164
2002-01-31,16.35,16.99,16.07,16.690001,117300,11.306232
2002-01-30,16.450001,16.73,16.16,16.469999,155500,11.157198
2002-01-29,15.92,16.700001,15.74,16.57,250900,11.22494
2002-01-28,16.01,16.35,15.72,16.030001,258000,10.859131
2002-01-25,16.07,16.35,15.85,16.09,279000,10.899776
2002-01-24,16.57,16.58,16.049999,16.15,254600,10.940422
2002-01-23,16.450001,16.51,16.200001,16.450001,269700,11.052198
2002-01-22,16.26,17.16,16.26,16.530001,542600,11.105947
2002-01-18,15.71,16.450001,15.60,16.32,127700,10.964855
2002-01-17,15.86,16.07,15.72,15.85,234000,10.649078
2002-01-16,15.90,15.91,15.57,15.74,38700,10.575173
2002-01-15,15.91,16.10,15.67,15.76,150000,10.58861
2002-01-14,15.94,16.110001,15.69,15.90,301300,10.682671
2002-01-11,15.05,16.00,15.00,15.83,363100,10.635641
2002-01-10,14.92,15.15,14.50,15.00,89900,10.077992
2002-01-09,15.00,15.39,14.91,14.91,146400,10.017524
2002-01-08,14.95,15.25,14.77,15.00,276100,10.077992
2002-01-07,14.99,15.04,14.90,14.95,248900,10.044398
2002-01-04,14.50,15.18,14.45,14.95,175700,10.044398
2002-01-03,13.59,15.19,13.51,14.97,198100,10.057836
2002-01-02,13.66,13.80,13.03,13.65,58800,9.170972
2001-12-31,13.71,13.95,13.55,13.65,455500,9.170972
2001-12-28,13.80,13.88,13.65,13.83,115600,9.291908
2001-12-27,13.91,13.94,13.60,13.84,369500,9.298627
2001-12-26,13.65,14.57,13.58,14.00,80700,9.406126
2001-12-24,13.57,13.71,12.59,13.70,117100,9.204566
2001-12-21,13.59,14.07,13.59,13.65,431800,9.170972
2001-12-20,14.00,14.12,13.62,13.72,231100,9.218003
2001-12-19,14.49,14.52,14.01,14.01,85500,9.412844
2001-12-18,14.45,14.60,14.34,14.50,103300,9.742059
2001-12-17,14.14,14.70,13.94,14.55,100400,9.775652
2001-12-14,13.60,14.15,13.60,14.15,44100,9.506905
2001-12-13,13.59,14.26,13.57,13.78,196600,9.258315
2001-12-12,13.42,14.11,13.42,14.11,47800,9.480031
2001-12-11,13.50,13.64,12.80,13.50,172500,9.070193
2001-12-10,13.59,13.67,13.45,13.54,46100,9.097067
2001-12-07,13.37,13.70,13.37,13.59,45000,9.130661
2001-12-06,13.01,13.39,13.01,13.35,128300,8.969413
2001-12-05,13.05,13.68,12.95,13.17,343900,8.848477
2001-12-04,13.01,13.27,13.00,13.05,85200,8.767853
2001-12-03,13.14,13.17,12.95,13.00,108300,8.73426
2001-11-30,13.12,13.33,12.97,13.02,96600,8.747697
2001-11-29,12.96,13.35,12.96,13.26,137200,8.908945
2001-11-28,13.17,13.25,12.95,12.95,47900,8.700666
2001-11-27,13.32,13.32,13.09,13.19,67600,8.861914
2001-11-26,13.11,13.40,13.11,13.33,179500,8.955975
2001-11-23,13.01,13.40,12.95,13.23,13400,8.888788
2001-11-21,13.07,13.07,12.95,13.05,48100,8.767853
2001-11-20,12.99,13.10,12.98,13.00,64200,8.73426
2001-11-19,12.81,13.22,12.81,13.07,215600,8.78129
2001-11-16,13.04,13.04,12.70,12.84,46000,8.626761
2001-11-15,13.30,13.30,13.00,13.03,108600,8.754415
2001-11-14,13.25,13.34,12.95,13.25,166800,8.902226
2001-11-13,12.60,13.18,12.53,13.00,85500,8.73426
2001-11-12,12.18,12.65,12.00,12.59,67300,8.458795
2001-11-09,12.14,12.82,12.09,12.25,103000,8.23036
2001-11-08,12.00,12.34,11.91,12.13,60600,8.149736
2001-11-07,11.65,11.99,11.60,11.90,74800,7.995207
2001-11-06,11.30,11.60,11.05,11.60,108800,7.793647
2001-11-05,12.10,12.15,11.27,11.28,100500,7.57865
2001-11-02,12.03,12.10,11.90,12.06,74000,8.102706
2001-11-01,11.84,12.04,11.76,12.04,42100,8.089268
2001-10-31,11.76,12.00,11.76,11.90,61900,7.995207
2001-10-30,11.78,11.98,11.50,11.98,47500,8.048956
2001-10-29,11.70,11.99,11.70,11.95,59300,8.0288
2001-10-26,11.91,12.10,11.65,12.10,100300,8.12958
2001-10-25,11.60,12.05,11.22,12.00,123100,8.062393
2001-10-24,11.72,11.97,11.21,11.52,17200,7.739898
2001-10-23,11.81,11.92,11.50,11.85,37600,7.870912
2001-10-22,11.30,11.80,11.30,11.80,28000,7.837701
2001-10-19,11.09,11.70,11.00,11.38,44900,7.558732
2001-10-18,11.30,11.30,10.82,10.97,71000,7.286405
2001-10-17,11.59,11.65,11.00,11.13,124200,7.392679
2001-10-16,11.58,11.75,11.33,11.50,69200,7.638437
2001-10-15,11.44,11.61,11.00,11.51,201500,7.645079
2001-10-12,11.19,11.60,11.07,11.49,46000,7.631795
2001-10-11,10.60,11.22,10.60,11.18,168100,7.42589
2001-10-10,10.42,10.99,10.42,10.75,87900,7.140278
2001-10-09,10.91,10.91,10.32,10.49,31900,6.967583
2001-10-08,10.85,11.19,10.73,10.99,57200,7.299689
2001-10-05,10.80,11.05,10.80,10.89,22600,7.233268
2001-10-04,10.75,11.10,10.75,11.05,40900,7.339542
2001-10-03,10.90,11.08,10.88,11.02,107400,7.319616
2001-10-02,10.80,11.40,10.75,11.00,126600,7.306331
2001-10-01,10.45,11.36,9.55,11.09,81300,7.36611
2001-09-28,10.26,10.64,9.91,10.25,80400,6.808172
2001-09-27,10.10,10.40,9.91,10.40,207500,6.907804
2001-09-26,9.83,10.19,9.60,10.13,137300,6.728467
2001-09-25,9.75,9.84,9.67,9.72,130900,6.45614
2001-09-24,9.58,9.95,9.50,9.67,223100,6.422929
2001-09-21,9.00,9.75,8.98,9.24,176600,6.137318
2001-09-20,10.80,11.40,9.70,10.14,221600,6.735109
2001-09-19,11.05,11.55,10.50,10.89,86400,7.233268
2001-09-18,11.35,12.05,10.50,10.50,50400,6.974225
2001-09-17,12.14,12.25,11.00,11.25,101400,7.472384
2001-09-10,12.85,13.03,12.53,12.68,50100,8.422207
2001-09-07,12.76,13.06,12.53,12.80,55900,8.501913
2001-09-06,13.88,13.90,12.76,12.76,83100,8.475344
2001-09-05,13.77,13.92,13.75,13.88,73900,9.219262
2001-09-04,13.80,13.83,13.62,13.72,68200,9.112988
2001-08-31,13.19,13.86,12.71,13.79,34100,9.159482
2001-08-30,13.84,13.84,12.80,13.17,50900,8.747671
2001-08-29,13.65,13.85,13.30,13.73,35300,9.119629
2001-08-28,14.00,14.00,13.65,13.69,39900,9.093061
2001-08-27,14.40,14.40,13.65,13.97,61400,9.279041
2001-08-24,13.60,14.43,13.60,14.43,80700,9.584578
2001-08-23,13.71,13.76,13.66,13.69,31600,9.093061
2001-08-22,13.89,13.90,13.56,13.66,66100,9.073135
2001-08-21,13.98,14.15,13.95,14.00,99100,9.298967
2001-08-20,13.87,14.00,13.64,14.00,60200,9.298967
2001-08-17,13.51,13.97,13.51,13.72,52800,9.112988
2001-08-16,13.60,13.93,13.50,13.93,35900,9.252472
2001-08-15,13.41,13.75,13.41,13.57,38100,9.013356
2001-08-14,13.00,13.62,13.00,13.30,214100,8.834019
2001-08-13,13.10,13.23,12.93,12.97,85700,8.614829
2001-08-10,12.99,13.15,12.95,12.95,121100,8.601544
2001-08-09,13.32,13.32,12.99,13.07,111800,8.68125
2001-08-08,13.30,13.49,13.09,13.09,20600,8.694534
2001-08-07,13.34,13.43,13.21,13.30,60800,8.834019
2001-08-06,13.30,13.42,13.20,13.42,128300,8.913724
2001-08-03,13.25,13.30,12.99,13.30,26900,8.834019
2001-08-02,12.77,13.30,12.75,13.22,36700,8.780882
2001-08-01,12.68,12.94,12.59,12.92,27900,8.581618
2001-07-31,12.72,13.30,12.67,12.67,112800,8.415565
2001-07-30,12.86,13.16,12.45,13.08,56600,8.687892
2001-07-27,12.90,13.03,12.90,12.90,40200,8.568334
2001-07-26,12.92,13.14,12.88,13.07,64100,8.68125
2001-07-25,12.98,13.00,12.80,12.97,85800,8.614829
2001-07-24,12.90,13.10,12.70,12.99,77600,8.538444
2001-07-23,13.29,13.29,12.75,12.79,170500,8.406983
2001-07-20,13.08,13.32,13.07,13.15,51300,8.643614
2001-07-19,13.13,13.24,12.85,13.02,51000,8.558164
2001-07-18,13.20,13.27,13.00,13.05,190700,8.577883
2001-07-17,12.67,13.50,12.65,13.32,153000,8.755356
2001-07-16,13.56,13.64,12.80,12.80,68500,8.413556
2001-07-13,13.50,13.75,13.35,13.45,61100,8.840807
2001-07-12,12.84,13.75,12.84,13.50,165400,8.873672
2001-07-11,12.80,12.91,12.48,12.84,77900,8.439848
2001-07-10,12.80,12.82,12.51,12.75,32400,8.38069
2001-07-09,12.75,13.11,12.40,12.85,35600,8.446422
2001-07-06,12.80,13.43,12.49,12.53,31400,8.236082
2001-07-05,13.18,13.85,12.84,12.86,33700,8.452994
2001-07-03,13.25,13.65,13.02,13.10,71100,8.610749
2001-07-02,13.50,13.58,12.48,13.05,62700,8.577883
2001-06-29,13.16,13.80,12.90,13.50,120700,8.873672
2001-06-28,12.64,13.15,12.61,13.14,158200,8.637041
2001-06-27,12.48,12.63,12.24,12.63,59200,8.301813
2001-06-26,11.73,12.53,11.67,12.33,183400,8.104621
2001-06-25,12.30,12.30,11.45,11.80,148000,7.756247
2001-06-22,12.72,12.90,12.30,12.30,61400,8.084902
2001-06-21,12.98,12.98,12.72,12.90,115600,8.479287
2001-06-20,12.34,13.05,12.34,12.95,157500,8.512152
2001-06-19,12.80,12.90,12.22,12.22,20500,8.032317
2001-06-18,13.05,13.05,12.60,12.60,66200,8.282094
2001-06-15,13.08,13.09,12.94,12.94,197100,8.505579
2001-06-14,13.00,13.10,13.00,13.05,29700,8.577883
2001-06-13,13.00,13.09,12.92,13.01,38700,8.551591
2001-06-12,13.06,13.10,12.86,12.99,77800,8.538444
2001-06-11,12.25,13.50,11.88,13.20,96100,8.676479
2001-06-08,12.54,12.85,12.50,12.50,44100,8.216363
2001-06-07,12.85,12.85,12.24,12.50,68300,8.216363
2001-06-06,12.49,12.78,12.43,12.77,131900,8.393837
2001-06-05,12.75,12.83,12.37,12.49,190900,8.20979
2001-06-04,12.75,12.90,12.65,12.65,94100,8.314959
2001-06-01,12.72,13.00,12.71,12.76,74500,8.387264
2001-05-31,12.89,13.03,12.70,12.73,226100,8.367544
2001-05-30,12.88,13.05,12.80,12.86,98100,8.452994
2001-05-29,12.95,13.00,12.75,12.88,80800,8.466141
2001-05-25,12.98,13.00,12.93,12.97,80500,8.525299
2001-05-24,13.00,13.06,12.91,13.00,80200,8.545018
2001-05-23,13.09,13.09,12.94,13.05,196000,8.577883
2001-05-22,13.05,13.20,13.00,13.08,63400,8.597602
2001-05-21,13.00,13.07,12.91,13.07,85800,8.591029
2001-05-18,13.04,13.05,12.95,12.99,41900,8.538444
2001-05-17,12.87,13.07,12.83,13.05,166100,8.577883
2001-05-16,12.89,13.20,12.83,13.05,389900,8.577883
2001-05-15,12.52,12.90,12.46,12.90,404100,8.479287
2001-05-14,12.11,13.12,12.11,13.00,141900,8.545018
2001-05-11,11.99,12.13,11.90,12.05,188500,7.920574
2001-05-10,11.78,12.02,11.77,11.86,111500,7.795685
2001-05-09,11.83,11.84,11.45,11.70,41000,7.690516
2001-05-08,11.74,11.81,11.66,11.79,168900,7.749674
2001-05-07,12.00,12.11,11.45,11.46,86000,7.532762
2001-05-04,11.48,12.22,11.44,12.22,69100,8.032317
2001-05-03,11.90,11.90,11.47,11.48,56300,7.545908
2001-05-02,11.76,11.95,11.43,11.87,119400,7.802258
2001-05-01,11.64,11.96,11.45,11.96,67100,7.861416
2001-04-30,11.55,11.67,11.38,11.67,91800,7.670797
2001-04-27,11.50,11.65,11.41,11.58,32200,7.611639
2001-04-26,11.35,11.90,11.35,11.45,41400,7.526189
2001-04-25,10.98,11.50,10.55,11.46,77400,7.444025
2001-04-24,10.83,11.45,10.65,10.70,114800,6.950355
2001-04-23,11.51,11.52,10.83,11.00,98300,7.145225
2001-04-20,11.03,11.81,10.90,11.40,84200,7.405051
2001-04-19,10.98,11.10,10.90,11.10,77400,7.210181
2001-04-18,11.30,11.43,10.89,11.02,211200,7.158216
2001-04-17,11.04,11.50,11.04,11.34,75800,7.366077
2001-04-16,11.00,11.20,10.85,11.05,150500,7.177703
2001-04-12,11.29,11.37,10.75,11.00,572500,7.145225
2001-04-11,11.69,11.79,11.30,11.30,162100,7.340095
2001-04-10,11.77,11.79,11.65,11.79,39900,7.658382
2001-04-09,11.25,11.85,11.25,11.79,59200,7.658382
2001-04-06,11.875,12.125,11.25,11.25,78800,7.307616
2001-04-05,11.8125,12.125,11.4375,11.9375,70900,7.754193
2001-04-04,11.5625,11.8125,11.3125,11.6875,30000,7.591801
2001-04-03,11.6875,11.8125,11.25,11.75,28000,7.632399
2001-04-02,11.875,11.9375,11.5625,11.625,238000,7.551203
2001-03-30,11.50,12.3125,11.50,11.9375,103700,7.754193
2001-03-29,11.75,11.75,11.1875,11.3125,19700,7.348214
2001-03-28,11.8125,11.9375,11.375,11.75,23000,7.632399
2001-03-27,11.84375,12.00,11.5625,11.6875,44200,7.591801
2001-03-26,12.00,12.00,11.75,11.8125,21000,7.672997
2001-03-23,11.9375,12.00,11.75,11.9375,36800,7.754193
2001-03-22,11.3125,12.00,10.875,12.00,158900,7.794791
2001-03-21,11.3125,11.375,11.00,11.375,174900,7.388812
2001-03-20,11.6875,12.00,11.25,11.25,145200,7.307616
2001-03-19,11.375,11.6875,11.25,11.6875,124500,7.591801
2001-03-16,11.73438,11.75,11.25,11.4375,104500,7.42941
2001-03-15,11.90625,11.90625,11.4375,11.6875,24300,7.591801
2001-03-14,11.875,12.00,11.8125,11.8125,48800,7.672997
2001-03-13,12.00,12.00,11.875,11.9375,93500,7.754193
2001-03-12,11.9375,12.00,11.75,11.875,149900,7.713595
2001-03-09,11.875,12.00,11.625,11.875,59200,7.713595
2001-03-08,12.125,12.125,11.875,11.9375,94600,7.754193
2001-03-07,12.1875,12.25,12.00,12.09375,114900,7.855687
2001-03-06,12.125,12.25,12.10938,12.125,135200,7.875986
2001-03-05,11.875,12.25,11.875,12.125,97600,7.875986
2001-03-02,12.0625,12.25,11.8125,11.8125,71600,7.672997
2001-03-01,12.125,12.125,11.75,12.00,51300,7.794791
2001-02-28,12.6875,12.6875,11.75,12.0625,67000,7.835388
2001-02-27,12.625,12.875,12.00,12.00,39700,7.794791
2001-02-26,12.3125,13.00,12.3125,13.00,25700,8.444356
2001-02-23,11.8125,12.25,11.625,12.25,37700,7.957182
2001-02-22,11.75,12.0625,11.6875,12.0625,28600,7.835388
2001-02-21,12.00,12.0625,11.75,11.75,87500,7.632399
2001-02-20,12.50,12.625,11.875,11.875,25100,7.713595
2001-02-16,12.75,12.8125,12.25,12.50,61800,8.119573
2001-02-15,12.6875,12.9375,12.5625,12.8125,53900,8.322563
2001-02-14,12.3125,12.75,12.3125,12.6875,55900,8.241367
2001-02-13,12.375,13.00,12.3125,12.3125,44200,7.99778
2001-02-12,12.375,12.50,12.00,12.50,35700,8.119573
2001-02-09,12.3125,12.375,12.0625,12.28125,47900,7.977481
2001-02-08,12.3125,12.3125,12.00,12.3125,38600,7.99778
2001-02-07,12.0625,12.3125,12.00,12.3125,29100,7.99778
2001-02-06,12.50,12.50,11.9375,12.125,42100,7.875986
2001-02-05,12.0625,12.75,11.9375,12.625,27700,8.200769
2001-02-02,12.1875,12.1875,11.8125,11.9375,62400,7.754193
2001-02-01,11.75,12.3125,11.75,12.0625,27900,7.835388
2001-01-31,12.375,12.625,11.625,11.625,263000,7.551203
2001-01-30,12.00,12.25,11.875,12.25,56800,7.957182
2001-01-29,11.875,12.125,11.625,11.875,90800,7.713595
2001-01-26,12.125,12.1875,11.8125,11.9375,54000,7.754193
2001-01-25,12.1875,12.375,11.875,12.0625,51200,7.835388
2001-01-24,12.46875,12.50,12.125,12.25,117700,7.86949
2001-01-23,12.0625,12.50,12.0625,12.50,64200,8.030092
2001-01-22,12.25,12.3125,11.875,12.09375,33500,7.769114
2001-01-19,12.25,12.28125,12.00,12.125,92900,7.789189
2001-01-18,11.875,12.375,11.875,12.375,89800,7.949791
2001-01-17,11.8125,12.1875,11.8125,12.00,107800,7.708888
2001-01-16,11.6875,11.9375,11.6875,11.9375,76700,7.668738
2001-01-12,11.25,11.75,11.00,11.75,48200,7.548286
2001-01-11,11.75,12.00,10.25,11.4375,125000,7.347534
2001-01-10,11.5625,11.875,11.375,11.875,84500,7.628587
2001-01-09,12.09375,12.09375,11.25,11.4375,59700,7.347534
2001-01-08,12.00,12.3125,12.00,12.00,45900,7.708888
2001-01-05,12.0625,12.50,11.75,12.0625,98700,7.749039
2001-01-04,11.25,12.50,11.125,12.4375,134200,7.989942
2001-01-03,10.5625,11.625,10.1875,11.375,434900,7.307384
2001-01-02,11.5625,11.5625,10.6875,11.0625,90500,7.106631
2000-12-29,11.6875,11.6875,11.3125,11.50,111800,7.387685
2000-12-28,11.5625,11.6875,11.50,11.6875,102600,7.508136
2000-12-27,11.625,11.75,11.375,11.6875,118600,7.508136
2000-12-26,10.875,11.625,10.875,11.5625,226400,7.427835
2000-12-22,10.625,11.50,10.5625,11.4375,92600,7.347534
2000-12-21,11.01562,11.375,9.25,10.5625,70900,6.785428
2000-12-20,11.375,11.625,10.75,11.00,86000,7.066481
2000-12-19,11.5625,12.10938,11.25,11.375,101800,7.307384
2000-12-18,12.50,12.50,11.50,11.625,70600,7.467986
2000-12-15,11.50,13.00,11.50,12.50,191600,8.030092
2000-12-14,11.78125,11.8125,11.50,11.6875,212100,7.508136
2000-12-13,12.0625,12.0625,11.625,11.875,42500,7.628587
2000-12-12,12.0625,12.3125,11.6875,12.00,105400,7.708888
2000-12-11,12.75,12.875,11.875,12.00,111900,7.708888
2000-12-08,11.375,14.00,11.375,12.9375,124600,8.311145
2000-12-07,11.75,11.9375,10.6875,11.4375,151500,7.347534
2000-12-06,12.60938,12.625,11.8125,11.8125,104300,7.588437
2000-12-05,13.00,13.00,12.3125,12.5625,163600,8.070242
2000-12-04,12.84375,13.50,12.75,12.8125,124200,8.230844
2000-12-01,12.07812,12.9375,12.0625,12.9375,69800,8.311145
2000-11-30,11.875,12.25,11.875,12.0625,89800,7.749039
2000-11-29,11.625,12.0625,11.625,12.00,63100,7.708888
2000-11-28,11.8125,11.8125,11.625,11.625,63400,7.467986
2000-11-27,12.00,12.625,11.8125,11.8125,142200,7.588437
2000-11-24,11.3125,12.1875,11.25,12.1875,31800,7.82934
2000-11-22,11.3125,11.375,11.1875,11.28125,40100,7.247158
2000-11-21,11.3125,11.3125,11.1875,11.25,126800,7.227083
2000-11-20,11.0625,11.3125,11.0625,11.25,124200,7.227083
2000-11-17,11.00,11.1875,11.00,11.125,167700,7.146782
2000-11-16,11.10938,11.10938,11.00,11.00,178800,7.066481
2000-11-15,10.8125,11.125,10.8125,11.00,102900,7.066481
2000-11-14,10.50,11.00,10.4375,10.8125,139800,6.94603
2000-11-13,10.125,10.5625,10.125,10.50,74400,6.745277
2000-11-10,10.1875,10.375,10.125,10.125,39700,6.504374
2000-11-09,10.25,10.4375,10.25,10.25,40200,6.584675
2000-11-08,10.375,10.4375,10.25,10.25,71800,6.584675
2000-11-07,10.25,10.4375,10.25,10.40625,68500,6.685052
2000-11-06,10.125,10.75,10.125,10.25,131100,6.584675
2000-11-03,10.84375,11.00,10.00,10.0625,249700,6.464224
2000-11-02,10.9375,11.00,10.75,10.875,266100,6.98618
2000-11-01,10.875,11.00,10.75,10.8125,37200,6.94603
2000-10-31,10.9375,11.0625,10.6875,10.9375,260600,7.02633
2000-10-30,10.6875,10.875,10.625,10.6875,95700,6.865729
2000-10-27,10.50,10.75,10.375,10.625,228800,6.825578
2000-10-26,10.125,10.4375,10.125,10.4375,181900,6.705127
2000-10-25,10.3125,10.50,10.0625,10.1875,354100,6.544525
2000-10-24,10.4375,10.50,10.25,10.3125,381200,6.624826
2000-10-23,10.21875,10.5625,10.21875,10.4375,282100,6.705127
2000-10-20,10.6875,10.6875,9.4375,10.125,243100,6.504374
2000-10-19,11.04688,11.04688,10.4375,10.6875,66400,6.865729
2000-10-18,10.75,11.0625,10.6875,10.75,69800,6.819154
2000-10-17,10.8125,11.0625,10.8125,10.8125,241300,6.8588
2000-10-16,10.875,11.00,10.75,11.00,47500,6.977739
2000-10-13,10.75,11.00,10.6875,10.9375,79900,6.938093
2000-10-12,11.04688,11.04688,10.6875,10.75,139700,6.819154
2000-10-11,11.125,11.25,10.875,11.0625,120800,7.017385
2000-10-10,11.25,11.375,11.1875,11.375,12600,7.215617
2000-10-09,11.00,11.3125,10.8125,11.3125,70000,7.17597
2000-10-06,11.125,11.125,10.8125,11.00,40700,6.977739
2000-10-05,11.1875,11.375,10.875,11.0625,139200,7.017385
2000-10-04,10.625,11.375,10.375,11.3125,273100,7.17597
2000-10-03,10.375,10.5625,10.25,10.50,545300,6.660569
2000-10-02,9.00,10.5625,8.9375,10.375,568900,6.581277
2000-09-29,11.50,11.50,10.8125,11.00,194400,6.977739
2000-09-28,11.6875,11.75,11.25,11.6875,102200,7.413848
2000-09-27,11.8125,11.875,11.50,11.8125,76700,7.49314
2000-09-26,11.89062,11.9375,11.8125,11.8125,53900,7.49314
2000-09-25,12.00,12.1875,11.875,11.9375,28300,7.572433
2000-09-22,12.1875,12.25,12.00,12.125,93200,7.691372
2000-09-21,12.00,12.3125,12.00,12.1875,123500,7.731018
2000-09-20,12.0625,12.125,11.8125,12.00,69600,7.612079
2000-09-19,12.00,12.0625,11.75,12.00,77400,7.612079
2000-09-18,11.90625,12.125,11.625,11.6875,47500,7.413848
2000-09-15,12.3125,12.50,11.75,11.8125,147200,7.49314
2000-09-14,12.46875,12.50,12.4375,12.4375,53100,7.889603
2000-09-13,12.4375,12.5625,12.3125,12.4375,32500,7.889603
2000-09-12,12.375,12.5625,12.375,12.4375,38500,7.889603
2000-09-11,12.4375,12.4375,12.00,12.375,121500,7.849957
2000-09-08,12.375,12.625,12.375,12.375,62200,7.849957
2000-09-07,12.3125,12.50,12.25,12.50,96500,7.929249
2000-09-06,11.8125,12.125,11.8125,12.125,67700,7.691372
2000-09-05,11.8125,12.375,11.8125,11.8125,32100,7.49314
2000-09-01,12.0625,12.25,11.75,11.75,38400,7.453494
2000-08-31,12.3125,12.625,12.00,12.0625,53100,7.651725
2000-08-30,12.50,12.75,12.125,12.125,65000,7.691372
2000-08-29,12.5625,12.875,12.50,12.75,32000,8.087834
2000-08-28,12.75,12.875,12.50,12.50,49800,7.929249
2000-08-25,12.75,13.125,12.5625,12.6875,83500,8.048188
2000-08-24,12.50,12.75,12.375,12.6875,150000,8.048188
2000-08-23,12.5625,12.5625,12.50,12.5625,39600,7.968895
2000-08-22,12.50,12.75,12.50,12.5625,80400,7.968895
2000-08-21,12.625,12.625,12.375,12.625,51700,8.008542
2000-08-18,12.375,12.5625,12.375,12.375,24600,7.849957
2000-08-17,12.625,12.625,12.4375,12.5625,42600,7.968895
2000-08-16,12.625,12.75,12.4375,12.50,61700,7.929249
2000-08-15,12.5625,12.9375,12.50,12.50,24400,7.929249
2000-08-14,12.6875,12.9375,12.5625,12.9375,23600,8.206773
2000-08-11,12.50,12.625,12.25,12.625,105200,8.008542
2000-08-10,12.9375,12.9375,12.50,12.50,42900,7.929249
2000-08-09,12.4375,12.9375,12.3125,12.75,64000,8.087834
2000-08-08,12.3125,12.50,12.3125,12.4375,59900,7.889603
2000-08-07,12.00,12.375,12.00,12.375,100600,7.849957
2000-08-04,11.9375,12.1875,11.6875,11.96875,21500,7.592256
2000-08-03,12.21875,12.3125,11.75,11.8125,53400,7.49314
2000-08-02,12.25,12.50,12.00,12.1875,153700,7.731018
2000-08-01,12.375,12.5625,12.3125,12.4375,15200,7.889603
2000-07-31,12.375,12.625,12.1875,12.5625,52400,7.968895
2000-07-28,12.25,12.375,12.1875,12.25,59600,7.770664
2000-07-27,12.42188,12.4375,12.125,12.3125,88900,7.81031
2000-07-26,12.125,12.4375,12.00,12.25,20500,7.770664
2000-07-25,12.125,12.3125,12.0625,12.1875,41100,7.731018
2000-07-24,12.75,12.75,12.00,12.125,180600,7.691372
2000-07-21,12.6875,12.75,12.50,12.75,56700,8.002198
2000-07-20,12.375,12.6875,12.3125,12.6875,150400,7.962972
2000-07-19,12.1875,12.4375,12.125,12.375,35700,7.766839
2000-07-18,12.375,12.50,12.3125,12.4375,84600,7.806066
2000-07-17,12.3125,12.50,12.3125,12.375,152700,7.766839
2000-07-14,12.59375,12.625,12.3125,12.375,103600,7.766839
2000-07-13,12.25,12.6875,12.25,12.6875,149200,7.962972
2000-07-12,12.25,12.50,12.00,12.375,50400,7.766839
2000-07-11,12.625,12.625,12.00,12.3125,117200,7.727613
2000-07-10,12.4375,12.8125,12.375,12.50,148400,7.845292
2000-07-07,12.375,12.75,12.125,12.4375,64400,7.806066
2000-07-06,12.125,12.375,12.00,12.3125,61600,7.727613
2000-07-05,11.875,12.25,11.875,12.1875,110900,7.64916
2000-07-03,11.8125,12.25,11.8125,12.00,76200,7.531481
2000-06-30,11.875,12.0625,11.8125,12.0625,133000,7.570707
2000-06-29,11.8125,12.125,11.8125,11.8125,94900,7.413801
2000-06-28,11.75,12.0625,11.625,12.0625,117300,7.570707
2000-06-27,11.625,11.875,11.625,11.8125,134700,7.413801
2000-06-26,11.125,11.9375,10.9375,11.5625,100000,7.256895
2000-06-23,11.125,11.125,11.00,11.0625,41700,6.943084
2000-06-22,11.0625,11.125,10.9375,11.00,258900,6.903857
2000-06-21,10.75,11.0625,10.75,11.00,59100,6.903857
2000-06-20,11.00,11.125,10.6875,10.6875,233900,6.707725
2000-06-19,10.9375,11.125,10.875,11.125,49400,6.98231
2000-06-16,10.96875,11.00,10.9375,11.00,255000,6.903857
2000-06-15,11.00,11.0625,10.875,11.00,288200,6.903857
2000-06-14,11.0625,11.0625,10.9375,10.9375,88500,6.864631
2000-06-13,10.875,11.0625,10.875,11.00,78800,6.903857
2000-06-12,11.0625,11.0625,10.8125,11.00,271400,6.903857
2000-06-09,10.625,11.0625,10.625,11.0625,175700,6.943084
2000-06-08,11.1875,11.1875,10.625,10.8125,68300,6.786178
2000-06-07,11.1875,11.1875,10.9375,11.0625,426200,6.943084
2000-06-06,11.25,11.375,10.9375,10.9375,451300,6.864631
2000-06-05,11.75,11.75,11.25,11.3125,127300,7.099989
2000-06-02,12.00,12.00,11.5625,11.625,107600,7.296122
2000-06-01,11.8125,12.00,11.75,11.875,90700,7.453028
2000-05-31,11.875,12.00,11.8125,11.8125,195000,7.413801
2000-05-30,12.25,12.375,11.75,11.8125,564400,7.413801
2000-05-26,11.8125,12.00,11.5625,11.625,58300,7.296122
2000-05-25,11.9375,12.375,11.8125,11.875,176300,7.453028
2000-05-24,12.50,12.50,11.625,11.8125,76400,7.413801
2000-05-23,11.75,12.42188,11.75,12.25,47600,7.688386
2000-05-22,12.25,12.3125,11.125,11.9375,295000,7.492254
2000-05-19,12.3125,12.625,12.25,12.25,57400,7.688386
2000-05-18,12.4375,12.50,12.25,12.3125,299300,7.727613
2000-05-17,12.625,12.625,12.3125,12.3125,75900,7.727613
2000-05-16,12.75,12.75,12.375,12.625,263400,7.923745
2000-05-15,12.375,12.75,12.375,12.6875,121500,7.962972
2000-05-12,12.8125,13.00,12.4375,12.4375,33500,7.806066
2000-05-11,12.875,13.00,12.8125,12.9375,34000,8.119877
2000-05-10,13.00,13.125,12.8125,12.875,76000,8.080651
2000-05-09,12.75,13.1875,12.75,13.00,95000,8.159104
2000-05-08,13.0625,13.25,12.75,12.875,55000,8.080651
2000-05-05,13.0625,13.0625,12.9375,13.00,68500,8.159104
2000-05-04,13.03125,13.125,12.9375,13.0625,105100,8.19833
2000-05-03,13.1875,13.375,12.9375,13.0625,43300,8.19833
2000-05-02,13.375,13.50,13.1875,13.375,95900,8.394463
2000-05-01,12.875,13.3125,12.75,13.3125,158900,8.355236
2000-04-28,13.00,13.00,12.6875,12.875,60300,8.080651
2000-04-27,12.9375,12.9375,12.625,12.875,148700,8.080651
2000-04-26,12.8125,13.125,12.75,12.875,160100,8.080651
2000-04-25,13.0625,13.0625,12.75,12.9375,101900,8.119877
2000-04-24,12.875,13.04688,12.75,12.8125,48800,8.041425
2000-04-20,13.00,13.125,12.875,13.0625,91800,8.113602
2000-04-19,12.75,13.125,12.75,13.00,171600,8.074781
2000-04-18,13.0625,13.0625,12.625,12.875,145700,7.997138
2000-04-17,13.00,13.4375,13.00,13.125,41300,8.152423
2000-04-14,12.875,13.59375,12.875,12.9375,55800,8.035959
2000-04-13,13.625,14.0625,12.6875,12.9375,314100,8.035959
2000-04-12,12.75,14.375,12.75,13.5625,238900,8.42417
2000-04-11,12.6875,13.00,12.5625,13.00,75200,8.074781
2000-04-10,12.875,13.0625,12.625,12.75,364000,7.919496
2000-04-07,13.375,13.75,12.625,12.65625,137400,7.861265
2000-04-06,13.375,13.875,13.00,13.50,143900,8.385349
2000-04-05,12.8125,13.125,12.75,13.00,96800,8.074781
2000-04-04,12.25,13.125,12.25,12.9375,97900,8.035959
2000-04-03,13.00,13.3125,12.0625,12.8125,129300,7.958317
2000-03-31,13.25,13.50,12.6875,13.25,197600,8.230065
2000-03-30,12.8125,13.25,12.75,13.0625,103600,8.113602
2000-03-29,12.50,12.8125,12.1875,12.5625,61500,7.803033
2000-03-28,13.375,13.375,12.50,12.50,42700,7.764212
2000-03-27,13.375,13.5625,13.125,13.375,16200,8.307707
2000-03-24,13.75,13.875,13.125,13.375,301800,8.307707
2000-03-23,13.9375,14.25,13.375,13.6875,126900,8.501812
2000-03-22,13.9375,14.00,13.9375,14.00,90600,8.695917
2000-03-21,13.9375,14.00,13.8125,14.00,56700,8.695917
2000-03-20,13.625,14.125,13.625,13.8125,158600,8.579454
2000-03-17,13.625,13.8125,13.375,13.6875,136800,8.501812
2000-03-16,13.125,14.125,12.875,14.00,149500,8.695917
2000-03-15,12.75,13.125,12.75,13.00,184100,8.074781
2000-03-14,12.5625,12.9375,12.50,12.84375,124400,7.977728
2000-03-13,12.4375,12.9375,11.9375,12.75,100100,7.919496
2000-03-10,13.125,13.125,12.875,12.98438,123700,8.065078
2000-03-09,13.0625,13.3125,12.9375,13.1875,124700,8.191244
2000-03-08,12.8125,12.875,12.00,12.50,119700,7.764212
2000-03-07,13.00,13.25,12.875,12.875,274000,7.997138
2000-03-06,12.875,13.125,12.5625,13.0625,190900,8.113602
2000-03-03,12.75,12.9375,12.6875,12.8125,140600,7.958317
2000-03-02,12.875,12.875,12.6875,12.6875,91500,7.880675
2000-03-01,13.0625,13.25,12.625,12.875,184800,7.997138
2000-02-29,12.75,13.25,12.75,13.25,163600,8.230065
2000-02-28,13.1875,13.25,12.39062,12.5625,96100,7.803033
2000-02-25,13.00,13.375,13.00,13.1875,75300,8.191244
2000-02-24,13.125,13.25,13.00,13.125,179300,8.152423
2000-02-23,12.4375,13.125,12.4375,13.00,154700,8.074781
2000-02-22,12.75,12.75,12.25,12.625,55900,7.841854
2000-02-18,12.5625,12.75,12.1875,12.375,251500,7.68657
2000-02-17,13.00,13.25,12.375,12.5625,212400,7.803033
2000-02-16,13.6875,13.6875,13.00,13.00,219200,8.074781
2000-02-15,13.00,13.50,12.875,13.34375,194000,8.288296
2000-02-14,13.0625,13.375,12.96875,12.96875,205400,8.05537
2000-02-11,14.00,14.125,13.00,13.00,227800,8.074781
2000-02-10,14.25,14.375,14.00,14.125,121200,8.77356
2000-02-09,14.1875,14.375,14.1875,14.3125,198700,8.890023
2000-02-08,14.125,14.375,13.95312,14.3125,102100,8.890023
2000-02-07,14.125,14.25,14.00,14.125,89500,8.77356
2000-02-04,14.0625,14.375,13.875,14.0625,142500,8.734739
2000-02-03,14.3125,14.50,13.53125,13.95312,182600,8.666799
2000-02-02,14.625,14.6875,14.25,14.3125,145500,8.890023
2000-02-01,14.4375,14.75,14.4375,14.625,161700,9.084128
2000-01-31,14.75,14.875,14.25,14.3125,218000,8.890023
2000-01-28,15.00,15.4375,14.50,14.875,190900,9.239412
2000-01-27,15.5625,15.875,14.8125,15.23438,140000,9.462636
2000-01-26,16.4375,16.625,15.3125,15.75,190500,9.782907
2000-01-25,16.4375,16.625,16.375,16.5625,66500,10.287581
2000-01-24,16.5625,16.6875,16.375,16.4375,101900,10.126085
2000-01-21,16.8125,16.875,16.5625,16.5625,78700,10.203089
2000-01-20,16.50,16.75,16.3125,16.6875,126600,10.280094
2000-01-19,16.00,16.50,16.00,16.375,63500,10.087583
2000-01-18,15.875,16.375,15.875,16.25,60200,10.010578
2000-01-14,15.50,16.375,15.50,16.0625,196300,9.895072
2000-01-13,15.50,15.50,15.25,15.50,247700,9.548551
2000-01-12,15.375,15.50,15.25,15.375,179800,9.471547
2000-01-11,15.50,15.5625,15.3125,15.4375,56700,9.510049
2000-01-10,15.875,15.875,15.50,15.6875,79700,9.664058
2000-01-07,15.50,15.875,15.50,15.875,92800,9.779565
2000-01-06,15.3125,15.5625,15.25,15.5625,118200,9.587054
2000-01-05,15.4375,15.4375,15.3125,15.3125,90900,9.433045
2000-01-04,15.375,15.625,15.375,15.4375,76300,9.510049
2000-01-03,16.25,16.50,15.3125,15.50,159000,9.548551
1999-12-31,16.50,16.75,16.25,16.3125,33300,10.04908
1999-12-30,16.3125,16.75,16.125,16.53125,38400,10.183838
1999-12-29,16.0625,16.53125,15.625,16.53125,37100,10.183838
1999-12-28,16.00,16.125,15.8125,16.0625,48900,9.895072
1999-12-27,15.59375,16.1875,15.50,15.875,91700,9.779565
1999-12-23,15.5625,15.8125,15.50,15.625,61800,9.625556
1999-12-22,15.78125,15.8125,15.50,15.75,94200,9.70256
1999-12-21,15.3125,15.75,15.00,15.6875,85500,9.664058
1999-12-20,15.125,15.50,15.00,15.3125,341100,9.433045
1999-12-17,16.0625,16.0625,15.00,15.0625,164500,9.279036
1999-12-16,16.00,16.125,15.8125,15.875,36900,9.779565
1999-12-15,16.00,16.00,15.625,16.00,52700,9.856569
1999-12-14,15.875,15.875,15.625,15.625,40000,9.625556
1999-12-13,15.75,16.00,15.6875,15.9375,83000,9.818067
1999-12-10,15.5625,15.875,15.50,15.8125,55100,9.741063
1999-12-09,16.3125,16.3125,14.50,15.8125,398900,9.741063
1999-12-08,15.25,16.50,15.25,16.125,857400,9.933574
1999-12-07,15.8125,15.875,15.125,15.25,62400,9.394543
1999-12-06,15.8125,16.00,15.75,15.75,33700,9.70256
1999-12-03,16.00,16.1875,15.625,16.00,75200,9.856569
1999-12-02,15.875,16.25,15.75,16.00,126600,9.856569
1999-12-01,15.875,16.25,15.8125,16.0625,57700,9.895072
1999-11-30,15.375,15.9375,15.25,15.84375,70600,9.760314
1999-11-29,15.5625,15.5625,15.25,15.3125,70700,9.433045
1999-11-26,15.75,15.8125,15.50,15.6875,61800,9.664058
1999-11-24,16.375,16.50,15.75,15.8125,98200,9.741063
1999-11-23,16.375,16.625,16.00,16.375,361000,10.087583
1999-11-22,16.125,16.375,16.00,16.375,238100,10.087583
1999-11-19,15.9375,16.3125,15.875,16.25,152300,10.010578
1999-11-18,15.625,16.1875,15.46875,16.00,265700,9.856569
1999-11-17,14.875,15.625,14.875,15.625,391900,9.625556
1999-11-16,15.50,16.00,14.75,15.00,182800,9.240534
1999-11-15,16.00,16.3125,15.625,15.9375,40400,9.818067
1999-11-12,15.625,16.3125,15.625,16.25,34400,10.010578
1999-11-11,16.00,16.00,15.50,15.8125,29300,9.741063
1999-11-10,15.9375,16.0625,15.875,15.875,37100,9.779565
1999-11-09,15.96875,16.125,15.8125,15.875,164700,9.779565
1999-11-08,15.75,16.25,15.75,15.875,56400,9.779565
1999-11-05,16.125,16.375,15.625,16.25,180600,10.010578
1999-11-04,16.25,16.375,15.875,16.125,73900,9.933574
1999-11-03,15.50,16.125,15.50,15.9375,47100,9.818067
1999-11-02,15.50,15.6875,15.50,15.5625,23000,9.587054
1999-11-01,15.625,15.625,15.50,15.50,28900,9.548551
1999-10-29,15.75,16.00,15.50,15.5625,61700,9.587054
1999-10-28,15.9375,16.125,15.75,15.8125,92900,9.741063
1999-10-27,15.75,16.375,15.75,16.00,188500,9.856569
1999-10-26,15.75,16.3125,15.50,16.3125,73500,10.04908
1999-10-25,15.25,15.875,15.25,15.78125,190700,9.721812
1999-10-22,15.00,15.625,14.75,15.25,208900,9.394543
1999-10-21,16.00,16.00,14.4375,14.75,110000,9.086525
1999-10-20,15.4375,16.375,15.25,16.1875,336800,9.895072
1999-10-19,15.0625,15.50,14.75,15.4375,80700,9.436613
1999-10-18,15.4375,15.4375,14.8125,15.00,16900,9.169179
1999-10-15,15.1875,15.75,15.00,15.375,35200,9.398408
1999-10-14,15.5625,15.625,15.00,15.25,38200,9.321999
1999-10-13,16.125,16.375,15.5625,15.5625,35800,9.513023
1999-10-12,16.125,16.25,15.875,15.875,377300,9.704048
1999-10-11,16.25,16.6875,16.125,16.125,103900,9.856867
1999-10-08,16.375,16.625,16.25,16.25,77200,9.933277
1999-10-07,16.8125,16.8125,16.4375,16.4375,156000,10.047892
1999-10-06,16.875,17.00,16.75,16.8125,148000,10.277121
1999-10-05,17.00,17.0625,16.875,16.875,21700,10.315326
1999-10-04,17.0625,17.25,16.75,16.9375,46100,10.353531
1999-10-01,17.3125,17.3125,17.00,17.1875,152700,10.506351
1999-09-30,16.50,17.3125,16.375,17.3125,162900,10.582761
1999-09-29,16.25,16.50,16.25,16.375,52100,10.009687
1999-09-28,17.00,17.1875,16.25,16.25,91300,9.933277
1999-09-27,17.00,17.25,16.9375,17.00,241700,10.391736
1999-09-24,17.0625,17.125,16.8125,16.8125,44100,10.277121
1999-09-23,17.3125,17.4375,16.875,17.125,135600,10.468146
1999-09-22,17.3125,17.5625,17.25,17.3125,103700,10.582761
1999-09-21,17.875,17.875,17.3125,17.375,106500,10.620966
1999-09-20,17.875,17.9375,17.6875,17.875,101600,10.926605
1999-09-17,18.53125,18.53125,17.75,18.0625,57300,11.04122
1999-09-16,18.1875,18.625,17.6875,18.3125,44200,11.194039
1999-09-15,18.75,19.00,18.25,18.6875,46100,11.423269
1999-09-14,18.125,18.875,18.125,18.875,93600,11.537883
1999-09-13,18.5625,18.5625,18.00,18.5625,61500,11.346859
1999-09-10,18.50,18.703119,18.375,18.625,42700,11.385064
1999-09-09,18.50,18.625,18.4375,18.50,31300,11.308654
1999-09-08,18.5625,18.59375,18.375,18.50,98100,11.308654
1999-09-07,18.25,18.6875,18.00,18.625,52200,11.385064
1999-09-03,18.375,18.50,17.875,18.375,56300,11.232244
1999-09-02,18.1875,18.25,17.8125,18.125,32200,11.079425
1999-09-01,18.0625,18.4375,17.75,18.1875,31600,11.117629
1999-08-31,17.625,18.50,17.375,17.9375,161900,10.96481
1999-08-30,17.6875,18.00,17.25,17.375,72700,10.620966
1999-08-27,17.875,18.00,17.375,17.6875,374800,10.81199
1999-08-26,18.3125,18.375,18.00,18.00,155600,11.003015
1999-08-25,18.25,18.546881,18.25,18.25,81400,11.155834
1999-08-24,18.4375,18.50,18.25,18.375,122500,11.232244
1999-08-23,18.50,18.875,18.25,18.4375,68100,11.270449
1999-08-20,18.8125,18.875,18.25,18.875,64200,11.537883
1999-08-19,18.84375,19.00,18.3125,18.75,150900,11.461474
1999-08-18,19.0625,19.1875,18.875,18.875,587400,11.537883
1999-08-17,19.15625,19.25,19.0625,19.0625,82200,11.652498
1999-08-16,19.0625,19.1875,19.0625,19.15625,29400,11.709806
1999-08-13,19.0625,19.25,19.0625,19.0625,36100,11.652498
1999-08-12,19.09375,19.25,19.00,19.1875,94800,11.728908
1999-08-11,19.125,19.25,18.8125,19.1875,83900,11.728908
1999-08-10,19.25,19.25,19.00,19.0625,553700,11.652498
1999-08-09,19.25,19.375,19.125,19.1875,31900,11.728908
1999-08-06,19.1875,19.25,19.0625,19.1875,65900,11.728908
1999-08-05,19.3125,19.3125,19.00,19.0625,406800,11.652498
1999-08-04,19.53125,19.5625,19.1875,19.25,110000,11.767113
1999-08-03,19.8125,20.00,19.25,19.50,141600,11.919933
1999-08-02,19.3125,19.875,19.1875,19.875,88100,12.149162
1999-07-30,19.75,19.75,19.25,19.3125,118000,11.805318
1999-07-29,19.625,19.75,19.125,19.75,77600,12.072752
1999-07-28,19.75,20.00,19.50,19.8125,110900,12.110957
1999-07-27,20.0625,20.25,19.625,20.125,260900,12.301982
1999-07-26,19.4375,19.625,19.125,19.5625,254100,11.958137
1999-07-23,19.75,19.8125,19.375,19.4375,35300,11.881728
1999-07-22,19.9375,20.0625,19.375,19.8125,78500,12.034547
1999-07-21,19.50,20.00,19.375,19.9375,45600,12.110475
1999-07-20,19.875,20.00,19.375,19.4375,156400,11.806764
1999-07-19,19.625,20.00,19.5625,20.00,189900,12.148439
1999-07-16,19.75,20.125,19.50,19.625,126500,11.920655
1999-07-15,19.50,19.75,19.50,19.75,186400,11.996583
1999-07-14,19.75,19.8125,19.50,19.50,250700,11.844728
1999-07-13,19.625,19.875,19.50,19.875,353300,12.072511
1999-07-12,18.625,19.75,18.625,19.625,270500,11.920655
1999-07-09,17.9375,18.8125,17.9375,18.625,242600,11.313234
1999-07-08,18.25,18.375,17.9375,18.00,126400,10.933595
1999-07-07,18.25,18.50,17.9375,18.3125,217700,11.123414
1999-07-06,17.375,18.375,17.375,18.3125,195100,11.123414
1999-07-02,17.125,17.375,17.0625,17.3125,46400,10.515992
1999-07-01,16.875,17.375,16.875,17.125,33800,10.402101
1999-06-30,16.875,17.25,16.75,17.1875,458800,10.440065
1999-06-29,16.1875,17.00,16.1875,16.9375,160500,10.288209
1999-06-28,16.625,16.625,16.125,16.25,253200,9.870606
1999-06-25,16.875,17.00,16.0625,16.625,76700,10.09839
1999-06-24,17.25,17.25,16.375,16.375,51200,9.946534
1999-06-23,17.00,17.375,16.9375,17.25,53700,10.478028
1999-06-22,17.1875,17.375,17.1875,17.1875,31700,10.440065
1999-06-21,17.3125,17.375,17.125,17.375,32100,10.553956
1999-06-18,17.3125,17.3125,17.00,17.25,99800,10.478028
1999-06-17,17.375,17.375,16.875,17.00,124300,10.326173
1999-06-16,17.25,17.375,17.125,17.1875,20800,10.440065
1999-06-15,17.25,17.375,17.00,17.00,102400,10.326173
1999-06-14,17.50,17.50,17.125,17.25,117600,10.478028
1999-06-11,17.5625,17.75,17.375,17.40625,79500,10.572938
1999-06-10,17.5625,17.625,17.4375,17.625,64200,10.705812
1999-06-09,17.875,18.0625,17.4375,17.50,58500,10.629884
1999-06-08,17.6875,18.375,17.625,17.875,307700,10.857667
1999-06-07,17.125,17.625,17.125,17.625,38100,10.705812
1999-06-04,17.0625,17.3125,17.0625,17.3125,24900,10.515992
1999-06-03,17.375,17.375,16.625,17.375,88900,10.553956
1999-06-02,17.625,17.75,17.00,17.00,286400,10.326173
1999-06-01,16.625,17.625,16.625,17.50,53500,10.629884
1999-05-28,16.6875,16.75,16.625,16.625,71300,10.09839
1999-05-27,16.9375,16.9375,16.5625,16.625,72000,10.09839
1999-05-26,17.25,17.375,16.75,17.00,37300,10.326173
1999-05-25,16.875,17.3125,16.5625,17.125,541700,10.402101
1999-05-24,15.875,16.9375,15.875,16.6875,172400,10.136354
1999-05-21,16.125,16.125,15.8125,16.125,34000,9.794679
1999-05-20,15.625,16.125,15.50,16.0625,320400,9.756715
1999-05-19,15.875,16.125,15.375,15.625,232100,9.490968
1999-05-18,15.625,16.00,15.625,15.6875,315900,9.528932
1999-05-17,15.75,15.875,15.625,15.625,129800,9.490968
1999-05-14,16.0625,16.125,15.75,15.75,253000,9.566895
1999-05-13,15.875,16.125,15.625,16.125,447800,9.794679
1999-05-12,16.25,16.4375,15.1875,15.625,126400,9.490968
1999-05-11,17.00,17.00,16.00,16.00,199000,9.718751
1999-05-10,17.1875,17.375,16.25,16.8125,97300,10.212281
1999-05-07,17.4375,17.4375,17.125,17.25,51100,10.478028
1999-05-06,17.4375,17.4375,17.125,17.125,84100,10.402101
1999-05-05,17.4375,17.4375,17.25,17.4375,116200,10.59192
1999-05-04,17.625,17.875,17.375,17.5625,424500,10.667848
1999-05-03,17.375,18.00,17.375,18.00,61600,10.933595
1999-04-30,16.875,17.75,16.8125,17.50,748400,10.629884
1999-04-29,16.125,16.875,15.75,16.875,157700,10.250245
1999-04-28,15.50,16.00,15.375,15.8125,212400,9.604859
1999-04-27,15.25,15.625,14.875,15.4375,121300,9.377076
1999-04-26,16.125,16.25,15.25,15.25,190800,9.263185
1999-04-23,15.875,16.125,15.375,15.65625,230000,9.50995
1999-04-22,16.125,16.125,15.375,15.375,109100,9.263184
1999-04-21,15.75,16.1875,15.625,15.875,124400,9.564426
1999-04-20,17.00,17.00,15.8125,15.8125,33200,9.526771
1999-04-19,16.75,17.125,16.515619,16.6875,43700,10.053944
1999-04-16,15.4375,16.625,15.3125,16.3125,115600,9.828012
1999-04-15,15.125,15.625,14.4375,15.3125,230700,9.225529
1999-04-14,13.9375,15.4375,13.9375,15.25,226400,9.187874
1999-04-13,13.75,14.125,13.50,14.00,175600,8.434769
1999-04-12,13.1875,13.75,13.125,13.65625,131100,8.227665
1999-04-09,13.4375,13.4375,13.125,13.1875,334400,7.945251
1999-04-08,13.375,13.50,13.0625,13.4375,151800,8.095872
1999-04-07,13.875,13.875,13.4375,13.4375,45300,8.095872
1999-04-06,13.625,14.375,13.625,13.875,311400,8.359459
1999-04-05,13.50,14.00,13.50,14.00,377100,8.434769
1999-04-01,13.50,13.625,13.50,13.50,158300,8.133527
1999-03-31,13.50,13.875,13.375,13.625,282600,8.208838
1999-03-30,13.50,13.5625,13.3125,13.4375,481900,8.095872
1999-03-29,13.25,13.4375,13.125,13.3125,138100,8.020562
1999-03-26,13.50,13.625,13.00,13.1875,1116000,7.945251
1999-03-25,13.375,13.5625,13.375,13.5625,204000,8.171183
1999-03-24,13.75,13.75,13.25,13.375,136400,8.058217
1999-03-23,13.9375,14.125,13.625,13.625,251900,8.208838
1999-03-22,14.00,14.125,13.9375,14.125,86500,8.51008
1999-03-19,14.00,14.25,13.9375,13.9375,200900,8.397114
1999-03-18,13.50,14.50,13.50,14.50,366600,8.736011
1999-03-17,13.75,13.9375,13.50,13.5625,282300,8.171183
1999-03-16,13.75,14.00,13.625,13.875,715000,8.359459
1999-03-15,13.75,14.25,13.5625,14.00,192600,8.434769
1999-03-12,13.375,14.125,13.25,13.875,1045900,8.359459
1999-03-11,13.625,13.6875,13.375,13.5625,329200,8.171183
1999-03-10,13.4375,13.9375,13.4375,13.50,597400,8.133527
1999-03-09,14.50,14.50,13.3125,13.50,640800,8.133527
1999-03-08,16.0625,16.3125,15.375,15.50,156800,9.338494
1999-03-05,16.00,16.50,16.00,16.50,23900,9.940978
1999-03-04,16.00,16.50,16.00,16.25,58600,9.790357
1999-03-03,16.50,16.50,16.00,16.125,99500,9.715047
1999-03-02,16.00,16.5625,16.00,16.00,59400,9.639736
1999-03-01,16.50,16.50,16.00,16.25,62800,9.790357
1999-02-26,16.4375,16.5625,16.375,16.50,100600,9.940978
1999-02-25,16.625,16.625,16.375,16.4375,34200,9.903323
1999-02-24,16.50,16.625,16.375,16.625,117000,10.016288
1999-02-23,16.50,16.8125,16.375,16.375,93400,9.865667
1999-02-22,16.50,16.875,16.50,16.50,32200,9.940978
1999-02-19,16.5625,16.875,16.50,16.50,52900,9.940978
1999-02-18,16.375,16.875,16.25,16.5625,115700,9.978633
1999-02-17,16.50,16.625,16.375,16.375,111500,9.865667
1999-02-16,16.50,16.625,16.25,16.5625,145300,9.978633
1999-02-12,16.25,16.4375,16.25,16.25,49600,9.790357
1999-02-11,16.375,16.6875,16.375,16.50,82000,9.940978
1999-02-10,17.00,17.00,16.50,16.50,87900,9.940978
1999-02-09,16.75,17.125,16.75,16.875,41900,10.166909
1999-02-08,17.125,17.125,16.625,16.75,70900,10.091599
1999-02-05,17.125,17.125,16.625,16.75,47200,10.091599
1999-02-04,16.875,17.125,16.75,16.875,26700,10.166909
1999-02-03,16.375,17.0625,16.375,17.00,179200,10.24222
1999-02-02,16.375,16.875,16.3125,16.50,127300,9.940978
1999-02-01,16.875,17.50,16.375,16.578119,274800,9.988044
1999-01-29,17.625,17.625,17.25,17.375,190800,10.468151
1999-01-28,17.50,17.9375,17.125,17.375,864400,10.468151
1999-01-27,17.375,18.00,17.375,17.50,250000,10.543461
1999-01-26,17.625,17.75,17.25,17.50,160400,10.543461
1999-01-25,17.625,17.8125,17.25,17.375,140600,10.468151
1999-01-22,18.00,18.00,17.3125,17.50,170900,10.543461
1999-01-21,18.375,18.4375,17.875,18.00,144600,10.769393
1999-01-20,18.75,18.875,18.25,18.25,190200,10.918968
1999-01-19,19.00,19.375,18.75,18.875,109800,11.292905
1999-01-15,19.875,19.875,19.25,19.25,152400,11.517268
1999-01-14,19.4375,20.00,19.25,19.50,157100,11.666843
1999-01-13,18.125,20.00,18.00,19.4375,195000,11.629449
1999-01-12,21.50,21.8125,18.00,18.25,225500,10.918968
1999-01-11,22.0625,22.0625,21.50,21.50,40400,12.863442
1999-01-08,21.8125,22.125,21.8125,21.875,94000,13.087804
1999-01-07,21.6875,22.125,21.625,22.125,70200,13.237379
1999-01-06,21.875,22.25,21.875,22.125,117500,13.237379
1999-01-05,21.625,22.75,21.25,21.875,140400,13.087804
1999-01-04,22.75,22.75,21.25,21.625,227800,12.938229
1998-12-31,22.625,22.75,22.50,22.6875,115900,13.573923
1998-12-30,21.6875,22.625,21.6875,22.625,99900,13.536529
1998-12-29,21.625,21.875,21.50,21.6875,52400,12.975623
1998-12-28,21.75,22.00,21.50,21.59375,121400,12.919532
1998-12-24,22.00,22.00,21.75,21.75,11000,13.013017
1998-12-23,22.0625,22.0625,21.5625,21.9375,110400,13.125198
1998-12-22,22.0625,22.125,21.9375,22.0625,67000,13.199985
1998-12-21,22.25,22.50,22.00,22.03125,222400,13.181289
1998-12-18,22.50,22.50,22.25,22.375,379300,13.386954
1998-12-17,21.125,22.375,21.00,22.375,70800,13.386954
1998-12-16,21.4375,21.75,20.75,21.25,66100,12.713867
1998-12-15,22.00,22.75,21.125,21.5625,692200,12.900836
1998-12-14,21.00,22.50,20.75,22.50,127900,13.461742
1998-12-11,20.625,21.25,20.625,21.125,37300,12.63908
1998-12-10,20.50,21.25,20.25,20.75,254000,12.414717
1998-12-09,20.375,20.50,20.125,20.50,250900,12.265142
1998-12-08,21.125,21.375,20.375,20.375,104300,12.190355
1998-12-07,20.9375,21.50,20.9375,21.50,106000,12.863442
1998-12-04,20.875,21.50,20.875,21.3125,449600,12.751261
1998-12-03,20.9375,20.9375,20.625,20.8125,128400,12.452111
1998-12-02,20.875,21.25,20.75,20.8125,113400,12.452111
1998-12-01,21.25,21.375,20.375,21.25,152600,12.713867
1998-11-30,21.0625,21.6875,21.00,21.375,94000,12.788654
1998-11-27,21.25,21.375,21.0625,21.375,13600,12.788654
1998-11-25,20.25,21.25,20.25,21.25,54800,12.713867
1998-11-24,20.875,20.875,20.25,20.25,94800,12.115567
1998-11-23,21.125,21.375,20.625,20.625,73600,12.33993
1998-11-20,21.00,21.375,21.00,21.125,113500,12.63908
1998-11-19,20.875,21.1875,20.875,21.125,131900,12.63908
1998-11-18,20.75,21.0625,20.75,21.00,86300,12.564292
1998-11-17,20.00,21.3125,20.00,21.0625,167800,12.601686
1998-11-16,20.375,20.75,20.00,20.00,98700,11.965992
1998-11-13,21.125,21.25,19.75,20.25,149500,12.115567
1998-11-12,22.625,22.875,21.3125,21.3125,197900,12.751261
1998-11-11,22.00,23.00,22.00,22.6875,258500,13.573923
1998-11-10,22.25,22.25,21.875,22.0625,55400,13.199985
1998-11-09,21.375,22.50,21.375,22.4375,207000,13.424348
1998-11-06,21.50,21.875,21.50,21.50,74600,12.863442
1998-11-05,20.50,21.875,20.3125,21.75,204100,13.013017
1998-11-04,20.75,20.875,20.00,20.1875,65200,12.078174
1998-11-03,19.75,20.50,19.75,20.4375,173700,12.227749
1998-11-02,20.00,20.25,19.9375,20.25,169500,12.115567
1998-10-30,20.50,20.50,19.875,19.875,587600,11.891205
1998-10-29,20.375,20.625,20.25,20.50,217000,12.265142
1998-10-28,19.00,20.8125,18.75,20.50,330400,12.265142
1998-10-27,18.375,19.125,18.375,19.125,109300,11.44248
1998-10-26,18.25,18.75,17.875,18.75,188900,11.218118
1998-10-23,17.875,18.25,17.875,18.125,87200,10.844181
1998-10-22,18.00,18.375,17.9375,18.00,99000,10.769393
1998-10-21,17.375,18.50,17.375,18.125,388800,10.775376
1998-10-20,16.625,18.50,16.375,17.50,125600,10.403812
1998-10-19,15.625,16.5625,15.50,16.375,112500,9.734995
1998-10-16,15.75,16.50,15.5625,15.75,172700,9.36343
1998-10-15,16.25,16.25,15.00,15.75,151700,9.36343
1998-10-14,15.50,16.50,15.50,16.50,61500,9.809308
1998-10-13,15.25,15.6875,15.125,15.5625,239400,9.251961
1998-10-12,16.25,16.25,15.25,15.25,284100,9.066179
1998-10-09,15.75,16.125,15.375,16.00,119600,9.512056
1998-10-08,14.875,15.375,14.875,15.25,373300,9.066179
1998-10-07,14.5625,15.625,14.5625,15.375,310600,9.140492
1998-10-06,14.4375,14.75,14.4375,14.75,59200,8.768927
1998-10-05,13.625,14.625,13.625,14.625,406800,8.694614
1998-10-02,14.25,14.375,13.625,13.9375,458400,8.285893
1998-10-01,13.625,14.1875,13.4375,13.6875,170400,8.137267
1998-09-30,14.375,14.375,13.50,14.125,222700,8.397362
1998-09-29,14.00,14.4375,14.00,14.3125,156000,8.508832
1998-09-28,14.4375,14.50,14.00,14.00,306500,8.323049
1998-09-25,14.875,14.875,14.125,14.25,760800,8.471675
1998-09-24,15.3125,15.3125,14.625,14.8125,492700,8.806083
1998-09-23,15.5625,15.625,15.1875,15.1875,361700,9.029022
1998-09-22,15.50,15.6875,15.375,15.5625,149100,9.251961
1998-09-21,15.3125,15.50,15.3125,15.375,161700,9.140492
1998-09-18,15.375,15.75,15.375,15.625,328700,9.289118
1998-09-17,15.25,15.50,15.25,15.375,79900,9.140492
1998-09-16,15.75,15.75,15.50,15.625,159600,9.289118
1998-09-15,15.5625,15.75,15.50,15.6875,250100,9.326274
1998-09-14,15.75,15.875,15.50,15.625,205600,9.289118
1998-09-11,15.75,15.8125,15.50,15.625,201600,9.289118
1998-09-10,16.00,16.0625,15.75,15.75,159300,9.36343
1998-09-09,16.1875,16.1875,16.00,16.00,163300,9.512056
1998-09-08,16.25,16.25,16.125,16.1875,340900,9.623526
1998-09-04,15.875,16.25,15.875,16.1875,242100,9.623526
1998-09-03,16.0625,16.0625,15.875,15.875,176500,9.437743
1998-09-02,16.25,16.25,15.875,15.96875,279000,9.493478
1998-09-01,15.875,16.375,15.875,16.125,181500,9.586369
1998-08-31,16.125,16.125,15.875,15.875,149800,9.437743
1998-08-28,15.8125,16.375,15.8125,15.875,73400,9.437743
1998-08-27,16.75,16.75,15.6875,15.875,186900,9.437743
1998-08-26,16.50,16.875,16.50,16.5625,204400,9.846465
1998-08-25,16.625,17.375,16.625,16.75,266300,9.957934
1998-08-24,16.75,16.75,16.375,16.625,267900,9.883621
1998-08-21,15.9375,16.75,15.75,16.6875,345900,9.920778
1998-08-20,16.00,16.25,15.75,16.00,254100,9.512056
1998-08-19,16.50,16.50,16.00,16.125,145800,9.586369
1998-08-18,16.625,16.625,16.00,16.3125,197200,9.697839
1998-08-17,16.375,16.625,16.00,16.125,64900,9.586369
1998-08-14,16.50,16.625,16.00,16.00,126700,9.512056
1998-08-13,17.0625,17.25,15.75,16.00,172900,9.512056
1998-08-12,17.1875,17.375,17.00,17.00,132600,10.10656
1998-08-11,17.375,17.375,16.9375,17.03125,125600,10.125138
1998-08-10,17.125,17.50,17.125,17.375,137000,10.329499
1998-08-07,17.25,17.375,17.00,17.1875,365900,10.218029
1998-08-06,17.375,17.4375,17.00,17.1875,296800,10.218029
1998-08-05,17.4375,17.625,17.125,17.25,231300,10.255186
1998-08-04,17.6875,17.75,16.8125,17.375,315100,10.329499
1998-08-03,17.875,18.00,17.625,17.625,130600,10.478125
1998-07-31,18.1875,18.1875,17.875,17.9375,127100,10.663907
1998-07-30,17.875,18.1875,17.875,18.0625,137100,10.73822
1998-07-29,17.75,18.0625,17.5625,18.0625,377400,10.73822
1998-07-28,18.00,18.0625,17.625,17.625,95000,10.478125
1998-07-27,18.00,18.00,17.6875,17.75,67400,10.552438
1998-07-24,17.875,18.25,17.875,18.00,139000,10.701063
1998-07-23,18.25,18.25,17.875,17.875,101500,10.62675
1998-07-22,18.125,18.25,18.00,18.00,130500,10.632695
1998-07-21,18.25,18.25,18.125,18.125,156300,10.706533
1998-07-20,18.25,18.25,18.125,18.25,67100,10.780371
1998-07-17,18.25,18.25,18.125,18.1875,94200,10.743452
1998-07-16,18.00,18.375,18.00,18.125,127100,10.706533
1998-07-15,18.50,18.50,18.125,18.1875,322800,10.743452
1998-07-14,18.4375,18.625,18.3125,18.3125,142100,10.81729
1998-07-13,18.875,18.875,18.4375,18.4375,119700,10.891129
1998-07-10,18.875,18.875,18.50,18.625,153100,11.001886
1998-07-09,19.00,19.00,18.375,18.875,205700,11.149562
1998-07-08,19.00,19.0625,18.875,18.90625,154000,11.168022
1998-07-07,19.125,19.25,18.875,19.00,139200,11.2234
1998-07-06,19.625,19.625,19.00,19.125,257200,11.297238
1998-07-02,19.625,19.625,19.375,19.50,178700,11.518753
1998-07-01,19.5625,19.75,19.4375,19.5625,147200,11.555672
1998-06-30,19.50,19.5625,19.4375,19.5625,237200,11.555672
1998-06-29,19.375,19.5625,19.375,19.50,156500,11.518753
1998-06-26,19.375,19.6875,19.375,19.50,122900,11.518753
1998-06-25,19.4375,19.50,19.00,19.4375,47500,11.481834
1998-06-24,19.1875,19.50,19.125,19.125,104700,11.297238
1998-06-23,19.00,19.375,19.00,19.3125,75200,11.407996
1998-06-22,18.875,19.3125,18.875,19.1875,97500,11.334157
1998-06-19,18.875,19.0625,18.875,18.9375,175900,11.186481
1998-06-18,19.625,20.00,18.875,19.25,304900,11.371077
1998-06-17,20.00,20.1875,19.50,19.9375,97500,11.777186
1998-06-16,19.5625,19.875,19.375,19.875,112700,11.740267
1998-06-15,19.50,19.6875,19.3125,19.50,77300,11.518753
1998-06-12,19.6875,19.75,19.375,19.50,74600,11.518753
1998-06-11,19.25,20.00,19.25,19.9375,141400,11.777186
1998-06-10,20.3125,20.3125,19.25,19.375,134300,11.444915
1998-06-09,20.75,20.9375,20.25,20.3125,140400,11.998701
1998-06-08,20.6875,21.00,20.625,20.75,129800,12.257134
1998-06-05,20.5625,20.6875,20.25,20.6875,132200,12.220215
1998-06-04,20.75,20.875,20.4375,20.625,177400,12.183296
1998-06-03,20.00,20.75,20.00,20.53125,119800,12.127918
1998-06-02,19.8125,20.125,19.8125,20.03125,67400,11.832565
1998-06-01,19.875,20.00,19.875,19.9375,33800,11.777186
1998-05-29,20.25,20.50,19.875,19.875,51200,11.740267
1998-05-28,20.00,20.4375,20.00,20.375,162300,12.03562
1998-05-27,20.125,20.25,19.875,20.1875,60800,11.924863
1998-05-26,20.625,21.00,20.125,20.125,38300,11.887944
1998-05-22,21.00,21.00,20.6875,20.8125,74300,12.294054
1998-05-21,20.75,21.00,20.75,21.00,27000,12.404811
1998-05-20,20.875,21.125,20.75,20.75,70400,12.257134
1998-05-19,20.6875,21.125,20.5625,21.125,124300,12.478649
1998-05-18,21.125,21.1875,20.50,20.625,171600,12.183296
1998-05-15,21.125,21.125,21.00,21.00,118000,12.404811
1998-05-14,20.875,21.125,20.75,21.00,168900,12.404811
1998-05-13,20.875,21.375,20.75,21.0625,239400,12.44173
1998-05-12,21.625,21.8125,20.625,20.8125,123400,12.294054
1998-05-11,21.8125,22.00,21.625,21.625,166800,12.774002
1998-05-08,21.875,21.9375,21.75,21.8125,54300,12.884759
1998-05-07,21.75,21.9375,21.75,21.8125,58300,12.884759
1998-05-06,21.875,22.3125,21.875,21.875,98400,12.921678
1998-05-05,22.00,22.125,21.75,22.0625,152000,13.032435
1998-05-04,22.25,22.75,22.00,22.00,127800,12.995516
1998-05-01,22.25,22.75,22.00,22.25,83200,13.143192
1998-04-30,22.625,22.875,22.125,22.375,112000,13.217031
1998-04-29,22.00,22.50,21.875,22.50,78600,13.290869
1998-04-28,22.25,22.375,21.75,21.875,164600,12.921678
1998-04-27,22.00,22.50,22.00,22.3125,87200,13.180111
1998-04-24,22.125,22.375,22.125,22.25,288100,13.143192
1998-04-23,22.75,22.75,22.00,22.125,334300,13.001424
1998-04-22,22.125,22.625,21.875,22.375,143400,13.148333
1998-04-21,22.125,22.50,21.75,22.1875,60400,13.038151
1998-04-20,22.25,22.625,22.125,22.1875,87400,13.038151
1998-04-17,22.625,23.00,22.125,22.625,297400,13.295241
1998-04-16,22.625,23.125,22.625,22.6875,206900,13.331969
1998-04-15,24.00,24.1875,21.625,23.0625,518200,13.552332
1998-04-14,24.50,24.875,24.25,24.375,96500,14.323603
1998-04-13,24.75,24.75,24.50,24.50,32500,14.397057
1998-04-09,25.375,25.6875,24.875,24.875,56900,14.61742
1998-04-08,25.00,25.625,25.00,25.625,66800,15.058146
1998-04-07,24.625,25.25,24.625,25.25,64700,14.837783
1998-04-06,24.75,25.00,24.75,24.875,62400,14.61742
1998-04-03,24.75,25.00,24.75,24.75,127600,14.543966
1998-04-02,24.875,25.375,24.75,24.9375,199700,14.654147
1998-04-01,25.0625,25.50,24.9375,25.00,124100,14.690875
1998-03-31,25.25,25.75,25.125,25.25,47800,14.837783
1998-03-30,25.50,25.75,25.25,25.25,54400,14.837783
1998-03-27,25.50,26.00,25.125,25.625,57000,15.058146
1998-03-26,25.50,25.625,25.50,25.625,141500,15.058146
1998-03-25,25.25,25.875,25.25,25.625,56000,15.058146
1998-03-24,25.25,25.75,25.25,25.375,46100,14.911238
1998-03-23,25.25,25.625,25.125,25.50,51600,14.984692
1998-03-20,25.75,25.8125,25.25,25.25,75000,14.837783
1998-03-19,25.375,25.875,24.875,25.4375,106700,14.947965
1998-03-18,25.625,26.00,25.00,25.00,67900,14.690875
1998-03-17,25.75,26.125,25.50,26.00,153200,15.278509
1998-03-16,24.8125,26.00,24.8125,25.75,89100,15.131601
1998-03-13,24.6875,25.00,24.50,24.625,62000,14.470511
1998-03-12,24.50,24.875,24.50,24.5625,43000,14.433784
1998-03-11,24.50,24.8125,24.50,24.625,122400,14.470511
1998-03-10,24.50,25.00,24.50,24.50,33200,14.397057
1998-03-09,24.75,25.00,24.50,24.625,20400,14.470511
1998-03-06,25.00,25.25,24.50,25.0625,53500,14.727602
1998-03-05,24.625,25.00,24.25,24.5625,51300,14.433784
1998-03-04,25.00,25.125,24.625,24.6875,40000,14.507239
1998-03-03,24.625,25.50,24.625,25.50,20600,14.984692
1998-03-02,25.375,25.625,24.625,25.00,178800,14.690875
1998-02-27,25.375,25.75,25.375,25.50,100200,14.984692
1998-02-26,25.75,25.75,25.375,25.6875,25400,15.094874
1998-02-25,25.625,25.75,25.25,25.75,51000,15.131601
1998-02-24,25.625,26.00,25.25,25.4375,113600,14.947965
1998-02-23,25.25,26.50,25.125,25.625,231000,15.058146
1998-02-20,25.125,25.25,25.00,25.25,87300,14.837783
1998-02-19,25.1875,25.1875,24.9375,25.00,91200,14.690875
1998-02-18,24.50,25.1875,24.50,25.1875,124400,14.801056
1998-02-17,24.00,24.875,23.75,24.875,88500,14.61742
1998-02-13,24.65625,24.75,24.00,24.125,33500,14.176694
1998-02-12,24.75,24.875,24.625,24.625,58800,14.470511
1998-02-11,24.875,25.0625,24.875,25.00,26700,14.690875
1998-02-10,24.625,25.125,24.625,24.9375,45500,14.654147
1998-02-09,24.50,25.00,24.50,24.9375,37800,14.654147
1998-02-06,25.125,25.125,24.50,24.9375,46500,14.654147
1998-02-05,24.25,25.25,24.25,24.875,65700,14.61742
1998-02-04,24.375,24.75,24.375,24.625,29000,14.470511
1998-02-03,24.50,25.00,24.125,24.75,59100,14.543966
1998-02-02,23.9375,24.50,23.9375,24.50,62900,14.397057
1998-01-30,24.50,24.50,23.9375,24.25,41100,14.250148
1998-01-29,24.125,24.50,24.125,24.4375,33700,14.36033
1998-01-28,24.125,24.25,24.125,24.1875,31500,14.213421
1998-01-27,24.3125,24.4375,24.125,24.4375,40200,14.36033
1998-01-26,24.125,24.5625,24.125,24.4375,74600,14.36033
1998-01-23,24.125,24.5625,24.125,24.375,36200,14.323603
1998-01-22,24.6875,24.6875,23.75,24.25,110600,14.182569
1998-01-21,24.25,24.75,24.25,24.4375,132900,14.292229
1998-01-20,24.00,24.50,24.00,24.375,37100,14.255675
1998-01-16,24.00,24.25,23.50,24.25,58600,14.182569
1998-01-15,23.50,24.00,23.50,23.875,41300,13.963251
1998-01-14,23.50,24.00,23.50,23.6875,38000,13.853592
1998-01-13,23.75,24.00,23.375,23.546881,87000,13.771351
1998-01-12,23.50,24.00,23.375,23.375,60600,13.670827
1998-01-09,23.75,24.25,23.50,23.875,114200,13.963251
1998-01-08,24.50,24.50,23.25,23.625,122800,13.817039
1998-01-07,24.50,24.625,24.125,24.125,63100,14.109463
1998-01-06,25.00,25.125,24.50,24.625,27500,14.401888
1998-01-05,24.50,25.00,24.50,25.00,67200,14.621206
1998-01-02,25.125,25.25,24.00,24.625,199000,14.401888
1997-12-31,24.125,25.625,24.125,25.125,80600,14.694312
1997-12-30,24.75,25.375,24.00,24.8125,283900,14.511547
1997-12-29,25.00,25.00,24.25,24.875,114800,14.5481
1997-12-26,24.375,24.50,24.125,24.125,27000,14.109463
1997-12-24,24.75,25.25,24.375,24.6875,62500,14.438441
1997-12-23,24.50,25.25,24.50,24.875,127000,14.5481
1997-12-22,24.25,25.50,24.25,25.00,538700,14.621206
1997-12-19,24.875,24.875,24.375,24.5625,162800,14.365335
1997-12-18,25.125,25.25,24.75,24.75,125900,14.474994
1997-12-17,24.75,25.1875,24.75,25.0625,50000,14.657759
1997-12-16,24.875,25.00,24.75,24.9375,176600,14.584653
1997-12-15,24.75,25.25,24.625,24.9375,46700,14.584653
1997-12-12,25.00,25.3125,24.625,25.00,54500,14.621206
1997-12-11,24.50,25.50,24.50,25.00,95300,14.621206
1997-12-10,24.50,25.25,24.50,25.00,270600,14.621206
1997-12-09,25.00,25.375,24.75,24.8125,258200,14.511547
1997-12-08,24.75,25.625,24.625,25.625,296100,14.986736
1997-12-05,23.50,25.50,23.50,25.25,397900,14.767418
1997-12-04,24.00,24.1875,23.25,24.125,181600,14.109463
1997-12-03,22.9375,24.00,22.875,24.00,284700,14.036357
1997-12-02,23.00,23.125,22.625,23.00,132600,13.451509
1997-12-01,22.6875,23.375,22.375,22.8125,166300,13.34185
1997-11-28,22.50,22.75,22.375,22.375,94200,13.085979
1997-11-26,22.625,23.00,22.375,22.375,308500,13.085979
1997-11-25,23.125,23.50,22.25,22.625,238600,13.232191
1997-11-24,23.375,23.875,23.125,23.25,24800,13.597721
1997-11-21,23.875,23.875,23.375,23.50,221900,13.743933
1997-11-20,22.875,23.75,22.50,23.375,95000,13.670827
1997-11-19,23.6875,23.875,22.25,22.50,116300,13.159085
1997-11-18,24.00,24.00,23.50,23.875,157900,13.963251
1997-11-17,23.50,23.875,23.00,23.50,162200,13.743933
1997-11-14,23.00,23.125,22.625,23.125,119400,13.524615
1997-11-13,22.625,23.25,22.625,23.00,48400,13.451509
1997-11-12,22.75,23.25,22.50,22.50,56500,13.159085
1997-11-11,22.75,23.25,22.75,23.00,45100,13.451509
1997-11-10,22.375,23.25,22.375,22.75,26700,13.305297
1997-11-07,22.75,23.00,22.25,22.25,33000,13.012873
1997-11-06,23.25,23.25,22.8125,23.125,94300,13.524615
1997-11-05,22.75,23.25,22.75,23.25,167400,13.597721
1997-11-04,23.25,23.25,22.50,22.75,164000,13.305297
1997-11-03,22.75,23.50,22.625,23.0625,144700,13.488062
1997-10-31,22.50,23.125,22.50,22.50,55400,13.159085
1997-10-30,22.00,22.625,21.875,22.625,179100,13.232191
1997-10-29,22.50,22.625,22.00,22.50,114100,13.159085
1997-10-28,22.25,22.50,22.00,22.125,91100,12.939767
1997-10-27,22.75,22.75,22.4375,22.4375,87100,13.122532
1997-10-24,23.00,23.00,22.5625,22.625,203400,13.232191
1997-10-23,22.25,23.00,21.375,22.00,160500,12.866661
1997-10-22,24.00,24.00,23.00,23.125,200300,13.463207
1997-10-21,23.50,24.00,23.50,23.875,182700,13.899851
1997-10-20,23.875,24.125,23.0625,23.5625,445500,13.717916
1997-10-17,23.00,23.625,22.875,23.625,156700,13.754303
1997-10-16,23.5625,24.00,23.00,23.00,196300,13.390433
1997-10-15,23.625,24.00,23.25,23.625,160600,13.754303
1997-10-14,24.75,24.75,23.3125,23.50,296500,13.681529
1997-10-13,26.25,26.25,23.00,24.875,808800,14.482044
1997-10-10,21.75,22.00,21.75,21.9375,179300,12.771853
1997-10-09,21.625,21.875,21.375,21.875,212900,12.735466
1997-10-08,22.00,22.125,21.625,21.625,89900,12.589918
1997-10-07,21.50,22.00,21.50,21.75,201400,12.662692
1997-10-06,21.50,21.75,21.375,21.75,19500,12.662692
1997-10-03,22.00,22.00,21.4375,21.50,164800,12.517143
1997-10-02,21.375,21.875,21.375,21.4375,89800,12.480756
1997-10-01,21.375,21.875,21.25,21.375,213400,12.444369
1997-09-30,20.75,21.50,20.75,21.375,165000,12.444369
1997-09-29,20.875,21.00,20.625,20.6875,138000,12.044112
1997-09-26,20.625,21.00,20.625,21.00,109800,12.226047
1997-09-25,20.625,20.75,20.25,20.625,158200,12.007725
1997-09-24,20.75,21.00,20.5625,20.75,73100,12.080499
1997-09-23,20.75,21.125,20.75,20.875,179700,12.153273
1997-09-22,20.25,21.00,20.25,21.00,115800,12.226047
1997-09-19,20.00,20.50,20.00,20.375,233900,11.862177
1997-09-18,20.00,20.375,20.00,20.3125,178200,11.82579
1997-09-17,19.5625,20.125,19.5625,20.125,552300,11.716628
1997-09-16,20.875,20.875,19.50,19.5625,208900,11.389145
1997-09-15,21.25,21.5625,20.75,20.875,73100,12.153273
1997-09-12,21.5625,21.625,21.375,21.4375,360300,12.480756
1997-09-11,21.5625,21.75,21.50,21.625,196700,12.589918
1997-09-10,21.875,22.00,21.50,21.75,77500,12.662692
1997-09-09,21.75,21.875,21.625,21.875,68600,12.735466
1997-09-08,21.3125,21.75,21.3125,21.6875,43600,12.626305
1997-09-05,21.625,21.75,21.25,21.4375,153000,12.480756
1997-09-04,21.375,21.625,21.375,21.375,8900,12.444369
1997-09-03,21.50,21.50,21.125,21.4375,83500,12.480756
1997-09-02,22.00,22.00,20.75,21.50,141800,12.517143
1997-08-29,21.875,21.875,21.50,21.875,52400,12.735466
1997-08-28,21.6875,21.875,21.50,21.50,502600,12.517143
1997-08-27,21.8125,21.875,21.50,21.50,284100,12.517143
1997-08-26,21.25,21.75,21.25,21.75,509700,12.662692
1997-08-25,21.375,21.625,21.25,21.3125,134700,12.407982
1997-08-22,21.50,21.75,21.25,21.625,60600,12.589918
1997-08-21,22.00,22.125,21.625,21.625,96200,12.589918
1997-08-20,21.875,22.125,21.75,22.00,82000,12.80824
1997-08-19,21.75,22.125,21.75,21.875,79000,12.735466
1997-08-18,21.625,22.00,21.625,21.75,69900,12.662692
1997-08-15,21.75,22.00,21.50,21.50,60200,12.517143
1997-08-14,21.50,22.125,21.50,21.9375,381800,12.771853
1997-08-13,22.25,22.3125,21.50,22.0625,189500,12.844627
1997-08-12,22.34375,22.5625,22.00,22.25,69400,12.953788
1997-08-11,22.75,22.75,22.00,22.25,80100,12.953788
1997-08-08,23.00,23.125,22.50,22.9375,154700,13.354045
1997-08-07,23.625,23.625,23.25,23.375,56200,13.608755
1997-08-06,23.50,23.625,23.25,23.625,78800,13.754303
1997-08-05,23.125,23.50,23.125,23.25,224500,13.535981
1997-08-04,23.75,23.75,23.125,23.50,60500,13.681529
1997-08-01,23.375,23.875,23.375,23.875,56300,13.899851
1997-07-31,23.375,23.75,23.375,23.625,40900,13.754303
1997-07-30,23.875,24.125,23.4375,23.875,64000,13.899851
1997-07-29,24.125,24.375,23.875,23.875,48700,13.899851
1997-07-28,24.25,24.375,24.125,24.125,159200,14.045399
1997-07-25,24.125,24.50,24.125,24.125,77900,14.045399
1997-07-24,24.00,24.375,24.00,24.3125,65500,14.15456
1997-07-23,24.00,24.375,24.00,24.00,23000,13.911495
1997-07-22,24.00,24.375,23.875,24.3125,70600,14.092634
1997-07-21,24.25,24.25,23.75,23.9375,146400,13.875267
1997-07-18,23.375,24.625,23.25,24.625,142400,14.273774
1997-07-17,23.25,23.625,23.25,23.5625,25000,13.6579
1997-07-16,23.375,23.625,23.375,23.625,266100,13.694128
1997-07-15,23.3125,23.625,23.00,23.50,262500,13.621672
1997-07-14,23.00,23.25,23.00,23.25,220800,13.476761
1997-07-11,23.25,23.25,23.00,23.00,22500,13.33185
1997-07-10,24.00,24.00,22.875,23.125,317400,13.404305
1997-07-09,24.25,24.375,24.00,24.00,346700,13.911495
1997-07-08,23.25,25.00,23.125,24.875,191200,14.418685
1997-07-07,23.50,24.00,23.25,23.4375,107400,13.585445
1997-07-03,23.875,24.125,23.50,24.00,16500,13.911495
1997-07-02,23.625,24.00,23.625,23.625,68300,13.694128
1997-07-01,24.25,24.25,23.625,24.25,39200,14.056407
1997-06-30,24.25,24.875,23.75,24.625,203100,14.273774
1997-06-27,23.25,24.625,23.25,24.25,124100,14.056407
1997-06-26,23.375,23.75,23.25,23.25,34500,13.476761
1997-06-25,23.25,23.75,23.25,23.75,50500,13.766584
1997-06-24,23.25,23.75,23.25,23.625,67200,13.694128
1997-06-23,23.25,23.625,23.25,23.625,111200,13.694128
1997-06-20,22.75,23.625,22.375,23.25,293300,13.476761
1997-06-19,23.50,23.50,23.00,23.25,66200,13.476761
1997-06-18,23.125,23.25,23.00,23.25,50100,13.476761
1997-06-17,23.125,23.50,23.00,23.125,101200,13.404305
1997-06-16,24.125,24.125,23.00,23.25,151100,13.476761
1997-06-13,24.125,24.375,24.125,24.25,146700,14.056407
1997-06-12,24.25,24.375,24.125,24.25,329600,14.056407
1997-06-11,23.75,24.25,23.75,24.1875,163800,14.020179
1997-06-10,23.50,24.25,23.50,24.00,93000,13.911495
1997-06-09,23.375,24.00,23.375,23.9375,101500,13.875267
1997-06-06,23.25,23.6875,23.25,23.4375,90900,13.585445
1997-06-05,23.375,23.625,23.125,23.4375,101900,13.585445
1997-06-04,22.625,23.75,22.625,23.375,176400,13.549217
1997-06-03,23.125,23.125,22.50,23.00,71200,13.33185
1997-06-02,22.375,23.25,21.875,23.00,125700,13.33185
1997-05-30,22.00,22.375,21.625,22.25,114600,12.897115
1997-05-29,21.75,22.25,21.25,22.125,129100,12.82466
1997-05-28,21.50,21.75,21.25,21.625,791400,12.534837
1997-05-27,21.375,21.50,21.25,21.50,46500,12.462381
1997-05-23,21.00,21.50,21.00,21.50,341200,12.462381
1997-05-22,21.625,21.625,21.00,21.00,220500,12.172558
1997-05-21,20.125,22.125,19.875,21.625,684500,12.534837
1997-05-20,20.00,20.625,19.875,20.125,53000,11.665368
1997-05-19,20.25,20.625,19.875,20.625,19200,11.955191
1997-05-16,20.00,20.50,19.875,20.0625,174600,11.629141
1997-05-15,19.50,20.75,19.25,20.50,338600,11.882735
1997-05-14,19.50,19.625,19.25,19.25,146500,11.158178
1997-05-13,19.375,19.50,19.125,19.375,202200,11.230634
1997-05-12,19.375,19.375,18.875,19.375,438100,11.230634
1997-05-09,19.25,19.375,19.00,19.00,92600,11.013267
1997-05-08,19.375,19.375,19.125,19.375,254000,11.230634
1997-05-07,19.50,19.50,19.00,19.3125,104200,11.194406
1997-05-06,19.50,19.50,19.00,19.50,345700,11.30309
1997-05-05,19.00,19.50,19.00,19.50,232300,11.30309
1997-05-02,18.75,19.125,18.75,19.00,351100,11.013267
1997-05-01,19.00,19.00,18.50,18.75,384300,10.868356
1997-04-30,18.50,19.00,18.00,19.00,497000,11.013267
1997-04-29,18.50,19.125,18.50,19.00,102100,11.013267
1997-04-28,19.125,19.125,18.50,18.50,151400,10.723444
1997-04-25,19.00,19.375,18.125,18.50,73500,10.723444
1997-04-24,19.375,19.625,19.00,19.375,96900,11.230634
1997-04-23,19.625,19.625,19.375,19.375,69900,11.169771
1997-04-22,19.625,19.875,19.25,19.50,231900,11.241834
1997-04-21,19.625,19.875,19.625,19.625,307900,11.313897
1997-04-18,19.75,20.00,19.625,19.75,106000,11.38596
1997-04-17,19.75,20.00,19.75,19.875,122600,11.458023
1997-04-16,19.625,20.00,19.625,19.875,236500,11.458023
1997-04-15,19.65625,19.875,19.625,19.625,122700,11.313897
1997-04-14,20.125,20.125,19.50,19.75,66000,11.38596
1997-04-11,20.625,20.625,19.75,19.875,451800,11.458023
1997-04-10,18.875,20.625,18.875,20.4375,811300,11.782306
1997-04-09,19.25,19.375,18.875,19.375,266000,11.169771
1997-04-08,19.125,19.25,18.875,19.25,212700,11.097708
1997-04-07,19.25,19.25,18.875,19.25,159000,11.097708
1997-04-04,19.25,19.25,18.875,19.25,91400,11.097708
1997-04-03,19.00,19.375,19.00,19.125,288300,11.025645
1997-04-02,19.00,19.375,19.00,19.125,195300,11.025645
1997-04-01,19.375,19.375,19.00,19.125,221300,11.025645
1997-03-31,19.375,19.75,19.00,19.00,225800,10.953582
1997-03-27,19.875,19.875,19.25,19.75,139500,11.38596
1997-03-26,19.875,19.875,19.50,19.625,132800,11.313897
1997-03-25,19.375,19.875,19.375,19.50,51900,11.241834
1997-03-24,19.25,19.625,19.25,19.25,28100,11.097708
1997-03-21,19.75,20.00,19.25,19.25,49500,11.097708
1997-03-20,19.50,19.75,19.00,19.00,97300,10.953582
1997-03-19,19.625,20.25,19.50,19.875,132700,11.458023
1997-03-18,20.50,22.25,19.75,19.75,251800,11.38596
1997-03-17,19.75,21.00,19.75,21.00,99000,12.10659
1997-03-14,18.75,20.25,18.50,20.25,121200,11.674212
1997-03-13,19.125,19.125,18.50,18.625,375700,10.737392
1997-03-12,18.75,19.25,18.75,18.875,639600,10.881518
1997-03-11,19.00,19.00,18.50,18.75,944300,10.809455
1997-03-10,18.50,19.25,18.50,18.875,361600,10.881518
1997-03-07,19.50,19.50,18.50,18.625,167900,10.737392
1997-03-06,19.625,19.625,19.00,19.125,110700,11.025645
1997-03-05,19.375,19.625,19.125,19.625,116400,11.313897
1997-03-04,19.125,19.50,19.125,19.50,90600,11.241834
1997-03-03,19.375,19.50,19.125,19.125,122700,11.025645
1997-02-28,19.50,19.50,19.00,19.375,329000,11.169771
1997-02-27,20.00,20.00,19.00,19.00,440500,10.953582
1997-02-26,19.75,20.00,19.50,20.00,248500,11.530086
1997-02-25,19.25,19.75,19.25,19.75,570500,11.38596
1997-02-24,20.00,20.00,19.25,19.25,291400,11.097708
1997-02-21,19.875,20.25,19.75,20.00,292600,11.530086
1997-02-20,20.00,20.50,19.50,19.8125,177400,11.421991
1997-02-19,20.25,20.75,20.25,20.25,353400,11.674212
1997-02-18,21.00,21.25,20.25,20.75,84500,11.962464
1997-02-14,20.75,21.00,20.25,21.00,78500,12.10659
1997-02-13,20.25,20.75,20.25,20.50,254700,11.818338
1997-02-12,20.75,20.75,20.00,20.50,116600,11.818338
1997-02-11,19.75,20.75,19.75,20.75,131300,11.962464
1997-02-10,20.25,20.875,19.50,20.00,242600,11.530086
1997-02-07,20.50,21.00,20.375,20.50,100000,11.818338
1997-02-06,21.00,21.00,20.375,20.50,134900,11.818338
1997-02-05,20.75,21.00,20.125,21.00,57600,12.10659
1997-02-04,20.50,21.00,20.00,20.625,156300,11.890401
1997-02-03,20.50,20.875,20.00,20.00,53000,11.530086
1997-01-31,21.00,21.00,20.25,20.875,134300,12.034527
1997-01-30,21.00,21.00,20.75,20.75,609800,11.962464
1997-01-29,21.25,21.25,20.75,20.75,324500,11.962464
1997-01-28,20.75,21.25,20.75,21.00,159200,12.10659
1997-01-27,20.875,21.25,20.25,20.50,332300,11.818338
1997-01-24,21.25,21.25,20.75,20.75,157700,11.962464
1997-01-23,20.875,21.25,20.75,20.75,41600,11.962464
1997-01-22,21.375,21.625,20.75,21.00,373500,12.046058
1997-01-21,21.75,21.75,21.25,21.50,264700,12.332869
1997-01-20,22.00,22.00,21.25,21.50,71500,12.332869
1997-01-17,22.00,22.375,21.75,22.00,118700,12.61968
1997-01-16,22.75,22.75,22.00,22.125,83500,12.691383
1997-01-15,22.75,23.00,22.00,22.50,172300,12.906491
1997-01-14,23.00,23.375,22.875,23.00,579200,13.193302
1997-01-13,23.75,24.125,22.00,22.75,1205500,13.049896
1997-01-10,24.25,24.25,23.75,24.00,34800,13.766923
1997-01-09,24.25,25.125,24.25,24.50,102600,14.053734
1997-01-08,24.375,24.875,24.25,24.875,16400,14.268843
1997-01-07,24.25,24.75,24.25,24.75,107600,14.19714
1997-01-06,24.25,24.75,24.25,24.50,99200,14.053734
1997-01-03,23.75,24.75,23.75,24.50,112100,14.053734
1997-01-02,24.50,24.875,23.75,23.875,156600,13.695221
1996-12-31,23.50,25.00,22.875,24.50,175100,14.053734
1996-12-30,22.875,23.50,22.875,23.50,97200,13.480113
1996-12-27,22.875,23.50,22.875,22.875,48100,13.121599
1996-12-26,22.75,23.50,22.75,22.875,34500,13.121599
1996-12-24,23.75,23.75,22.75,23.00,38500,13.193302
1996-12-23,23.25,23.75,23.00,23.6875,42700,13.587667
1996-12-20,22.50,23.75,22.50,23.25,115000,13.336707
1996-12-19,22.25,22.50,21.75,22.25,130300,12.763085
1996-12-18,22.00,22.75,22.00,22.50,237900,12.906491
1996-12-17,22.50,22.50,21.875,22.09375,315100,12.673457
1996-12-16,22.75,22.75,22.25,22.375,88300,12.834788
1996-12-13,22.25,22.75,21.75,22.25,96200,12.763085
1996-12-12,23.50,24.00,22.625,22.8125,151600,13.085748
1996-12-11,24.25,24.50,23.50,23.75,88100,13.623518
1996-12-10,24.00,25.00,24.00,24.50,58200,14.053734
1996-12-09,23.75,24.625,23.25,24.25,150100,13.910329
1996-12-06,23.50,23.75,23.00,23.75,80500,13.623518
1996-12-05,23.50,25.00,23.50,23.75,124600,13.623518
1996-12-04,23.75,24.25,23.625,23.625,85800,13.551815
1996-12-03,24.75,24.75,23.75,24.375,60300,13.982032
1996-12-02,24.25,24.75,23.75,24.50,39200,14.053734
1996-11-29,24.25,24.50,23.75,23.75,20500,13.623518
1996-11-27,24.00,24.50,24.00,24.00,60600,13.766923
1996-11-26,24.50,24.50,23.875,24.25,65600,13.910329
1996-11-25,23.50,24.50,23.25,24.125,96400,13.838626
1996-11-22,23.75,24.25,23.50,23.625,74300,13.551815
1996-11-21,23.75,24.25,23.75,23.75,27800,13.623518
1996-11-20,23.75,24.25,23.75,23.75,26400,13.623518
1996-11-19,24.25,24.25,23.75,24.00,71800,13.766923
1996-11-18,24.125,24.25,23.75,24.125,71900,13.838626
1996-11-15,24.75,25.00,23.75,24.00,131500,13.766923
1996-11-14,23.50,24.75,23.50,24.75,683600,14.19714
1996-11-13,22.00,22.50,22.00,22.375,28900,12.834788
1996-11-12,21.00,22.50,20.75,22.00,152800,12.61968
1996-11-11,20.625,21.00,20.625,20.875,24500,11.974355
1996-11-08,21.00,21.00,20.50,20.75,136400,11.902653
1996-11-07,21.25,21.25,20.50,20.50,437800,11.759247
1996-11-06,21.375,21.625,20.75,20.875,49500,11.974355
1996-11-05,21.125,21.50,21.125,21.50,115200,12.332869
1996-11-04,21.125,21.50,21.125,21.125,28000,12.117761
1996-11-01,21.125,21.375,20.75,21.125,196900,12.117761
1996-10-31,21.00,21.125,20.625,21.125,52500,12.117761
1996-10-30,21.00,21.25,20.00,20.625,106800,11.83095
1996-10-29,21.00,21.25,21.00,21.00,37700,12.046058
1996-10-28,21.25,21.25,20.875,21.0625,117900,12.081909
1996-10-25,20.9375,21.25,20.75,20.875,137800,11.974355
1996-10-24,21.50,21.75,21.00,21.25,126600,12.189463
1996-10-23,21.50,21.875,21.00,21.25,50500,12.134969
1996-10-22,21.75,22.00,21.50,21.50,30200,12.277734
1996-10-21,21.75,22.50,21.50,21.75,56100,12.420498
1996-10-18,21.25,22.25,21.25,22.00,198200,12.563262
1996-10-17,21.75,21.75,21.25,21.50,58900,12.277734
1996-10-16,21.25,21.75,21.25,21.50,39500,12.277734
1996-10-15,21.25,21.75,21.25,21.25,114700,12.134969
1996-10-14,21.75,22.00,21.25,21.25,58700,12.134969
1996-10-11,22.50,22.75,21.375,21.50,55900,12.277734
1996-10-10,23.125,23.125,22.25,22.75,63100,12.991555
1996-10-09,23.75,24.25,22.50,23.125,69700,13.205702
1996-10-08,24.25,24.75,23.75,23.75,53000,13.562613
1996-10-07,24.25,25.00,24.25,24.375,233900,13.919524
1996-10-04,22.875,24.75,22.875,24.75,55300,14.13367
1996-10-03,22.875,23.50,22.875,23.50,25900,13.419848
1996-10-02,22.625,23.50,22.625,23.50,26400,13.419848
1996-10-01,23.25,23.25,22.00,22.75,47500,12.991555
1996-09-30,22.875,23.25,22.25,23.25,153600,13.277084
1996-09-27,21.75,22.9375,21.75,22.75,63400,12.991555
1996-09-26,21.50,22.25,21.25,22.25,70200,12.706027
1996-09-25,20.25,21.875,20.25,21.75,141600,12.420498
1996-09-24,19.75,20.25,19.75,20.25,42000,11.563912
1996-09-23,19.75,20.25,19.75,20.0625,140300,11.456839
1996-09-20,20.25,20.50,19.50,20.125,192000,11.49253
1996-09-19,20.25,20.75,20.25,20.375,77300,11.635294
1996-09-18,20.50,21.00,20.25,20.25,42100,11.563912
1996-09-17,20.75,21.00,20.50,20.75,77700,11.849441
1996-09-16,20.75,21.00,20.75,21.00,45400,11.992205
1996-09-13,21.25,21.25,20.75,21.00,90000,11.992205
1996-09-12,21.50,22.00,21.00,21.00,61400,11.992205
1996-09-11,21.50,22.00,21.50,22.00,26300,12.563262
1996-09-10,21.50,22.00,21.50,21.875,20800,12.49188
1996-09-09,21.875,22.00,21.00,21.75,60200,12.420498
1996-09-06,21.25,22.00,21.25,21.25,11300,12.134969
1996-09-05,21.75,22.50,21.25,21.625,48100,12.349116
1996-09-04,22.00,22.50,21.75,21.9375,24300,12.527571
1996-09-03,21.75,22.50,21.75,22.00,51200,12.563262
1996-08-30,21.75,22.50,21.75,21.75,65800,12.420498
1996-08-29,21.75,22.50,21.50,21.75,81400,12.420498
1996-08-28,20.875,21.75,20.875,21.75,84200,12.420498
1996-08-27,20.75,21.50,20.375,21.50,50600,12.277734
1996-08-26,20.25,20.75,20.25,20.25,17700,11.563912
1996-08-23,20.375,20.75,20.25,20.75,166200,11.849441
1996-08-22,20.75,21.25,20.125,20.125,122600,11.49253
1996-08-21,21.50,21.75,20.75,21.00,45200,11.992205
1996-08-20,21.75,21.75,21.25,21.375,28100,12.206351
1996-08-19,21.00,21.75,21.00,21.375,44300,12.206351
1996-08-16,20.75,21.00,20.50,20.50,157700,11.706676
1996-08-15,21.00,21.00,20.50,21.00,50900,11.992205
1996-08-14,21.00,21.75,20.50,20.625,105700,11.778058
1996-08-13,21.25,21.75,20.75,21.75,25600,12.420498
1996-08-12,21.50,21.50,20.25,21.25,166600,12.134969
1996-08-09,21.50,22.00,21.50,21.75,176700,12.420498
1996-08-08,22.25,22.25,21.50,21.50,303200,12.277734
1996-08-07,22.125,22.25,21.75,21.75,54700,12.420498
1996-08-06,22.50,22.50,22.00,22.25,198100,12.706027
1996-08-05,22.00,22.50,22.00,22.50,164700,12.848791
1996-08-02,22.625,22.625,22.00,22.00,273000,12.563262
1996-08-01,22.00,22.75,22.00,22.375,33900,12.777409
1996-07-31,22.25,22.50,22.00,22.50,97600,12.848791
1996-07-30,22.50,22.50,22.00,22.50,49200,12.848791
1996-07-29,22.625,23.125,22.50,22.50,28600,12.848791
1996-07-26,22.75,23.125,22.625,23.125,65500,13.205702
1996-07-25,22.625,23.25,22.25,22.875,209300,13.062938
1996-07-24,22.75,22.75,22.25,22.75,19900,12.937304
1996-07-23,22.75,23.25,22.50,22.50,22400,12.795136
1996-07-22,22.75,23.25,22.75,23.125,87300,13.150557
1996-07-19,23.50,23.50,22.875,23.00,69700,13.079472
1996-07-18,23.00,23.50,22.875,23.00,47800,13.079472
1996-07-17,23.75,24.00,23.00,23.125,197500,13.150557
1996-07-16,23.625,24.50,23.00,23.50,138600,13.363809
1996-07-15,24.50,24.50,23.50,23.8125,137000,13.541519
1996-07-12,24.00,25.75,24.00,24.50,198900,13.932482
1996-07-11,23.25,24.75,22.875,24.00,142400,13.648145
1996-07-10,24.75,24.75,22.75,23.00,128400,13.079472
1996-07-09,25.00,26.00,24.75,25.00,191500,14.216818
1996-07-08,25.25,25.50,25.00,25.00,62000,14.216818
1996-07-05,25.25,25.75,25.00,25.50,55300,14.501154
1996-07-03,25.50,26.00,25.25,25.50,55200,14.501154
1996-07-02,24.625,25.75,24.375,25.375,76300,14.43007
1996-07-01,24.00,24.75,24.00,24.50,152000,13.932482
1996-06-28,23.50,24.75,23.25,24.50,335200,13.932482
1996-06-27,22.75,23.625,22.75,23.50,66400,13.363809
1996-06-26,23.50,23.50,22.75,22.875,247400,13.008388
1996-06-25,23.25,23.50,23.25,23.25,240600,13.221641
1996-06-24,25.00,25.125,23.00,23.00,366300,13.079472
1996-06-21,25.75,25.75,25.00,25.00,189200,14.216818
1996-06-20,25.75,26.00,25.50,25.75,110500,14.643322
1996-06-19,26.25,26.25,25.75,25.875,276000,14.714407
1996-06-18,26.00,26.25,25.75,26.25,187400,14.927659
1996-06-17,25.50,26.25,25.50,25.875,290500,14.714407
1996-06-14,25.50,26.00,25.50,25.75,41200,14.643322
1996-06-13,25.75,26.25,25.50,25.50,27400,14.501154
1996-06-12,25.75,26.25,25.75,26.00,151000,14.785491
1996-06-11,25.75,26.125,25.75,25.9375,232600,14.749949
1996-06-10,25.75,26.125,25.75,25.75,36300,14.643322
1996-06-07,26.00,26.25,25.75,26.00,171400,14.785491
1996-06-06,26.25,26.25,26.00,26.25,36900,14.927659
1996-06-05,25.75,26.50,25.75,26.125,135600,14.856575
1996-06-04,25.75,26.125,25.75,26.00,168200,14.785491
1996-06-03,25.75,26.00,25.75,25.875,113800,14.714407
1996-05-31,25.50,26.25,25.50,25.875,110500,14.714407
1996-05-30,26.00,26.00,25.50,26.00,72600,14.785491
1996-05-29,25.50,26.00,25.50,26.00,125000,14.785491
1996-05-28,25.50,26.00,25.50,25.50,103900,14.501154
1996-05-24,25.50,26.00,25.50,25.875,125200,14.714407
1996-05-23,25.50,26.00,25.25,25.50,730600,14.501154
1996-05-22,24.75,26.00,24.75,25.50,199200,14.501154
1996-05-21,24.00,25.25,24.00,24.75,192800,14.07465
1996-05-20,23.00,24.00,23.00,23.50,97700,13.363809
1996-05-17,23.50,23.50,23.00,23.50,227500,13.363809
1996-05-16,23.25,23.75,23.00,23.50,426300,13.363809
1996-05-15,23.00,23.25,22.50,23.25,127200,13.221641
1996-05-14,22.75,23.50,22.25,22.75,166900,12.937304
1996-05-13,21.50,22.75,21.50,22.00,54700,12.5108
1996-05-10,21.50,22.00,21.00,21.5625,115800,12.262005
1996-05-09,22.25,22.25,21.50,22.00,42000,12.5108
1996-05-08,23.00,23.00,21.50,22.125,92500,12.581884
1996-05-07,22.00,23.00,22.00,23.00,113000,13.079472
1996-05-06,22.25,22.25,22.00,22.0625,98300,12.546342
1996-05-03,22.00,22.50,22.00,22.25,99500,12.652968
1996-05-02,22.25,22.75,22.00,22.25,235500,12.652968
1996-05-01,21.75,22.50,21.75,22.25,171700,12.652968
1996-04-30,21.75,22.25,21.625,21.75,76800,12.368632
1996-04-29,22.00,23.00,21.75,21.75,493200,12.368632
1996-04-26,21.50,22.50,21.50,22.25,75500,12.652968
1996-04-25,20.75,22.50,20.50,21.8125,271100,12.404174
1996-04-24,20.50,21.00,20.25,20.75,245700,11.745936
1996-04-23,20.00,21.00,20.00,20.875,138900,11.816694
1996-04-22,20.00,20.50,20.00,20.50,64900,11.604418
1996-04-19,20.25,20.75,20.00,20.125,332100,11.392142
1996-04-18,20.50,20.75,20.25,20.50,143300,11.604418
1996-04-17,20.50,20.75,20.50,20.75,123800,11.745936
1996-04-16,21.25,21.50,20.125,20.50,206100,11.604418
1996-04-15,21.25,21.50,21.25,21.50,57500,12.170487
1996-04-12,21.875,22.25,21.25,21.50,104200,12.170487
1996-04-11,22.125,22.50,21.75,22.00,113000,12.453522
1996-04-10,21.75,22.375,21.75,22.375,71000,12.665798
1996-04-09,21.75,22.25,21.75,22.25,46500,12.595039
1996-04-08,22.125,22.125,21.625,21.75,55500,12.312005
1996-04-04,22.50,22.75,22.00,22.25,101300,12.595039
1996-04-03,22.00,23.00,21.75,22.75,93100,12.878074
1996-04-02,21.00,22.00,21.00,21.5625,100000,12.205867
1996-04-01,21.50,21.50,21.00,21.00,84000,11.887453
1996-03-29,21.00,21.50,20.75,21.125,178800,11.958212
1996-03-28,21.00,21.50,20.00,20.75,101300,11.745936
1996-03-27,21.25,21.75,21.00,21.50,70900,12.170487
1996-03-26,21.25,21.50,21.25,21.25,47300,12.02897
1996-03-25,21.25,21.75,21.25,21.25,59300,12.02897
1996-03-22,21.50,22.00,21.25,21.75,87400,12.312005
1996-03-21,21.25,22.00,21.25,21.50,129400,12.170487
1996-03-20,21.00,21.75,21.00,21.625,59100,12.241246
1996-03-19,20.75,21.50,20.75,21.00,51300,11.887453
1996-03-18,20.50,21.50,20.50,21.25,125900,12.02897
1996-03-15,20.75,21.00,20.50,20.50,191100,11.604418
1996-03-14,21.75,22.00,20.375,20.75,148800,11.745936
1996-03-13,21.25,22.50,21.00,22.00,213300,12.453522
1996-03-12,21.25,21.50,20.00,21.00,147400,11.887453
1996-03-11,21.75,22.25,21.50,21.625,69900,12.241246
1996-03-08,21.75,22.25,21.375,22.25,45000,12.595039
1996-03-07,22.00,22.50,21.50,21.75,65900,12.312005
1996-03-06,22.625,23.00,22.00,22.125,196000,12.524281
1996-03-05,22.75,23.00,22.50,22.984381,74300,13.01075
1996-03-04,22.75,23.25,22.75,22.875,88000,12.948833
1996-03-01,23.00,23.25,22.75,22.75,127500,12.878074
1996-02-29,23.00,23.25,22.75,22.75,101200,12.878074
1996-02-28,23.00,23.25,22.875,22.875,60700,12.948833
1996-02-27,23.25,23.75,23.00,23.00,398600,13.019591
1996-02-26,22.75,23.25,22.75,22.875,116400,12.948833
1996-02-23,23.00,23.25,22.75,23.00,96800,13.019591
1996-02-22,22.50,23.25,22.50,23.00,81600,13.019591
1996-02-21,22.75,23.25,22.50,23.25,72100,13.161109
1996-02-20,23.50,23.50,22.75,23.00,153700,13.019591
1996-02-16,23.50,23.50,23.25,23.50,28100,13.302626
1996-02-15,23.25,23.50,23.25,23.25,102000,13.161109
1996-02-14,23.50,23.50,23.25,23.25,92500,13.161109
1996-02-13,23.00,23.75,23.00,23.50,91500,13.302626
1996-02-12,24.25,24.25,23.25,23.375,118600,13.231867
1996-02-09,24.00,24.50,23.75,24.015619,239800,13.594502
1996-02-08,23.75,24.25,23.00,24.25,195400,13.727178
1996-02-07,23.00,23.625,22.75,23.625,105600,13.373385
1996-02-06,23.00,23.00,22.50,22.75,65400,12.878074
1996-02-05,23.00,23.125,22.50,23.00,112500,13.019591
1996-02-02,22.75,23.00,22.50,22.6875,114300,12.842695
1996-02-01,22.75,23.00,22.50,22.75,172500,12.878074
1996-01-31,23.25,23.25,22.75,22.75,39800,12.878074
1996-01-30,23.25,23.25,22.75,23.25,45800,13.161109
1996-01-29,22.75,23.25,22.50,23.00,49400,13.019591
1996-01-26,22.625,23.00,22.375,22.75,253000,12.878074
1996-01-25,23.25,23.375,22.375,22.625,175800,12.807315
1996-01-24,22.50,23.75,22.50,23.25,127500,13.107332
1996-01-23,23.00,23.00,22.50,22.50,18000,12.684515
1996-01-22,22.75,23.00,22.25,23.00,109000,12.966393
1996-01-19,22.25,22.75,22.25,22.625,50000,12.754985
1996-01-18,23.25,23.25,22.25,22.75,115200,12.825454
1996-01-17,22.25,23.50,22.25,23.00,109400,12.966393
1996-01-16,22.00,22.75,22.00,22.375,130600,12.614046
1996-01-15,22.75,23.25,22.00,22.25,103000,12.543576
1996-01-12,21.25,22.75,21.00,22.25,441600,12.543576
1996-01-11,22.50,22.50,20.50,21.25,411600,11.97982
1996-01-10,22.25,22.75,22.00,22.25,283000,12.543576
1996-01-09,23.00,23.00,22.375,22.50,149600,12.684515
1996-01-08,22.75,23.00,22.75,22.875,31600,12.895924
1996-01-05,23.00,23.50,22.50,23.00,103500,12.966393
1996-01-04,22.50,23.00,22.00,23.00,276400,12.966393
1996-01-03,22.50,22.50,22.00,22.00,186300,12.402637
1996-01-02,22.50,22.50,22.00,22.50,71300,12.684515
1995-12-29,21.75,22.50,21.00,22.50,287700,12.684515
1995-12-28,21.75,21.75,21.00,21.00,133200,11.838881
1995-12-27,20.875,21.75,20.75,21.50,220500,12.120759
1995-12-26,20.75,21.25,20.75,21.00,87600,11.838881
1995-12-22,21.00,21.25,20.50,21.00,320100,11.838881
1995-12-21,21.125,21.50,20.75,21.00,185700,11.838881
1995-12-20,21.50,21.50,20.75,21.375,109600,12.050289
1995-12-19,20.75,21.50,20.75,21.25,346800,11.97982
1995-12-18,20.75,21.50,20.50,21.25,184300,11.97982
1995-12-15,20.50,21.00,20.50,20.50,114100,11.557003
1995-12-14,20.50,20.75,20.25,20.75,489900,11.697942
1995-12-13,20.375,21.50,20.25,21.00,378700,11.838881
1995-12-12,20.00,20.75,19.75,20.50,356900,11.557003
1995-12-11,20.25,20.75,20.00,20.00,141400,11.275125
1995-12-08,20.375,20.875,20.25,20.75,147300,11.697942
1995-12-07,21.75,21.75,20.25,20.6875,291200,11.662707
1995-12-06,22.00,22.00,21.25,21.25,163300,11.97982
1995-12-05,20.75,22.125,20.75,21.50,378100,12.120759
1995-12-04,20.00,21.00,19.50,20.50,153300,11.557003
1995-12-01,18.125,20.50,17.50,19.50,1153000,10.993246
1995-11-30,19.25,20.25,17.25,18.875,1404900,10.640899
1995-11-29,20.50,20.50,19.50,19.875,204100,11.204655
1995-11-28,21.00,21.00,20.25,20.6875,390900,11.662707
1995-11-27,21.50,21.50,20.75,20.875,183900,11.768411
1995-11-24,21.50,21.50,21.00,21.00,143200,11.838881
1995-11-22,22.00,22.00,21.00,21.50,210300,12.120759
1995-11-21,21.75,22.25,21.75,22.00,188200,12.402637
1995-11-20,22.25,22.25,21.75,22.00,224000,12.402637
1995-11-17,22.25,22.25,21.75,22.125,339400,12.473107
1995-11-16,21.875,22.25,21.75,21.75,416100,12.261698
1995-11-15,21.50,22.25,21.50,21.75,197700,12.261698
1995-11-14,21.75,21.75,21.25,21.50,230600,12.120759
1995-11-13,21.50,21.75,20.75,21.75,337200,12.261698
1995-11-10,20.75,21.50,20.50,21.00,220100,11.838881
1995-11-09,20.50,21.00,20.50,21.00,607200,11.838881
1995-11-08,20.50,21.00,20.50,20.75,387100,11.697942
1995-11-07,20.75,21.00,20.25,20.75,768100,11.697942
1995-11-06,19.50,20.75,19.50,20.75,845200,11.697942
1995-11-03,19.00,20.00,19.00,20.00,462800,11.275125
1995-11-02,19.00,19.50,19.00,19.375,297900,10.922777
1995-11-01,19.25,19.50,18.75,19.25,134100,10.852307
1995-10-31,19.25,19.25,18.75,18.75,171500,10.570429
1995-10-30,19.00,19.25,18.75,19.25,281700,10.852307
1995-10-27,19.00,19.00,18.50,18.75,246600,10.570429
1995-10-26,18.75,19.25,18.75,19.00,389100,10.711368
1995-10-25,20.25,20.25,19.00,19.25,457800,10.852307
1995-10-24,20.25,20.25,19.75,20.00,256000,11.275125
1995-10-23,20.25,20.25,19.50,20.25,1732900,11.416064
1995-10-20,26.00,26.50,18.75,20.00,910500,11.275125
1995-10-19,26.25,26.25,25.50,25.50,60100,14.375784
1995-10-18,26.75,26.75,25.75,26.25,70100,14.750681
1995-10-17,26.00,26.75,26.00,26.50,47800,14.891164
1995-10-16,26.50,26.50,26.00,26.50,12700,14.891164
1995-10-13,26.50,26.50,26.00,26.50,28800,14.891164
1995-10-12,25.50,26.50,25.25,25.75,198700,14.469716
1995-10-11,24.50,25.50,24.50,25.00,89400,14.048268
1995-10-10,24.50,24.75,24.25,24.75,144300,13.907785
1995-10-09,24.50,24.75,24.50,24.75,48800,13.907785
1995-10-06,24.00,25.00,24.00,24.75,69200,13.907785
1995-10-05,24.25,24.50,23.75,24.50,174300,13.767303
1995-10-04,25.00,25.00,23.75,24.25,109800,13.62682
1995-10-03,25.00,25.50,24.50,25.00,62200,14.048268
1995-10-02,25.50,25.50,25.00,25.50,90300,14.329233
1995-09-29,25.75,25.875,25.00,25.00,146200,14.048268
1995-09-28,25.25,26.25,25.00,25.875,387700,14.539957
1995-09-27,26.00,26.00,24.75,25.00,223800,14.048268
1995-09-26,25.75,26.00,25.25,25.75,79500,14.469716
1995-09-25,26.125,26.25,25.25,25.25,95700,14.188751
1995-09-22,25.25,26.25,25.25,25.875,134800,14.539957
1995-09-21,25.25,26.00,25.25,26.00,102200,14.610199
1995-09-20,25.4375,25.75,25.25,25.50,112200,14.329233
1995-09-19,25.75,25.75,25.00,25.50,36900,14.329233
1995-09-18,25.25,25.75,24.75,25.3125,362500,14.223871
1995-09-15,25.25,25.75,24.75,25.125,188600,14.118509
1995-09-14,26.25,26.50,25.50,25.625,99500,14.399475
1995-09-13,27.00,27.25,26.25,26.25,86800,14.750681
1995-09-12,27.50,27.75,26.75,27.25,173100,15.312612
1995-09-11,27.00,27.75,26.50,27.375,235400,15.382853
1995-09-08,26.50,27.00,26.50,27.00,120200,15.172129
1995-09-07,26.75,26.75,26.25,26.625,163300,14.961405
1995-09-06,26.25,26.75,26.25,26.50,182000,14.891164
1995-09-05,26.75,26.75,26.25,26.25,91800,14.750681
1995-09-01,27.00,27.00,26.25,26.375,78100,14.820923
1995-08-31,26.50,27.50,26.00,26.50,417200,14.891164
1995-08-30,25.75,26.75,25.25,26.50,126200,14.891164
1995-08-29,25.00,25.50,24.75,25.50,338700,14.329233
1995-08-28,25.25,25.25,25.00,25.125,368300,14.118509
1995-08-25,24.875,25.25,24.875,24.875,366800,13.978027
1995-08-24,25.25,25.25,24.75,25.00,412300,14.048268
1995-08-23,24.00,25.125,23.25,25.00,1361800,14.048268
1995-08-22,24.125,24.25,23.25,23.375,461900,13.13513
1995-08-21,24.75,25.25,24.00,24.125,295800,13.556579
1995-08-18,25.75,25.75,24.625,24.875,352000,13.978027
1995-08-17,25.625,26.00,25.25,25.50,403500,14.329233
1995-08-16,25.75,26.00,25.625,25.625,105600,14.399475
1995-08-15,26.25,26.25,25.75,25.875,405200,14.539957
1995-08-14,26.1875,26.75,25.75,26.1875,165100,14.715561
1995-08-11,26.00,26.50,25.75,26.00,230700,14.610199
1995-08-10,26.75,27.00,26.00,26.50,148800,14.891164
1995-08-09,26.75,26.75,26.25,26.50,33600,14.891164
1995-08-08,27.25,27.50,26.25,26.375,192400,14.820923
1995-08-07,27.50,27.50,26.75,27.25,81700,15.312612
1995-08-04,26.50,27.50,26.25,27.50,64500,15.453095
1995-08-03,26.25,27.00,25.50,26.50,234100,14.891164
1995-08-02,28.25,28.25,26.00,26.50,241400,14.891164
1995-08-01,27.75,28.25,27.50,27.50,54600,15.453095
1995-07-31,27.75,28.25,27.75,28.25,17000,15.874543
1995-07-28,28.25,28.50,27.75,28.25,62700,15.874543
1995-07-27,28.00,28.50,27.75,28.25,55400,15.874543
1995-07-26,28.00,28.25,27.50,28.00,174200,15.73406
1995-07-25,28.75,28.75,27.50,27.50,73000,15.453095
1995-07-24,28.75,29.00,28.00,28.75,53900,16.107744
1995-07-21,27.00,28.75,27.00,28.50,101100,15.967677
1995-07-20,26.25,27.50,26.00,27.50,135700,15.407407
1995-07-19,27.50,27.50,25.625,26.0625,220500,14.60202
1995-07-18,28.00,28.50,27.50,27.75,53400,15.547475
1995-07-17,28.25,28.75,28.00,28.00,213500,15.687542
1995-07-14,28.375,28.75,28.00,28.75,67200,16.107744
1995-07-13,28.75,29.00,28.25,28.375,473600,15.897643
1995-07-12,31.25,31.25,29.50,29.50,333000,16.527946
1995-07-11,31.00,31.25,30.75,31.1875,155800,17.473401
1995-07-10,29.75,31.50,29.50,31.00,245300,17.36835
1995-07-07,29.00,30.00,28.50,29.50,81900,16.527946
1995-07-06,28.50,29.00,28.50,28.75,47000,16.107744
1995-07-05,29.00,29.00,28.50,28.625,130900,16.03771
1995-07-03,29.00,29.00,28.50,28.5625,6300,16.002693
1995-06-30,29.25,29.25,28.50,28.75,157800,16.107744
1995-06-29,29.00,29.25,29.00,29.00,48200,16.247811
1995-06-28,29.75,29.875,29.00,29.50,138500,16.527946
1995-06-27,30.00,30.75,29.50,30.00,41600,16.808081
1995-06-26,30.50,31.00,30.00,30.00,76500,16.808081
1995-06-23,30.25,31.00,30.25,31.00,180700,17.36835
1995-06-22,30.75,30.75,30.00,30.50,41800,17.088215
1995-06-21,29.75,30.75,29.50,30.75,106300,17.228283
1995-06-20,29.50,29.75,29.00,29.75,205100,16.668013
1995-06-19,29.50,29.50,28.875,29.50,31000,16.527946
1995-06-16,28.75,29.50,28.75,29.00,54100,16.247811
1995-06-15,28.75,29.50,28.75,28.875,69300,16.177778
1995-06-14,30.00,30.00,28.75,28.875,43900,16.177778
1995-06-13,29.50,30.00,29.00,29.375,82600,16.457912
1995-06-12,28.50,29.50,28.25,29.00,147400,16.247811
1995-06-09,28.00,28.75,28.00,28.375,43800,15.897643
1995-06-08,28.25,28.75,28.25,28.25,112400,15.827609
1995-06-07,28.50,29.00,28.25,28.25,82400,15.827609
1995-06-06,28.75,29.25,28.50,29.25,104100,16.387879
1995-06-05,28.75,29.25,28.75,29.125,33900,16.317845
1995-06-02,29.50,30.00,28.75,28.875,43800,16.177778
1995-06-01,30.00,30.00,29.50,29.625,48700,16.59798
1995-05-31,30.00,30.00,29.50,30.00,27500,16.808081
1995-05-30,29.50,30.00,29.50,29.625,69000,16.59798
1995-05-26,30.25,30.25,29.50,30.00,43100,16.808081
1995-05-25,30.00,30.125,29.50,30.125,29500,16.878114
1995-05-24,30.00,30.50,29.50,29.625,47900,16.59798
1995-05-23,30.75,31.50,30.00,30.50,62000,17.088215
1995-05-22,31.25,31.50,30.75,30.75,34700,17.228283
1995-05-19,31.75,31.75,31.00,31.50,76300,17.648485
1995-05-18,31.75,32.25,31.50,31.50,94700,17.648485
1995-05-17,32.50,32.50,31.75,31.75,64500,17.788552
1995-05-16,31.50,32.50,31.50,32.00,26100,17.928619
1995-05-15,32.00,32.25,31.25,32.25,47000,18.068687
1995-05-12,31.50,31.75,31.25,31.50,172600,17.648485
1995-05-11,31.00,32.75,31.00,32.00,108800,17.928619
1995-05-10,30.75,31.50,30.75,31.50,41900,17.648485
1995-05-09,31.25,31.25,30.75,30.75,61600,17.228283
1995-05-08,30.75,31.50,30.75,30.8125,125400,17.2633
1995-05-05,31.50,32.00,30.75,30.75,43700,17.228283
1995-05-04,32.50,32.50,31.50,31.50,99400,17.648485
1995-05-03,31.75,32.75,31.75,32.00,88000,17.928619
1995-05-02,31.25,32.25,31.25,31.75,81600,17.788552
1995-05-01,31.00,31.75,31.00,31.625,74500,17.718518
1995-04-28,31.00,31.50,30.50,31.375,257400,17.578451
1995-04-27,30.00,31.00,29.50,30.75,115100,17.228283
1995-04-26,30.50,30.50,29.50,29.75,39500,16.668013
1995-04-25,30.50,30.50,29.75,30.25,11900,16.948148
1995-04-24,29.75,30.50,29.75,30.50,55300,17.088215
1995-04-21,30.50,31.00,29.75,30.50,49400,17.040593
1995-04-20,30.25,30.75,30.25,30.5625,103100,17.075512
1995-04-19,31.50,31.625,30.25,30.625,92500,17.110431
1995-04-18,31.75,32.00,31.25,31.625,122700,17.669139
1995-04-17,31.75,32.50,31.75,31.75,169700,17.738977
1995-04-13,31.75,32.25,31.75,32.25,7900,18.018331
1995-04-12,32.25,32.25,31.50,31.50,130300,17.599301
1995-04-11,32.00,32.50,31.75,31.875,54600,17.808816
1995-04-10,31.75,32.125,31.328119,32.00,105600,17.878654
1995-04-07,31.50,31.75,31.50,31.50,99000,17.599301
1995-04-06,31.50,32.00,31.50,31.50,126700,17.599301
1995-04-05,31.50,32.00,31.50,31.50,52100,17.599301
1995-04-04,32.00,32.75,31.50,31.50,227300,17.599301
1995-04-03,30.5625,32.00,30.50,31.75,185500,17.738977
1995-03-31,30.00,31.00,29.75,30.50,106700,17.040593
1995-03-30,29.75,30.25,29.75,29.75,40800,16.621562
1995-03-29,30.00,30.25,29.75,30.25,124200,16.900916
1995-03-28,29.75,30.25,29.25,30.00,76000,16.761239
1995-03-27,29.25,29.75,29.25,29.75,25400,16.621562
1995-03-24,29.50,29.75,29.25,29.75,46600,16.621562
1995-03-23,29.00,29.75,29.00,29.0625,112900,16.23745
1995-03-22,29.375,29.50,29.00,29.50,65000,16.481885
1995-03-21,29.3125,29.75,29.00,29.00,20900,16.202531
1995-03-20,29.75,29.75,29.25,29.75,15900,16.621562
1995-03-17,29.25,29.75,29.25,29.25,31800,16.342208
1995-03-16,29.50,29.50,29.00,29.25,51400,16.342208
1995-03-15,29.00,29.50,29.00,29.50,173100,16.481885
1995-03-14,29.00,29.50,29.00,29.50,83400,16.481885
1995-03-13,29.50,29.50,29.00,29.25,103400,16.342208
1995-03-10,28.75,29.50,28.75,29.25,65300,16.342208
1995-03-09,29.50,29.50,28.75,28.75,63100,16.062854
1995-03-08,29.00,29.50,29.00,29.50,80600,16.481885
1995-03-07,28.25,29.00,28.25,28.50,96700,15.923177
1995-03-06,28.25,28.75,28.25,28.75,34700,16.062854
1995-03-03,28.75,28.75,28.25,28.75,117800,16.062854
1995-03-02,28.00,28.75,28.00,28.25,84100,15.7835
1995-03-01,28.00,28.50,28.00,28.00,26700,15.643823
1995-02-28,28.00,28.50,28.00,28.50,51300,15.923177
1995-02-27,28.00,28.50,28.00,28.50,66900,15.923177
1995-02-24,28.25,28.50,28.25,28.25,13800,15.7835
1995-02-23,28.50,28.50,28.00,28.375,218300,15.853338
1995-02-22,28.50,28.50,28.00,28.25,30000,15.7835
1995-02-21,28.50,28.50,28.00,28.125,42700,15.713661
1995-02-17,28.50,28.50,27.75,28.25,69900,15.7835
1995-02-16,28.50,28.50,27.75,28.50,114400,15.923177
1995-02-15,28.25,28.50,27.75,28.25,97400,15.7835
1995-02-14,27.75,28.50,27.75,28.25,66600,15.7835
1995-02-13,27.75,28.50,27.75,27.75,106900,15.504146
1995-02-10,28.00,28.25,27.75,28.25,54600,15.7835
1995-02-09,28.25,28.25,27.75,28.00,13500,15.643823
1995-02-08,28.00,28.50,27.75,27.875,169200,15.573984
1995-02-07,28.25,28.25,27.75,28.125,99500,15.713661
1995-02-06,28.00,28.25,27.75,27.75,81500,15.504146
1995-02-03,28.00,28.00,27.50,27.75,245700,15.504146
1995-02-02,28.25,28.25,27.25,27.25,136700,15.224792
1995-02-01,28.75,28.75,27.875,28.00,20800,15.643823
1995-01-31,28.3125,28.75,28.00,28.25,98500,15.7835
1995-01-30,29.00,29.00,28.25,28.25,61200,15.7835
1995-01-27,28.50,28.75,28.00,28.625,61400,15.993015
1995-01-26,28.50,28.50,28.00,28.50,42700,15.923177
1995-01-25,28.50,28.50,27.75,28.25,324900,15.7835
1995-01-24,28.25,28.50,27.75,27.75,57700,15.504146
1995-01-23,28.50,28.75,27.75,27.875,79100,15.526494
1995-01-20,28.50,29.00,28.50,29.00,94000,16.153124
1995-01-19,29.25,29.25,28.50,29.00,57500,16.153124
1995-01-18,28.50,29.25,28.50,29.00,79600,16.153124
1995-01-17,29.00,29.00,28.00,29.00,89600,16.153124
1995-01-16,28.25,29.00,27.75,28.50,293400,15.874622
1995-01-13,27.50,28.25,27.25,28.125,266500,15.665745
1995-01-12,26.75,27.25,26.75,27.25,197700,15.178366
1995-01-11,27.25,27.25,26.50,27.25,146700,15.178366
1995-01-10,27.00,27.25,26.75,26.75,112700,14.899864
1995-01-09,26.25,27.00,26.25,26.25,19400,14.621362
1995-01-06,26.25,27.00,26.25,27.00,67800,15.039115
1995-01-05,26.25,26.75,26.25,26.25,29600,14.621362
1995-01-04,26.50,26.75,26.25,26.75,54100,14.899864
1995-01-03,27.00,27.50,26.00,26.50,106200,14.760613
1994-12-30,27.50,27.50,27.00,27.50,61700,15.317618
1994-12-29,27.25,27.50,26.75,27.00,31800,15.039115
1994-12-28,26.50,27.25,26.50,26.875,70200,14.96949
1994-12-27,26.625,27.00,26.25,26.75,45900,14.899864
1994-12-23,27.75,27.75,26.25,26.25,58200,14.621362
1994-12-22,27.75,28.25,27.25,27.75,103400,15.456869
1994-12-21,27.75,28.25,27.25,28.25,117400,15.735371
1994-12-20,27.25,27.75,27.00,27.75,45100,15.456869
1994-12-19,27.00,27.25,26.25,27.25,134700,15.178366
1994-12-16,25.75,27.00,25.50,26.25,91400,14.621362
1994-12-15,25.00,26.00,24.25,25.625,282000,14.273234
1994-12-14,25.4375,25.75,24.375,24.375,153600,13.576979
1994-12-13,25.25,25.50,25.00,25.50,74900,14.203609
1994-12-12,25.00,25.50,24.50,25.25,205000,14.064358
1994-12-09,25.50,26.00,24.50,24.875,209200,13.855481
1994-12-08,26.00,26.75,25.50,25.50,76300,14.203609
1994-12-07,25.75,26.375,25.75,26.00,11600,14.482111
1994-12-06,26.50,27.25,25.75,26.25,50700,14.621362
1994-12-05,26.75,27.25,26.75,26.875,91500,14.96949
1994-12-02,26.75,27.25,26.75,27.00,149000,15.039115
1994-12-01,27.00,27.25,26.50,27.00,173700,15.039115
1994-11-30,26.50,27.25,26.00,26.625,54200,14.830239
1994-11-29,26.25,26.50,25.75,26.25,43600,14.621362
1994-11-28,27.25,27.25,25.75,25.875,82500,14.412486
1994-11-25,27.00,27.25,26.75,27.25,126900,15.178366
1994-11-23,25.75,27.25,25.75,27.00,79400,15.039115
1994-11-22,26.00,26.50,25.75,26.50,55600,14.760613
1994-11-21,27.25,28.00,26.25,26.25,62200,14.621362
1994-11-18,27.75,28.00,27.25,27.50,41800,15.317618
1994-11-17,28.50,28.50,27.50,27.50,72400,15.317618
1994-11-16,28.25,28.50,28.00,28.0625,20200,15.630932
1994-11-15,28.00,28.50,27.75,28.50,37600,15.874622
1994-11-14,27.50,28.00,27.50,27.75,43700,15.456869
1994-11-11,27.875,28.00,27.50,28.00,14200,15.59612
1994-11-10,27.50,28.00,27.50,27.625,68600,15.387243
1994-11-09,28.25,28.75,27.25,27.625,88400,15.387243
1994-11-08,28.75,28.75,28.375,28.75,57400,16.013873
1994-11-07,28.50,28.75,28.50,28.75,48200,16.013873
1994-11-04,28.50,29.00,28.50,28.50,106600,15.874622
1994-11-03,28.625,28.75,28.50,28.50,87400,15.874622
1994-11-02,28.50,28.75,28.50,28.625,119300,15.944247
1994-11-01,28.50,28.75,28.50,28.625,27500,15.944247
1994-10-31,28.50,29.00,28.50,28.50,9800,15.874622
1994-10-28,29.00,29.00,28.50,29.00,39800,16.153124
1994-10-27,28.75,29.25,28.50,28.6875,37000,15.97906
1994-10-26,29.00,29.25,28.75,29.25,36100,16.292375
1994-10-25,28.50,29.00,28.50,29.00,46000,16.153124
1994-10-24,29.75,29.75,28.50,28.50,115800,15.874622
1994-10-21,28.75,29.75,28.25,29.25,204100,16.292375
1994-10-20,28.50,28.75,28.25,28.75,7000,16.013873
1994-10-19,28.25,28.75,28.25,28.25,43000,15.735371
1994-10-18,28.50,28.75,28.25,28.75,69600,16.013873
1994-10-17,28.25,28.75,28.25,28.25,71600,15.693595
1994-10-14,28.50,29.00,28.25,28.50,111400,15.832476
1994-10-13,28.00,28.75,28.00,28.50,52600,15.832476
1994-10-12,28.50,28.50,28.00,28.50,67600,15.832476
1994-10-11,27.25,28.75,27.25,28.75,91000,15.971358
1994-10-10,27.75,27.75,27.25,27.75,12300,15.415832
1994-10-07,26.75,27.75,26.75,27.375,138400,15.20751
1994-10-06,26.75,27.25,26.75,27.00,76300,14.999188
1994-10-05,26.50,27.25,26.00,27.25,95400,15.138069
1994-10-04,27.00,27.25,26.50,26.50,23600,14.721425
1994-10-03,27.25,27.75,27.00,27.375,74300,15.20751
1994-09-30,27.00,27.50,26.50,27.00,38400,14.999188
1994-09-29,27.00,27.25,26.25,26.50,92700,14.721425
1994-09-28,26.75,27.50,26.75,27.00,89400,14.999188
1994-09-27,27.75,27.75,26.00,26.75,96200,14.860307
1994-09-26,27.50,28.00,27.25,27.75,45200,15.415832
1994-09-23,27.75,28.25,27.25,27.50,86500,15.276951
1994-09-22,27.75,28.25,27.75,27.75,20700,15.415832
1994-09-21,27.75,28.25,27.75,28.00,18900,15.554713
1994-09-20,27.75,28.25,27.75,28.25,52000,15.693595
1994-09-19,28.25,28.75,27.75,28.00,165200,15.554713
1994-09-16,28.50,28.75,28.25,28.75,116400,15.971358
1994-09-15,27.00,28.75,27.00,28.75,131800,15.971358
1994-09-14,27.25,27.75,27.00,27.00,38300,14.999188
1994-09-13,27.75,27.75,27.25,27.50,10300,15.276951
1994-09-12,27.50,28.00,27.25,27.50,95800,15.276951
1994-09-09,27.75,28.00,27.25,28.00,30400,15.554713
1994-09-08,26.25,27.75,26.25,27.75,112100,15.415832
1994-09-07,27.00,27.00,26.25,27.00,32300,14.999188
1994-09-06,26.50,27.00,26.00,27.00,75400,14.999188
1994-09-02,26.50,26.50,26.00,26.00,7300,14.443663
1994-09-01,26.50,26.50,26.00,26.50,23400,14.721425
1994-08-31,26.50,26.75,26.50,26.50,116200,14.721425
1994-08-30,27.25,27.25,26.50,26.75,86100,14.860307
1994-08-29,27.25,27.25,26.75,27.125,93500,15.068629
1994-08-26,27.25,27.25,26.50,26.75,16000,14.860307
1994-08-25,27.75,28.375,26.50,26.75,360100,14.860307
1994-08-24,27.00,27.50,26.50,27.25,59600,15.138069
1994-08-23,27.00,27.00,26.50,27.00,76000,14.999188
1994-08-22,25.75,27.25,25.75,26.9375,151200,14.964468
1994-08-19,26.25,26.50,25.75,26.25,25500,14.582544
1994-08-18,26.00,26.375,25.50,26.25,46400,14.582544
1994-08-17,25.25,26.00,25.25,25.50,50300,14.1659
1994-08-16,25.75,25.75,25.25,25.25,3300,14.027018
1994-08-15,25.25,25.75,25.25,25.75,273100,14.304781
1994-08-12,25.75,25.75,25.25,25.25,13400,14.027018
1994-08-11,25.75,25.75,25.25,25.25,44000,14.027018
1994-08-10,25.75,25.75,25.25,25.25,11400,14.027018
1994-08-09,25.50,25.75,25.25,25.25,5200,14.027018
1994-08-08,25.375,25.75,25.25,25.25,69300,14.027018
1994-08-05,26.00,26.00,25.25,25.25,45800,14.027018
1994-08-04,26.25,26.25,25.50,25.875,67600,14.374222
1994-08-03,26.50,26.50,25.625,25.75,59700,14.304781
1994-08-02,27.00,27.00,26.50,26.50,29700,14.721425
1994-08-01,27.00,27.25,26.50,26.50,104800,14.721425
1994-07-29,26.75,27.25,26.25,27.00,214100,14.999188
1994-07-28,26.00,26.75,26.00,26.75,74300,14.860307
1994-07-27,26.50,26.50,26.00,26.50,60700,14.721425
1994-07-26,26.50,26.50,26.00,26.50,71500,14.721425
1994-07-25,26.25,26.50,25.75,26.00,28000,14.443663
1994-07-22,26.00,26.25,25.50,26.25,44200,14.582544
1994-07-21,25.75,26.25,25.50,25.875,47900,14.374222
1994-07-20,25.50,26.25,25.50,26.25,80600,14.54088
1994-07-19,25.50,26.00,25.50,25.50,45600,14.125426
1994-07-18,25.25,25.75,25.25,25.50,30300,14.125426
1994-07-15,25.75,25.75,25.25,25.75,23200,14.26391
1994-07-14,25.50,25.75,25.00,25.6875,20800,14.229289
1994-07-13,24.875,25.50,24.625,25.375,99200,14.056184
1994-07-12,25.50,25.50,24.25,24.50,66500,13.571488
1994-07-11,26.00,26.00,25.25,25.50,51300,14.125426
1994-07-08,25.50,26.00,25.50,25.50,31000,14.125426
1994-07-07,25.75,26.25,25.75,25.75,97900,14.26391
1994-07-06,26.25,26.25,25.50,25.75,54300,14.26391
1994-07-05,26.00,26.25,25.75,26.25,54800,14.54088
1994-07-01,25.50,26.00,25.50,26.00,73400,14.402395
1994-06-30,25.50,26.25,25.50,25.875,177600,14.333153
1994-06-29,25.3125,26.00,25.3125,25.50,14200,14.125426
1994-06-28,26.25,26.25,25.25,25.625,48000,14.194668
1994-06-27,26.50,26.75,26.25,26.50,5200,14.679364
1994-06-24,26.50,27.00,26.50,26.50,14200,14.679364
1994-06-23,26.8125,27.25,26.75,26.75,59900,14.817849
1994-06-22,26.50,27.25,26.50,27.00,166900,14.956333
1994-06-21,27.00,27.25,26.50,26.75,156300,14.817849
1994-06-20,27.00,27.00,26.50,26.50,11400,14.679364
1994-06-17,27.50,27.50,26.75,26.75,49200,14.817849
1994-06-16,26.625,27.50,26.625,27.00,96000,14.956333
1994-06-15,26.50,27.25,26.25,26.75,86700,14.817849
1994-06-14,25.50,26.75,25.00,26.625,140400,14.748606
1994-06-13,25.00,25.75,24.50,25.75,103000,14.26391
1994-06-10,25.00,25.00,24.25,24.25,22200,13.433003
1994-06-09,25.50,25.50,24.25,24.25,340500,13.433003
1994-06-08,25.75,25.75,25.00,25.00,30000,13.848457
1994-06-07,25.25,25.75,24.50,25.75,96600,14.26391
1994-06-06,24.25,25.25,24.25,25.125,209700,13.917699
1994-06-03,23.875,24.625,23.75,24.625,290200,13.64073
1994-06-02,25.00,25.25,23.50,23.875,265000,13.225276
1994-06-01,25.125,25.50,25.00,25.00,169700,13.848457
1994-05-31,25.25,25.75,24.75,25.00,206900,13.848457
1994-05-27,25.125,25.25,24.75,25.25,46300,13.986941
1994-05-26,25.00,25.25,24.50,25.00,26100,13.848457
1994-05-25,24.75,25.25,24.50,25.00,45000,13.848457
1994-05-24,23.75,25.50,23.75,25.125,220900,13.917699
1994-05-23,23.50,24.00,22.75,23.9375,44400,13.259897
1994-05-20,22.50,23.25,22.00,23.25,114600,12.879065
1994-05-19,22.50,22.50,22.00,22.50,13600,12.463611
1994-05-18,22.50,22.50,22.00,22.50,161800,12.463611
1994-05-17,22.75,22.75,22.25,22.25,65200,12.325126
1994-05-16,22.50,23.50,22.50,22.75,102800,12.602096
1994-05-13,21.50,22.50,21.00,22.375,264600,12.394369
1994-05-12,22.25,22.25,21.00,21.25,187400,11.771188
1994-05-11,22.50,22.50,21.75,22.00,108100,12.186642
1994-05-10,22.75,22.75,22.00,22.00,75700,12.186642
1994-05-09,23.75,23.75,22.25,22.50,119800,12.463611
1994-05-06,23.75,24.25,23.00,23.75,22700,13.156034
1994-05-05,24.75,25.25,24.25,24.25,117500,13.433003
1994-05-04,25.25,25.25,24.75,24.875,67500,13.779214
1994-05-03,24.75,25.25,24.75,25.00,20600,13.848457
1994-05-02,25.25,25.25,24.75,25.25,166700,13.986941
1994-04-29,25.50,25.50,24.75,25.00,83300,13.848457
1994-04-28,24.75,25.50,24.75,25.125,180700,13.917699
1994-04-26,25.00,25.50,24.75,25.50,113300,14.125426
1994-04-25,24.75,25.50,24.75,25.50,5900,14.125426
1994-04-22,25.25,25.50,24.75,25.50,21300,14.08388
1994-04-21,24.50,25.25,24.50,24.75,72100,13.669649
1994-04-20,25.25,25.25,24.50,24.625,8000,13.60061
1994-04-19,25.25,25.25,24.50,25.25,44900,13.945803
1994-04-18,25.00,25.25,24.50,25.25,65300,13.945803
1994-04-15,30.250001,30.999999,29.50,30.999999,384600,13.697264
1994-04-14,30.75,30.75,29.50,30.250001,928200,13.365879
1994-04-13,30.999999,31.25,30.250001,31.25,115700,13.807726
1994-04-12,30.50,30.999999,30.50,30.999999,29300,13.697264
1994-04-11,30.999999,30.999999,30.50,30.50,27000,13.47634
1994-04-08,29.50,31.25,28.499999,30.999999,499600,13.697264
1994-04-07,30.999999,30.999999,29.000001,29.749999,105500,13.144955
1994-04-06,31.25,31.25,30.50,30.999999,28100,13.697264
1994-04-05,30.75,31.25,30.75,31.25,20200,13.807726
1994-04-04,31.75,32.00,30.50,30.999999,122300,13.697264
1994-03-31,32.249999,32.249999,31.500001,32.00,20500,14.139112
1994-03-30,31.75,32.249999,31.25,32.249999,37100,14.249573
1994-03-29,32.00,32.50,31.25,31.500001,56500,13.918188
1994-03-28,32.249999,32.375,31.75,32.00,64300,14.139112
1994-03-25,32.750001,32.750001,32.249999,32.750001,10200,14.470497
1994-03-24,32.249999,32.750001,32.249999,32.750001,70800,14.470497
1994-03-23,33.00,33.00,32.249999,32.249999,59600,14.249573
1994-03-22,33.00,33.00,32.750001,32.750001,64000,14.470497
1994-03-21,33.00,33.00,32.50,33.00,39600,14.580958
1994-03-18,33.499999,33.499999,32.50,33.00,70000,14.580958
1994-03-17,33.625,34.000001,32.750001,32.874999,53300,14.525727
1994-03-16,33.25,34.000001,33.25,33.875,133100,14.967575
1994-03-15,33.499999,34.000001,33.25,33.25,12200,14.691421
1994-03-14,33.25,34.000001,33.25,34.000001,10200,15.022806
1994-03-11,33.25,34.25,33.25,33.25,10600,14.691421
1994-03-10,33.75,34.25,33.25,34.25,112200,15.133267
1994-03-09,33.25,33.75,33.25,33.25,69100,14.691421
1994-03-08,34.000001,34.000001,33.25,33.25,59200,14.691421
1994-03-07,35.250001,35.250001,33.75,33.875,196500,14.967575
1994-03-04,34.50,35.50,34.50,34.749999,185700,15.354191
1994-03-03,34.625001,35.125,34.25,35.00,284000,15.464653
1994-03-02,34.000001,35.00,34.000001,34.25,72200,15.133267
1994-03-01,34.749999,34.749999,34.000001,34.749999,92500,15.354191
1994-02-28,35.250001,35.250001,34.25,34.25,186700,15.133267
1994-02-25,34.625001,35.50,34.25,35.374999,211600,15.630345
1994-02-24,33.499999,34.749999,33.499999,34.50,132800,15.24373
1994-02-23,33.499999,34.25,33.499999,33.499999,16200,14.801882
1994-02-22,33.75,34.000001,33.00,33.499999,87500,14.801882
1994-02-18,33.00,33.75,33.00,33.75,8700,14.912344
1994-02-17,33.75,33.75,33.00,33.00,26600,14.580958
1994-02-16,33.25,34.000001,33.00,33.00,318800,14.580958
1994-02-15,33.499999,34.000001,33.25,34.000001,50000,15.022806
1994-02-14,33.75,34.000001,33.25,34.000001,53500,15.022806
1994-02-11,34.000001,34.000001,33.25,34.000001,19300,15.022806
1994-02-10,34.000001,34.000001,33.25,34.000001,64700,15.022806
1994-02-09,32.750001,34.000001,32.750001,33.25,132300,14.691421
1994-02-08,32.750001,33.25,32.750001,32.750001,31300,14.470497
1994-02-07,32.50,33.25,32.50,33.00,76700,14.580958
1994-02-04,33.375001,33.75,33.00,33.375001,187000,14.746652
1994-02-03,33.125,33.75,32.750001,33.75,87500,14.912344
1994-02-02,32.750001,33.25,32.750001,33.25,20600,14.691421
1994-02-01,33.25,34.000001,32.750001,33.25,52500,14.691421
1994-01-31,33.499999,34.000001,33.25,33.375001,36200,14.746652
1994-01-28,33.25,34.25,33.25,33.499999,189200,14.801882
1994-01-27,33.75,33.75,33.25,33.499999,37500,14.801882
1994-01-26,33.75,33.75,33.25,33.499999,24100,14.801882
1994-01-25,33.75,33.75,33.25,33.25,68600,14.691421
1994-01-24,33.875,34.25,33.25,33.375001,245300,14.706885
1994-01-21,34.25,34.25,33.75,33.75,52300,14.87213
1994-01-20,33.75,34.50,33.75,34.25,44600,15.092458
1994-01-19,33.75,34.50,33.499999,33.75,43000,14.87213
1994-01-18,34.50,34.50,33.75,34.124999,63200,15.037376
1994-01-17,33.00,34.375,33.00,34.000001,86700,14.982295
1994-01-14,32.00,33.625,31.75,33.00,149000,14.541638
1994-01-13,32.50,33.00,32.00,32.750001,24600,14.431475
1994-01-12,32.750001,33.25,32.50,33.25,23700,14.651803
1994-01-11,33.25,33.25,32.750001,33.125,32600,14.59672
1994-01-10,33.25,33.25,32.750001,32.874999,27100,14.486556
1994-01-07,33.25,33.25,32.50,32.750001,80700,14.431475
1994-01-06,33.00,33.25,32.50,32.874999,78600,14.486556
1994-01-05,32.750001,33.25,32.249999,33.25,33100,14.651803
1994-01-04,32.750001,32.750001,32.00,32.249999,72100,14.211146
1994-01-03,33.00,33.25,31.75,32.625,189100,14.376393
1993-12-31,33.00,33.75,32.50,33.75,81700,14.87213
1993-12-30,32.50,33.00,32.50,32.874999,98100,14.486556
1993-12-29,31.875,32.750001,31.500001,32.750001,75200,14.431475
1993-12-28,31.25,32.125001,30.999999,32.00,61600,14.100983
1993-12-27,30.50,31.25,30.250001,31.25,37700,13.770491
1993-12-23,29.749999,30.50,29.749999,30.50,16800,13.439999
1993-12-22,31.500001,31.500001,30.00,30.374999,114100,13.384917
1993-12-21,32.249999,32.249999,30.75,30.999999,93300,13.660327
1993-12-20,30.999999,32.249999,30.999999,31.75,174100,13.990819
1993-12-17,30.75,31.75,30.50,31.25,294600,13.770491
1993-12-16,30.50,30.75,30.00,30.00,17200,13.219671
1993-12-15,29.749999,30.50,29.749999,30.125,112600,13.274753
1993-12-14,30.00,30.50,29.749999,29.875,35600,13.164589
1993-12-13,30.250001,30.999999,30.250001,30.75,63800,13.550163
1993-12-10,30.999999,30.999999,30.50,30.999999,80500,13.660327
1993-12-09,30.00,30.999999,30.00,30.999999,256300,13.660327
1993-12-08,29.000001,30.50,29.000001,30.00,165600,13.219671
1993-12-07,29.50,29.50,29.000001,29.000001,33700,12.779016
1993-12-06,29.25,29.50,28.75,29.50,58000,12.999344
1993-12-03,29.25,29.25,29.000001,29.25,9500,12.889179
1993-12-02,29.000001,29.25,28.499999,28.75,136800,12.668852
1993-12-01,28.499999,29.000001,28.499999,29.000001,30800,12.779016
1993-11-30,28.75,29.25,28.499999,28.625,50200,12.613769
1993-11-29,29.000001,29.50,28.499999,29.000001,79000,12.779016
1993-11-26,28.25,29.000001,28.00,29.000001,69000,12.779016
1993-11-24,27.50,28.00,27.00,28.00,85000,12.33836
1993-11-23,27.249999,27.249999,26.500001,26.500001,138600,11.677377
1993-11-22,27.249999,27.750001,26.500001,26.500001,103000,11.677377
1993-11-19,27.50,27.750001,27.249999,27.50,91700,12.118032
1993-11-18,28.25,28.25,27.00,27.249999,241500,12.007868
1993-11-17,28.499999,28.75,27.750001,28.00,79800,12.33836
1993-11-16,28.75,29.25,28.499999,29.000001,177100,12.779016
1993-11-15,29.25,29.25,28.75,28.75,256100,12.668852
1993-11-12,29.25,29.25,28.75,29.25,293800,12.889179
1993-11-11,28.75,29.50,28.75,29.000001,359700,12.779016
1993-11-10,30.00,30.00,28.75,28.75,102200,12.668852
1993-11-09,29.625001,30.00,29.25,29.25,18700,12.889179
1993-11-08,29.25,30.00,29.25,29.25,31800,12.889179
1993-11-05,29.50,30.00,29.25,29.625001,64600,13.054426
1993-11-04,30.250001,30.999999,29.50,29.50,121600,12.999344
1993-11-03,30.999999,30.999999,30.50,30.999999,29800,13.660327
1993-11-02,30.00,30.999999,30.00,30.999999,132700,13.660327
1993-11-01,30.75,30.75,30.00,30.50,34800,13.439999
1993-10-29,30.75,30.75,29.749999,30.00,56600,13.219671
1993-10-28,30.999999,31.25,30.00,30.75,220300,13.550163
1993-10-27,30.75,30.999999,30.250001,30.999999,70600,13.660327
1993-10-26,30.00,30.75,30.00,30.75,74200,13.550163
1993-10-25,29.50,30.50,29.50,29.749999,54800,13.109507
1993-10-22,29.25,29.50,28.75,29.50,61000,12.999344
1993-10-21,29.25,29.25,28.75,29.25,43100,12.889179
1993-10-20,29.50,29.50,28.75,29.25,30200,12.889179
1993-10-19,30.00,30.250001,28.75,28.875,97300,12.723934
1993-10-18,30.50,30.999999,30.00,30.00,52700,13.184419
1993-10-15,29.749999,30.999999,29.25,30.50,73600,13.404159
1993-10-14,29.50,30.00,28.499999,29.25,43000,12.854808
1993-10-13,29.25,29.50,28.499999,29.375,48100,12.909744
1993-10-12,29.50,29.50,28.499999,29.25,97100,12.854808
1993-10-11,28.75,29.50,28.499999,29.50,48800,12.964679
1993-10-08,28.75,28.75,27.750001,28.499999,2300,12.525198
1993-10-07,28.75,28.75,27.750001,27.750001,24800,12.195588
1993-10-06,28.75,28.75,27.750001,27.750001,9300,12.195588
1993-10-05,27.750001,28.499999,27.750001,28.125,64300,12.360393
1993-10-04,28.499999,28.499999,27.750001,28.499999,7000,12.525198
1993-10-01,28.499999,28.499999,27.750001,28.499999,2600,12.525198
1993-09-30,28.25,28.499999,27.750001,28.499999,89700,12.525198
1993-09-29,28.00,28.25,27.750001,27.750001,99000,12.195588
1993-09-28,27.750001,28.25,27.750001,27.874999,45700,12.250522
1993-09-27,27.750001,28.25,27.750001,28.25,34500,12.415328
1993-09-24,28.25,28.25,27.750001,28.25,42600,12.415328
1993-09-23,28.499999,28.499999,27.750001,27.750001,150700,12.195588
1993-09-22,28.75,28.75,28.00,28.125,145000,12.360393
1993-09-21,28.75,28.75,28.00,28.25,14800,12.415328
1993-09-20,28.00,28.75,28.00,28.00,28800,12.305458
1993-09-17,28.00,29.000001,28.00,28.375001,29500,12.470264
1993-09-16,28.00,29.000001,28.00,29.000001,57700,12.744939
1993-09-15,29.000001,29.000001,28.25,29.000001,15300,12.744939
1993-09-14,28.25,29.000001,28.25,29.000001,30200,12.744939
1993-09-13,28.499999,29.000001,28.499999,29.000001,63700,12.744939
1993-09-10,28.00,29.000001,28.00,29.000001,39300,12.744939
1993-09-09,29.000001,29.000001,28.00,29.000001,35500,12.744939
1993-09-08,28.499999,29.000001,28.499999,29.000001,45200,12.744939
1993-09-07,29.000001,29.000001,28.499999,28.499999,20300,12.525198
1993-09-03,28.499999,29.25,28.499999,28.75,36000,12.635068
1993-09-02,29.000001,29.25,28.499999,29.000001,34500,12.744939
1993-09-01,29.25,29.25,28.499999,29.25,42800,12.854808
1993-08-31,29.749999,29.749999,28.499999,29.25,24600,12.854808
1993-08-30,30.250001,30.75,29.000001,29.749999,94300,13.074549
1993-08-27,30.75,31.25,30.250001,30.50,117300,13.404159
1993-08-26,30.75,31.25,30.50,30.999999,160800,13.623899
1993-08-25,30.75,31.500001,30.75,31.500001,527600,13.843641
1993-08-24,31.25,31.25,30.75,30.75,20000,13.51403
1993-08-23,30.75,31.25,30.75,30.75,91200,13.51403
1993-08-20,31.25,31.25,30.75,30.75,49600,13.51403
1993-08-19,30.75,31.25,30.75,31.25,44800,13.73377
1993-08-18,30.250001,31.125,29.749999,30.75,71200,13.51403
1993-08-17,30.250001,30.250001,29.50,29.749999,9100,13.074549
1993-08-16,29.749999,30.250001,29.25,30.125,27600,13.239354
1993-08-13,29.000001,29.749999,29.000001,29.749999,21200,13.074549
1993-08-12,29.50,30.00,29.000001,29.50,57000,12.964679
1993-08-11,28.75,30.00,28.75,30.00,71800,13.184419
1993-08-10,28.375001,29.25,28.00,29.25,343000,12.854808
1993-08-09,29.749999,29.749999,28.25,28.25,107100,12.415328
1993-08-06,29.25,30.00,29.000001,29.25,21000,12.854808
1993-08-05,29.749999,30.250001,29.25,29.50,39500,12.964679
1993-08-04,29.749999,30.250001,29.749999,29.749999,19500,13.074549
1993-08-03,29.749999,30.250001,29.749999,29.749999,127200,13.074549
1993-08-02,29.749999,30.250001,29.749999,29.749999,42100,13.074549
1993-07-30,30.75,30.75,29.749999,29.749999,152300,13.074549
1993-07-29,30.00,30.50,29.50,30.125,89200,13.239354
1993-07-28,28.25,29.749999,27.750001,29.749999,142500,13.074549
1993-07-27,28.25,28.25,27.750001,28.00,20700,12.305458
1993-07-26,27.750001,28.25,27.750001,28.25,19200,12.415328
1993-07-23,27.750001,28.25,27.750001,27.750001,5200,12.195588
1993-07-22,28.25,28.25,27.750001,28.25,5000,12.415328
1993-07-21,27.750001,28.25,27.750001,28.25,18800,12.415328
1993-07-20,27.750001,28.25,27.50,28.125,467300,12.325235
1993-07-19,27.50,27.874999,27.50,27.50,28700,12.05134
1993-07-16,28.25,28.25,27.50,27.750001,22800,12.160899
1993-07-15,27.50,28.25,27.50,28.25,92100,12.380014
1993-07-14,28.00,28.25,27.50,27.750001,80700,12.160899
1993-07-13,27.249999,28.00,27.249999,27.625,363600,12.106119
1993-07-12,27.50,28.25,27.249999,27.750001,91600,12.160899
1993-07-09,27.50,27.750001,27.00,27.625,411800,12.106119
1993-07-08,27.50,27.50,26.75,27.125001,75600,11.887004
1993-07-07,26.500001,27.50,26.500001,26.875,245500,11.777446
1993-07-06,27.249999,28.00,26.500001,27.249999,281800,11.941782
1993-07-02,28.499999,28.499999,27.50,28.00,209000,12.270456
1993-07-01,28.25,28.499999,27.750001,28.125,163100,12.325235
1993-06-30,27.750001,28.499999,27.750001,27.750001,5800,12.160899
1993-06-29,28.499999,28.499999,27.750001,28.499999,179500,12.489571
1993-06-28,28.499999,28.499999,27.750001,28.499999,162100,12.489571
1993-06-25,28.00,28.499999,28.00,28.499999,5300,12.489571
1993-06-24,28.75,28.75,28.00,28.375001,12300,12.434793
1993-06-23,28.75,28.75,28.25,28.25,72300,12.380014
1993-06-22,28.25,28.75,28.25,28.499999,56200,12.489571
1993-06-21,28.75,28.75,28.00,28.375001,219100,12.434793
1993-06-18,28.75,28.75,28.00,28.00,33500,12.270456
1993-06-17,29.25,30.00,28.25,28.75,78600,12.599129
1993-06-16,30.75,30.75,29.50,29.749999,144700,13.037359
1993-06-15,30.75,30.999999,30.75,30.875001,96200,13.530369
1993-06-14,31.25,31.25,30.75,30.999999,642200,13.585147
1993-06-11,30.75,31.25,30.75,30.875001,45500,13.530369
1993-06-10,30.75,31.25,30.75,30.875001,541700,13.530369
1993-06-09,30.75,31.25,30.625,31.125,89800,13.639926
1993-06-08,30.50,30.999999,30.50,30.875001,46200,13.530369
1993-06-07,32.00,32.00,31.25,31.25,20500,13.694705
1993-06-04,31.25,32.00,31.25,31.624999,94300,13.859041
1993-06-03,31.25,31.75,30.50,31.75,131600,13.91382
1993-06-02,30.250001,30.999999,30.250001,30.999999,36300,13.585147
1993-06-01,30.999999,30.999999,30.250001,30.75,22600,13.47559
1993-05-28,30.250001,30.999999,30.250001,30.625,218800,13.420811
1993-05-27,30.00,30.50,29.25,30.50,108300,13.366032
1993-05-26,28.00,29.875,28.00,29.875,79700,13.092138
1993-05-25,28.499999,28.75,27.750001,28.75,31700,12.599129
1993-05-24,28.499999,28.499999,27.750001,28.499999,68100,12.489571
1993-05-21,28.499999,28.499999,27.750001,28.499999,97800,12.489571
1993-05-20,28.499999,28.499999,27.750001,28.499999,101000,12.489571
1993-05-19,28.75,28.75,27.750001,28.499999,39800,12.489571
1993-05-18,28.75,29.25,28.25,28.25,83200,12.380014
1993-05-17,29.25,29.50,28.75,29.50,16800,12.927802
1993-05-14,29.25,29.749999,29.25,29.50,7200,12.927802
1993-05-13,30.50,30.50,29.25,29.25,124300,12.818244
1993-05-12,30.50,30.50,30.00,30.00,39000,13.146917
1993-05-11,30.00,30.50,30.00,30.50,2300,13.366032
1993-05-10,30.00,30.50,30.00,30.50,14200,13.366032
1993-05-07,30.00,30.75,30.00,30.00,120500,13.146917
1993-05-06,30.75,30.75,30.00,30.125,177700,13.201696
1993-05-05,30.00,30.75,30.00,30.75,11100,13.47559
1993-05-04,30.00,30.75,30.00,30.625,7800,13.420811
1993-05-03,29.749999,30.50,29.749999,30.50,63200,13.366032
1993-04-30,29.749999,30.50,29.749999,29.749999,16500,13.037359
1993-04-29,30.00,30.50,29.749999,30.00,11800,13.146917
1993-04-28,29.749999,30.00,29.749999,29.875,88100,13.092138
1993-04-27,29.749999,30.00,29.749999,29.749999,42100,13.037359
1993-04-26,30.00,30.00,29.50,29.749999,134300,13.037359
1993-04-23,30.250001,30.999999,29.50,29.749999,142700,13.037359
1993-04-22,30.374999,30.999999,30.00,30.250001,232200,13.221417
1993-04-21,30.250001,30.75,30.00,30.625,549800,13.385318
1993-04-20,29.749999,30.75,29.749999,30.250001,211800,13.221417
1993-04-19,29.50,30.250001,29.50,30.250001,39000,13.221417
1993-04-16,28.25,29.875,28.25,29.749999,110700,13.00288
1993-04-15,28.25,28.75,28.00,28.75,227800,12.565809
1993-04-14,28.00,28.75,27.50,28.75,137500,12.565809
1993-04-13,28.00,28.499999,28.00,28.499999,11500,12.45654
1993-04-12,28.00,28.499999,28.00,28.25,33000,12.347273
1993-04-08,28.25,28.499999,28.00,28.00,26600,12.238005
1993-04-07,28.375001,28.499999,28.00,28.499999,90700,12.45654
1993-04-06,28.00,28.499999,28.00,28.125,11100,12.292639
1993-04-05,28.499999,28.499999,28.00,28.499999,95100,12.45654
1993-04-02,28.499999,28.499999,28.00,28.00,14800,12.238005
1993-04-01,28.75,28.75,28.25,28.75,14600,12.565809
1993-03-31,28.25,28.75,28.25,28.75,105100,12.565809
1993-03-30,28.499999,28.499999,27.750001,28.125,169200,12.292639
1993-03-29,27.50,28.499999,27.50,28.00,45100,12.238005
1993-03-26,28.00,28.25,27.249999,28.00,216300,12.238005
1993-03-25,26.75,27.750001,26.75,27.625,544300,12.074103
1993-03-24,26.25,27.00,26.25,26.500001,415500,11.582398
1993-03-23,27.00,27.750001,25.999999,26.25,209300,11.47313
1993-03-22,28.00,28.00,27.125001,27.750001,114200,12.128738
1993-03-19,28.00,28.00,27.50,28.00,62100,12.238005
1993-03-18,27.50,27.874999,27.50,27.874999,600200,12.183371
1993-03-17,27.750001,27.750001,27.00,27.50,364800,12.019469
1993-03-16,27.50,28.00,27.249999,27.750001,278500,12.128738
1993-03-15,27.750001,27.750001,27.00,27.750001,323200,12.128738
1993-03-12,28.25,28.499999,27.00,27.125001,136700,11.855568
1993-03-11,28.25,29.000001,28.00,28.499999,148100,12.45654
1993-03-10,28.25,29.000001,28.25,29.000001,99200,12.675077
1993-03-09,28.75,29.25,28.25,28.25,175200,12.347273
1993-03-08,29.25,29.25,28.75,28.75,181100,12.565809
1993-03-05,29.50,29.50,28.75,29.000001,124000,12.675077
1993-03-04,29.25,29.50,28.75,28.875,53500,12.620443
1993-03-03,30.250001,30.250001,29.25,29.749999,244300,13.00288
1993-03-02,30.250001,30.50,29.50,30.250001,176800,13.221417
1993-03-01,29.50,30.250001,29.50,29.50,26100,12.893613
1993-02-26,29.749999,30.00,29.25,30.00,346300,13.112148
1993-02-25,29.749999,29.749999,29.375,29.749999,53500,13.00288
1993-02-24,28.499999,30.00,28.499999,29.749999,98100,13.00288
1993-02-23,29.000001,29.25,28.499999,28.875,60200,12.620443
1993-02-22,28.00,29.000001,28.00,28.25,30100,12.347273
1993-02-19,28.00,28.499999,28.00,28.00,18600,12.238005
1993-02-18,28.00,29.000001,28.00,28.499999,498600,12.45654
1993-02-17,30.00,30.250001,28.00,28.499999,66800,12.45654
1993-02-16,30.75,30.999999,29.50,30.125,68200,13.166782
1993-02-12,31.25,31.25,30.75,30.999999,15700,13.549219
1993-02-11,31.25,31.25,30.75,31.25,72700,13.658488
1993-02-10,30.999999,31.25,30.75,31.25,140300,13.658488
1993-02-09,30.75,31.25,30.75,31.25,199700,13.658488
1993-02-08,31.500001,31.500001,30.75,30.875001,154800,13.494586
1993-02-05,29.50,31.624999,29.25,30.999999,522600,13.549219
1993-02-04,28.25,29.50,27.50,29.50,468300,12.893613
1993-02-03,27.750001,28.00,27.249999,27.750001,398600,12.128738
1993-02-02,27.750001,28.25,27.249999,27.750001,116700,12.128738
1993-02-01,27.750001,28.25,27.750001,28.25,75100,12.347273
1993-01-29,28.25,28.499999,27.750001,28.25,45700,12.347273
1993-01-28,28.25,28.499999,27.750001,27.750001,102300,12.128738
1993-01-27,27.50,28.499999,26.75,27.750001,82000,12.128738
1993-01-26,26.75,27.50,26.75,27.50,54500,12.019469
1993-01-25,27.50,27.50,26.75,27.249999,81000,11.910201
1993-01-22,26.500001,27.50,26.500001,27.249999,330800,11.910201
1993-01-21,26.75,27.249999,26.500001,26.500001,378800,11.582398
1993-01-20,26.75,27.249999,26.500001,26.75,279300,11.6567
1993-01-19,26.75,27.249999,26.75,27.249999,288300,11.874582
1993-01-18,28.00,28.00,26.75,27.00,640700,11.765642
1993-01-15,27.50,28.00,27.50,27.625,336700,12.037995
1993-01-14,28.25,28.25,27.50,27.50,424700,11.983524
1993-01-13,27.50,28.25,27.249999,28.25,441800,12.310347
1993-01-12,28.499999,29.50,28.00,28.125,345100,12.255877
1993-01-11,28.00,29.000001,28.00,29.000001,87000,12.637171
1993-01-08,29.749999,29.749999,28.00,28.75,149100,12.528229
1993-01-07,29.50,30.00,28.75,29.50,467200,12.855053
1993-01-06,28.25,29.50,28.25,29.50,145700,12.855053
1993-01-05,28.25,29.000001,28.25,28.25,155800,12.310347
1993-01-04,28.75,29.000001,28.25,29.000001,26500,12.637171
1992-12-31,27.750001,28.75,27.750001,28.75,147500,12.528229
1992-12-30,28.499999,29.000001,27.750001,28.25,109700,12.310347
1992-12-29,28.499999,29.000001,28.499999,28.625,66800,12.473759
1992-12-28,28.75,29.000001,28.25,28.625,54600,12.473759
1992-12-24,28.25,28.75,27.750001,28.75,50500,12.528229
1992-12-23,27.750001,28.499999,27.750001,27.750001,92200,12.092465
1992-12-22,27.750001,28.25,27.50,28.125,130500,12.255877
1992-12-21,28.00,28.00,27.249999,28.00,97800,12.201406
1992-12-18,27.750001,28.00,27.249999,28.00,377700,12.201406
1992-12-17,26.75,27.50,26.75,27.125001,229800,11.820113
1992-12-16,27.249999,27.249999,26.75,26.75,1044100,11.6567
1992-12-15,27.750001,27.750001,26.500001,27.249999,183100,11.874582
1992-12-14,27.750001,27.750001,27.249999,27.750001,181700,12.092465
1992-12-11,28.25,28.25,27.249999,27.750001,122000,12.092465
1992-12-10,27.750001,28.25,26.500001,27.50,378600,11.983524
1992-12-09,28.00,28.00,27.50,28.00,124300,12.201406
1992-12-08,28.25,28.25,27.50,28.00,162600,12.201406
1992-12-07,28.00,28.75,27.750001,28.25,47300,12.310347
1992-12-04,29.50,29.50,28.00,28.499999,222200,12.419288
1992-12-03,29.50,29.50,28.75,29.50,154200,12.855053
1992-12-02,29.50,29.50,28.75,29.50,65500,12.855053
1992-12-01,29.50,29.50,28.75,29.50,141600,12.855053
1992-11-30,29.50,30.00,28.875,29.50,149000,12.855053
1992-11-27,29.25,29.50,29.124999,29.50,27200,12.855053
1992-11-25,28.00,28.125,27.249999,28.125,370300,12.255877
1992-11-24,28.00,28.00,27.00,27.249999,104600,11.874582
1992-11-23,27.750001,28.00,27.00,27.00,127200,11.765642
1992-11-20,28.25,28.25,26.75,27.375,119000,11.929053
1992-11-19,27.249999,28.00,26.25,28.00,177200,12.201406
1992-11-18,28.25,28.25,27.249999,27.750001,112700,12.092465
1992-11-17,29.749999,29.749999,27.750001,28.25,134000,12.310347
1992-11-16,29.50,29.749999,29.000001,29.749999,81500,12.963994
1992-11-13,29.50,29.50,28.75,29.50,20100,12.855053
1992-11-12,28.499999,29.50,28.499999,29.50,233300,12.855053
1992-11-11,29.000001,29.000001,28.499999,28.75,188000,12.528229
1992-11-10,28.499999,29.000001,28.499999,29.000001,75200,12.637171
1992-11-09,29.25,29.25,28.499999,29.000001,48800,12.637171
1992-11-06,29.25,29.25,28.75,29.124999,56000,12.691641
1992-11-05,29.000001,29.50,28.75,29.25,90500,12.746112
1992-11-04,29.50,29.50,29.25,29.50,70600,12.855053
1992-11-03,29.749999,29.749999,29.25,29.749999,101300,12.963994
1992-11-02,29.25,29.749999,28.25,29.50,72800,12.855053
1992-10-30,28.499999,28.75,27.750001,28.75,36800,12.528229
1992-10-29,28.00,28.499999,27.249999,28.375001,251300,12.364818
1992-10-28,28.00,28.00,27.249999,27.625,15300,12.037995
1992-10-27,28.25,28.25,27.249999,28.00,64600,12.201406
1992-10-26,28.00,28.25,27.249999,28.125,133500,12.255877
1992-10-23,27.00,27.249999,26.500001,27.249999,1093100,11.874582
1992-10-22,27.00,27.00,26.500001,26.624999,44200,11.602229
1992-10-21,27.750001,27.750001,26.25,27.00,111000,11.765642
1992-10-20,27.00,27.750001,27.00,27.00,68100,11.765642
1992-10-19,27.750001,27.750001,27.00,27.750001,60600,12.061961
1992-10-16,27.750001,27.750001,27.00,27.50,16100,11.953294
1992-10-15,27.750001,27.750001,27.00,27.750001,94800,12.061961
1992-10-14,27.625,28.00,27.249999,27.750001,26800,12.061961
1992-10-13,28.00,28.00,27.50,27.750001,133100,12.061961
1992-10-12,27.750001,28.00,27.50,28.00,204800,12.170627
1992-10-09,29.000001,29.000001,27.50,27.750001,176000,12.061961
1992-10-08,28.00,29.000001,28.00,29.000001,9600,12.605293
1992-10-07,29.000001,29.000001,28.00,28.75,89500,12.496626
1992-10-06,28.75,29.000001,28.25,28.25,15600,12.279294
1992-10-05,29.000001,29.375,28.00,28.499999,46600,12.387959
1992-10-02,29.25,29.749999,29.25,29.375,55000,12.768292
1992-10-01,29.50,30.250001,29.50,29.50,70100,12.822625
1992-09-30,30.75,30.75,29.50,29.749999,53100,12.931291
1992-09-29,30.75,30.75,30.00,30.75,66500,13.365957
1992-09-28,30.250001,30.75,30.00,30.75,7000,13.365957
1992-09-25,30.75,30.75,30.250001,30.250001,34500,13.148624
1992-09-24,30.75,30.75,30.00,30.75,37500,13.365957
1992-09-23,30.999999,31.500001,30.00,30.00,84000,13.039958
1992-09-22,30.999999,31.500001,30.999999,30.999999,73800,13.474622
1992-09-21,31.500001,31.500001,30.999999,30.999999,21800,13.474622
1992-09-18,31.75,32.00,30.999999,31.125,82300,13.528956
1992-09-17,32.50,32.50,31.500001,32.249999,30700,14.017954
1992-09-16,32.00,32.750001,32.00,32.125001,17200,13.963622
1992-09-15,33.25,33.25,32.249999,32.50,61800,14.126621
1992-09-14,33.75,33.75,32.50,33.25,39300,14.45262
1992-09-11,33.25,33.499999,33.00,33.499999,7600,14.561285
1992-09-10,33.00,33.499999,33.00,33.00,29700,14.343953
1992-09-09,33.499999,33.75,33.00,33.00,26600,14.343953
1992-09-08,34.000001,34.000001,33.00,33.00,39700,14.343953
1992-09-04,33.00,34.000001,33.00,34.000001,67300,14.778619
1992-09-03,33.75,34.000001,33.00,33.00,18000,14.343953
1992-09-02,33.25,34.000001,33.00,33.499999,67700,14.561285
1992-09-01,33.625,34.000001,33.25,33.499999,52200,14.561285
1992-08-31,33.499999,34.000001,33.25,33.499999,79600,14.561285
1992-08-28,33.499999,34.25,33.499999,33.499999,57200,14.561285
1992-08-27,33.499999,34.25,33.499999,34.000001,85300,14.778619
1992-08-26,34.25,34.25,33.499999,33.625,6100,14.615619
1992-08-25,33.499999,34.25,33.499999,34.25,5300,14.887285
1992-08-24,33.499999,34.25,33.499999,33.499999,10800,14.561285
1992-08-21,34.25,34.50,33.499999,34.25,53200,14.887285
1992-08-20,33.499999,34.25,33.499999,34.25,49300,14.887285
1992-08-19,33.499999,34.25,33.00,34.25,41300,14.887285
1992-08-18,32.50,32.50,32.00,32.50,38700,14.126621
1992-08-17,32.00,32.50,32.00,32.50,10200,14.126621
1992-08-14,32.50,32.50,32.00,32.375,37800,14.072287
1992-08-13,31.75,32.249999,31.75,32.125001,25600,13.963622
1992-08-12,32.750001,32.750001,31.75,32.249999,40500,14.017954
1992-08-11,32.249999,33.00,32.249999,32.50,98700,14.126621
1992-08-10,32.249999,33.00,32.249999,33.00,37000,14.343953
1992-08-07,32.50,33.00,32.50,32.50,9100,14.126621
1992-08-06,33.499999,33.499999,32.750001,32.750001,21500,14.235287
1992-08-05,34.50,34.50,33.25,33.499999,50800,14.561285
1992-08-04,34.000001,34.50,34.000001,34.50,40200,14.995951
1992-08-03,33.75,34.25,33.25,33.625,29200,14.615619
1992-07-31,33.75,33.75,33.00,33.25,76800,14.45262
1992-07-30,33.00,33.75,33.00,33.625,48200,14.615619
1992-07-29,33.00,33.75,33.00,33.75,89200,14.669952
1992-07-28,33.25,33.25,32.750001,33.25,63500,14.45262
1992-07-27,33.499999,33.499999,32.750001,32.750001,4500,14.235287
1992-07-24,33.00,33.499999,32.50,32.750001,37700,14.235287
1992-07-23,32.249999,33.00,32.249999,33.00,31500,14.343953
1992-07-22,32.375,33.00,32.00,32.625,53000,14.180954
1992-07-21,31.75,32.750001,31.75,32.00,32500,13.909288
1992-07-20,32.00,32.249999,32.00,32.00,17600,13.878862
1992-07-17,32.00,32.249999,32.00,32.249999,57800,13.98729
1992-07-16,32.00,32.249999,32.00,32.249999,38000,13.98729
1992-07-15,32.750001,32.750001,32.00,32.50,19100,14.095719
1992-07-14,32.750001,32.750001,32.00,32.750001,142300,14.204148
1992-07-13,32.750001,32.750001,32.00,32.750001,118800,14.204148
1992-07-10,31.500001,33.00,30.75,32.750001,50800,14.204148
1992-07-09,30.00,31.500001,30.00,31.500001,105700,13.662005
1992-07-08,30.75,30.75,30.00,30.50,33200,13.22829
1992-07-07,30.999999,30.999999,30.00,30.75,14300,13.336719
1992-07-06,30.00,30.999999,30.00,30.00,12000,13.011433
1992-07-02,29.50,30.250001,29.25,30.00,34600,13.011433
1992-07-01,28.75,29.749999,28.75,29.50,33700,12.794576
1992-06-30,28.75,28.75,28.25,28.25,208800,12.252433
1992-06-29,28.75,28.75,28.25,28.75,181300,12.46929
1992-06-26,28.75,28.75,28.25,28.25,6800,12.252433
1992-06-25,29.000001,29.000001,28.25,28.499999,24300,12.360861
1992-06-24,29.000001,29.000001,28.25,28.875,8100,12.523505
1992-06-23,29.25,29.25,28.25,29.000001,23500,12.577719
1992-06-22,28.499999,29.000001,28.499999,28.499999,17600,12.360861
1992-06-19,29.25,29.25,28.499999,28.499999,26000,12.360861
1992-06-18,28.499999,29.25,28.499999,28.499999,25600,12.360861
1992-06-17,29.000001,29.25,28.499999,29.25,34100,12.686147
1992-06-16,29.50,29.50,28.75,28.75,103700,12.46929
1992-06-15,29.50,30.00,29.000001,29.50,50500,12.794576
1992-06-12,29.25,30.00,29.25,29.625001,24000,12.848791
1992-06-11,30.50,30.50,29.124999,29.749999,88100,12.903004
1992-06-10,29.749999,30.50,29.749999,30.125,16500,13.065648
1992-06-09,30.250001,30.75,30.00,30.50,8800,13.22829
1992-06-08,29.749999,30.75,29.749999,30.50,28200,13.22829
1992-06-05,30.250001,30.50,29.749999,30.50,24300,13.22829
1992-06-04,29.749999,30.250001,29.749999,29.749999,14000,12.903004
1992-06-03,30.250001,30.250001,29.749999,29.749999,45800,12.903004
1992-06-02,30.250001,30.250001,29.749999,29.749999,37100,12.903004
1992-06-01,29.749999,30.50,29.749999,29.749999,13100,12.903004
1992-05-29,29.50,30.50,29.000001,30.50,278300,13.22829
1992-05-28,29.25,29.25,28.75,29.000001,9700,12.577719
1992-05-27,29.25,29.25,28.75,29.25,10600,12.686147
1992-05-26,29.000001,29.749999,28.75,29.000001,12600,12.577719
1992-05-22,29.000001,30.00,29.000001,29.749999,10800,12.903004
1992-05-21,29.000001,30.00,29.000001,30.00,172100,13.011433
1992-05-20,29.749999,29.749999,29.000001,29.375,15600,12.740362
1992-05-19,29.50,30.250001,29.000001,29.25,76200,12.686147
1992-05-18,30.250001,30.250001,29.50,29.50,14600,12.794576
1992-05-15,29.625001,30.250001,29.50,29.875,33200,12.957219
1992-05-14,30.00,30.50,29.749999,30.50,71100,13.22829
1992-05-13,29.50,30.250001,29.50,30.250001,49500,13.119862
1992-05-12,30.250001,30.250001,29.50,29.50,213500,12.794576
1992-05-11,29.25,30.250001,29.25,30.250001,31600,13.119862
1992-05-08,30.250001,30.250001,29.25,29.749999,316500,12.903004
1992-05-07,29.50,30.250001,29.25,30.250001,377100,13.119862
1992-05-06,29.000001,29.749999,29.000001,29.625001,105300,12.848791
1992-05-05,29.50,29.749999,29.000001,29.749999,36100,12.903004
1992-05-04,29.000001,29.749999,29.000001,29.749999,59300,12.903004
1992-05-01,30.374999,30.999999,29.000001,29.000001,120200,12.577719
1992-04-30,30.50,30.75,30.00,30.00,57300,13.011433
1992-04-29,29.749999,30.50,29.749999,30.374999,61300,13.174076
1992-04-28,30.50,30.50,29.749999,30.50,12800,13.22829
1992-04-27,30.00,30.50,30.00,30.250001,48200,13.119862
1992-04-24,30.75,30.75,30.00,30.75,17100,13.336719
1992-04-23,30.75,30.999999,30.00,30.00,45700,13.011433
1992-04-22,30.00,30.75,30.00,30.75,92000,13.336719
1992-04-21,30.00,30.75,30.00,30.75,37800,13.336719
1992-04-20,32.00,32.00,30.00,30.75,64500,13.306358
1992-04-16,31.375,32.00,31.25,31.25,120300,13.522722
1992-04-15,32.750001,32.750001,31.25,31.624999,188300,13.684994
1992-04-14,32.750001,33.25,31.75,32.00,125700,13.847267
1992-04-13,33.25,33.25,32.50,33.00,113000,14.279994
1992-04-10,33.25,33.499999,31.75,33.125,137500,14.334085
1992-04-09,32.50,33.25,32.00,33.25,63600,14.388176
1992-04-08,32.00,32.00,31.25,32.00,113800,13.847267
1992-04-07,32.249999,32.249999,31.500001,31.75,53500,13.739085
1992-04-06,31.500001,32.249999,31.500001,32.249999,63100,13.955449
1992-04-03,31.25,32.249999,31.25,31.624999,42800,13.684994
1992-04-02,31.500001,31.75,30.999999,31.25,192800,13.522722
1992-04-01,33.00,33.25,30.999999,30.999999,83800,13.41454
1992-03-31,32.50,33.25,32.50,32.50,17600,14.063631
1992-03-30,33.00,33.25,32.50,33.25,19800,14.388176
1992-03-27,33.25,33.75,32.750001,32.874999,62300,14.225903
1992-03-26,33.00,33.75,33.00,33.75,15500,14.60454
1992-03-25,33.25,33.499999,33.00,33.00,114700,14.279994
1992-03-24,33.75,33.75,33.125,33.125,151600,14.334085
1992-03-23,33.25,33.75,33.25,33.499999,97100,14.496357
1992-03-20,33.25,33.75,33.25,33.499999,50600,14.496357
1992-03-19,33.499999,33.75,33.25,33.75,45500,14.60454
1992-03-18,33.00,33.499999,33.00,33.25,14100,14.388176
1992-03-17,33.00,33.499999,33.00,33.25,84600,14.388176
1992-03-16,34.000001,34.000001,33.00,33.75,73100,14.60454
1992-03-13,33.25,34.25,33.25,34.25,39100,14.820903
1992-03-12,33.00,33.75,33.00,33.25,43200,14.388176
1992-03-11,34.25,34.25,33.00,33.75,35500,14.60454
1992-03-10,33.75,34.25,33.499999,34.25,21700,14.820903
1992-03-09,34.25,34.25,33.499999,34.000001,75600,14.712722
1992-03-06,33.499999,34.25,33.499999,33.875,14800,14.658631
1992-03-05,34.25,34.25,33.499999,33.499999,62200,14.496357
1992-03-04,34.50,34.50,33.75,33.75,45300,14.60454
1992-03-03,33.75,34.50,33.499999,33.75,74500,14.60454
1992-03-02,34.000001,34.000001,33.499999,33.75,167500,14.60454
1992-02-28,32.750001,34.000001,32.750001,33.499999,28500,14.496357
1992-02-27,32.750001,33.25,32.750001,33.125,40800,14.334085
1992-02-26,32.750001,33.25,32.750001,32.750001,30700,14.171813
1992-02-25,33.00,33.499999,32.249999,32.50,106500,14.063631
1992-02-24,33.00,33.75,33.00,33.375001,10100,14.442267
1992-02-21,34.50,35.00,33.00,33.00,103800,14.279994
1992-02-20,34.749999,35.250001,34.50,34.50,43500,14.929085
1992-02-19,33.75,35.00,33.75,34.875,132100,15.091357
1992-02-18,34.749999,34.749999,33.75,33.75,8300,14.60454
1992-02-14,34.749999,34.749999,34.000001,34.000001,12300,14.712722
1992-02-13,34.000001,34.749999,34.000001,34.749999,236500,15.037266
1992-02-12,34.000001,35.00,34.000001,34.749999,169700,15.037266
1992-02-11,33.25,35.00,33.25,34.000001,167300,14.712722
1992-02-10,34.000001,34.000001,33.00,34.000001,76500,14.712722
1992-02-07,32.750001,33.75,32.750001,33.499999,113100,14.496357
1992-02-06,32.750001,35.250001,32.750001,32.750001,184700,14.171813
1992-02-05,30.250001,33.00,30.250001,33.00,101300,14.279994
1992-02-04,30.50,30.999999,29.749999,30.50,165800,13.198176
1992-02-03,30.75,30.75,29.749999,30.374999,15700,13.144085
1992-01-31,30.50,31.25,30.00,30.75,67700,13.306358
1992-01-30,30.250001,30.999999,30.250001,30.875001,186700,13.36045
1992-01-29,31.25,31.25,30.250001,30.999999,25800,13.41454
1992-01-28,31.25,31.25,30.75,31.25,167300,13.522722
1992-01-27,30.75,31.500001,30.75,31.25,58700,13.522722
1992-01-24,31.500001,31.500001,30.75,31.500001,88200,13.630904
1992-01-23,31.500001,31.500001,30.75,31.375,206000,13.576813
1992-01-22,31.25,31.25,30.50,31.25,75100,13.522722
1992-01-21,30.75,31.25,30.50,30.75,60200,13.276068
1992-01-20,31.500001,32.249999,30.75,30.75,91700,13.276068
1992-01-17,33.499999,33.499999,32.00,32.375,100300,13.977649
1992-01-16,30.50,34.000001,30.00,33.25,283100,14.355423
1992-01-15,29.000001,30.50,29.000001,29.749999,63200,12.844326
1992-01-14,29.000001,29.50,28.499999,29.000001,447800,12.52052
1992-01-13,43.749994,43.749994,42.249995,42.999995,168500,12.376604
1992-01-10,42.749999,43.749994,42.749999,43.250005,158300,12.448564
1992-01-09,43.500001,43.500001,42.749999,42.749999,36300,12.304648
1992-01-08,42.749999,43.500001,42.749999,43.374993,589100,12.484539
1992-01-07,43.250005,43.250005,42.749999,43.250005,115200,12.448564
1992-01-06,43.250005,43.374993,42.749999,43.250005,338300,12.448564
1992-01-03,41.750007,42.999995,41.750007,42.624993,63800,12.268668
1992-01-02,41.750007,42.500006,41.750007,42.500006,61200,12.232693
1991-12-31,42.249995,42.999995,41.750007,42.500006,171800,12.232693
1991-12-30,42.749999,43.749994,42.249995,42.999995,193200,12.376604
1991-12-27,42.749999,43.500001,42.749999,43.500001,11300,12.52052
1991-12-26,42.500006,43.250005,42.249995,42.624993,33100,12.268668
1991-12-24,41.999999,42.500006,41.25,42.500006,110300,12.232693
1991-12-23,40.374995,41.499993,40.250005,41.499993,90100,11.944861
1991-12-20,40.500001,41.25,40.250005,40.374995,77300,11.621055
1991-12-19,39.500005,40.749993,39.375,40.500001,137700,11.657036
1991-12-18,38.249999,39.750001,38.249999,39.750001,73100,11.441165
1991-12-17,38.249999,38.750006,37.50,38.750006,42800,11.153338
1991-12-16,35.750005,38.000007,35.750005,37.749993,244800,10.865506
1991-12-13,36.000001,36.249994,35.499995,36.000001,228100,10.36181
1991-12-12,36.249994,36.750001,35.499995,36.500005,460100,10.505724
1991-12-11,36.750001,36.999993,35.750005,36.249994,196100,10.433764
1991-12-10,37.250007,37.50,36.249994,36.624995,108100,10.5417
1991-12-09,38.249999,38.249999,36.750001,36.999993,189700,10.649635
1991-12-06,38.499995,38.750006,37.250007,38.000007,557600,10.937467
1991-12-05,41.000007,41.375005,37.250007,38.000007,861000,10.937467
1991-12-04,41.999999,41.999999,41.25,41.499993,42800,11.944861
1991-12-03,41.999999,41.999999,41.25,41.999999,30800,12.088777
1991-12-02,41.25,41.999999,41.25,41.999999,19200,12.088777
1991-11-29,41.25,41.750007,41.25,41.25,9500,11.872906
1991-11-27,40.749993,41.750007,40.749993,41.499993,99500,11.944861
1991-11-26,39.750001,41.25,39.750001,40.749993,102000,11.72899
1991-11-25,38.750006,40.500001,38.750006,40.500001,380700,11.657036
1991-11-22,39.500005,39.500005,38.750006,39.125007,112500,11.261274
1991-11-21,39.249995,39.500005,38.750006,39.500005,49500,11.369209
1991-11-20,39.249995,39.249995,38.499995,39.125007,141500,11.261274
1991-11-19,38.625001,38.999999,38.499995,38.999999,58600,11.225293
1991-11-18,38.499995,39.249995,38.499995,39.249995,111100,11.297249
1991-11-15,39.500005,39.500005,38.750006,38.999999,21500,11.225293
1991-11-14,39.375,39.500005,38.750006,39.249995,85100,11.297249
1991-11-13,38.750006,39.500005,38.750006,39.500005,64500,11.369209
1991-11-12,38.750006,39.500005,38.750006,39.500005,162500,11.369209
1991-11-11,38.750006,39.500005,38.750006,38.750006,15700,11.153338
1991-11-08,39.249995,39.249995,38.750006,39.249995,115800,11.297249
1991-11-07,39.500005,39.500005,38.750006,38.999999,47000,11.225293
1991-11-06,38.999999,39.500005,38.750006,39.500005,72800,11.369209
1991-11-05,38.499995,38.999999,38.499995,38.999999,131600,11.225293
1991-11-04,38.499995,38.750006,38.499995,38.750006,38600,11.153338
1991-11-01,38.750006,38.750006,38.249999,38.499995,82500,11.081378
1991-10-31,38.750006,38.750006,38.249999,38.249999,68200,11.009422
1991-10-30,38.124994,38.750006,38.000007,38.750006,114500,11.153338
1991-10-29,38.000007,38.499995,38.000007,38.499995,28100,11.081378
1991-10-28,38.000007,38.499995,38.000007,38.124994,63700,10.973442
1991-10-25,37.749993,38.874993,37.749993,38.499995,118600,11.081378
1991-10-24,38.750006,38.750006,38.000007,38.000007,37600,10.937467
1991-10-23,39.750001,40.250005,38.000007,38.750006,181600,11.153338
1991-10-22,40.749993,40.749993,39.999994,39.999994,85600,11.51312
1991-10-21,38.999999,40.500001,38.999999,40.500001,37600,11.657036
1991-10-18,39.249995,39.500005,38.750006,39.500005,120000,11.369209
1991-10-17,39.249995,39.500005,38.750006,38.750006,26200,11.153338
1991-10-16,38.999999,39.500005,38.000007,38.999999,61800,11.199388
1991-10-15,38.249999,38.999999,37.50,38.750006,100500,11.127599
1991-10-14,38.249999,38.249999,37.50,37.875001,35600,10.876329
1991-10-11,37.625005,38.000007,37.250007,37.250007,28200,10.696854
1991-10-10,37.749993,37.749993,36.999993,37.749993,47700,10.840431
1991-10-09,37.50,37.749993,36.999993,37.50,47000,10.768642
1991-10-08,36.750001,37.50,36.500005,37.250007,57000,10.696854
1991-10-07,37.50,37.50,36.999993,36.999993,76100,10.625059
1991-10-04,38.499995,38.499995,38.000007,38.499995,48100,11.055805
1991-10-03,38.000007,38.499995,38.000007,38.375005,47300,11.019912
1991-10-02,38.499995,38.499995,37.749993,38.000007,23200,10.912226
1991-10-01,38.499995,38.499995,38.249999,38.249999,48000,10.984015
1991-09-30,38.249999,38.499995,37.749993,38.249999,186500,10.984015
1991-09-27,37.50,38.249999,37.50,38.249999,122600,10.984015
1991-09-26,37.250007,37.749993,36.750001,37.749993,34600,10.840431
1991-09-25,36.999993,37.250007,36.750001,37.124999,54500,10.660956
1991-09-24,36.249994,36.999993,36.249994,36.500005,56600,10.48148
1991-09-23,37.124999,37.124999,36.249994,36.999993,141500,10.625059
1991-09-20,37.749993,37.749993,36.999993,37.250007,39300,10.696854
1991-09-19,37.50,37.749993,36.999993,37.50,41600,10.768642
1991-09-18,36.999993,37.749993,36.999993,37.749993,22800,10.840431
1991-09-17,38.000007,38.000007,37.250007,37.250007,67800,10.696854
1991-09-16,38.000007,38.000007,37.250007,37.50,11600,10.768642
1991-09-13,38.000007,38.000007,37.250007,37.50,4800,10.768642
1991-09-12,37.749993,37.749993,36.999993,36.999993,7500,10.625059
1991-09-11,37.749993,37.749993,36.999993,37.250007,6300,10.696854
1991-09-10,37.50,38.000007,37.250007,37.50,91600,10.768642
1991-09-09,38.000007,38.000007,37.50,37.749993,8600,10.840431
1991-09-06,37.50,38.000007,36.999993,37.50,218000,10.768642
1991-09-05,37.50,37.50,36.999993,36.999993,98300,10.625059
1991-09-04,37.250007,38.000007,36.999993,37.250007,87500,10.696854
1991-09-03,38.000007,38.000007,37.250007,38.000007,18300,10.912226
1991-08-30,37.625005,38.249999,37.50,37.749993,72700,10.840431
1991-08-29,37.50,37.749993,37.250007,37.625005,55100,10.804539
1991-08-28,37.124999,37.50,36.750001,37.50,28100,10.768642
1991-08-27,37.250007,37.749993,36.750001,37.50,53300,10.768642
1991-08-26,36.750001,37.50,36.249994,37.50,76500,10.768642
1991-08-23,36.500005,36.999993,35.750005,36.000001,200200,10.337897
1991-08-22,38.000007,38.000007,36.750001,36.875006,85200,10.589167
1991-08-21,37.749993,38.000007,36.999993,36.999993,58100,10.625059
1991-08-20,36.999993,38.000007,36.999993,36.999993,86000,10.625059
1991-08-19,36.999993,37.50,36.999993,37.50,69100,10.768642
1991-08-16,37.50,38.249999,37.250007,38.249999,54800,10.984015
1991-08-15,36.750001,37.50,36.750001,37.374995,17600,10.732745
1991-08-14,36.500005,37.50,36.249994,37.50,112600,10.768642
1991-08-13,36.999993,37.250007,36.750001,37.250007,11000,10.696854
1991-08-12,37.250007,37.374995,36.750001,37.124999,174000,10.660956
1991-08-09,37.250007,37.250007,36.750001,36.999993,215700,10.625059
1991-08-08,36.750001,37.250007,36.750001,37.250007,15800,10.696854
1991-08-07,36.750001,37.250007,36.249994,37.250007,88100,10.696854
1991-08-06,36.000001,36.750001,36.000001,36.249994,46800,10.409686
1991-08-05,36.750001,36.750001,36.249994,36.500005,117000,10.48148
1991-08-02,36.624995,37.250007,36.500005,36.500005,71000,10.48148
1991-08-01,36.500005,36.750001,35.750005,36.750001,32600,10.55327
1991-07-31,36.249994,36.500005,35.750005,36.500005,42300,10.48148
1991-07-30,35.499995,36.249994,35.499995,35.750005,22200,10.266107
1991-07-29,35.750005,36.000001,35.249999,36.000001,126700,10.337897
1991-07-26,35.750005,35.750005,35.000006,35.000006,33500,10.050735
1991-07-25,34.749995,35.750005,34.625005,35.750005,93300,10.266107
1991-07-24,34.250007,35.000006,34.125001,34.749995,74000,9.978941
1991-07-23,33.75,34.250007,33.75,34.250007,6800,9.835362
1991-07-22,33.999993,35.000006,33.624995,34.250007,202800,9.835362
1991-07-19,35.000006,35.000006,33.999993,33.999993,12000,9.763567
1991-07-18,35.000006,35.000006,34.250007,35.000006,147800,10.050735
1991-07-17,35.249999,35.499995,34.499999,35.000006,94200,10.024891
1991-07-16,36.500005,36.500005,35.249999,36.000001,46100,10.311315
1991-07-15,37.50,37.50,36.000001,36.750001,57800,10.526134
1991-07-12,36.999993,37.50,36.999993,36.999993,165300,10.597738
1991-07-11,36.249994,37.50,36.249994,37.250007,735100,10.669348
1991-07-10,36.249994,36.999993,35.750005,36.875006,289500,10.561938
1991-07-09,35.000006,36.000001,35.000006,36.000001,162800,10.311315
1991-07-08,35.000006,35.750005,34.499999,35.750005,38000,10.23971
1991-07-05,35.000006,35.000006,34.499999,34.749995,3100,9.953281
1991-07-03,35.249999,35.249999,34.499999,34.749995,138500,9.953281
1991-07-02,35.000006,35.249999,34.625005,35.249999,129700,10.096495
1991-07-01,34.499999,35.000006,34.499999,35.000006,142800,10.024891
1991-06-28,33.999993,34.499999,33.999993,34.499999,41700,9.881676
1991-06-27,35.000006,35.000006,33.75,34.499999,46200,9.881676
1991-06-26,35.249999,35.249999,34.250007,34.250007,30800,9.810072
1991-06-25,35.750005,35.750005,35.000006,35.499995,34500,10.1681
1991-06-24,36.500005,36.500005,35.249999,35.499995,114800,10.1681
1991-06-21,36.500005,36.500005,36.000001,36.000001,95600,10.311315
1991-06-20,36.249994,36.500005,35.750005,36.500005,169600,10.454528
1991-06-19,36.249994,36.249994,35.750005,35.750005,191300,10.23971
1991-06-18,36.000001,36.249994,35.750005,35.750005,96300,10.23971
1991-06-17,36.000001,36.500005,35.750005,35.750005,22500,10.23971
1991-06-14,36.500005,36.500005,36.000001,36.125007,49600,10.347119
1991-06-13,36.999993,36.999993,36.000001,36.249994,19100,10.382919
1991-06-12,36.999993,36.999993,36.249994,36.374999,24700,10.418724
1991-06-11,35.249999,36.750001,35.249999,36.750001,68000,10.526134
1991-06-10,36.000001,36.000001,35.249999,35.249999,187500,10.096495
1991-06-07,36.999993,36.999993,35.249999,36.000001,39100,10.311315
1991-06-06,38.000007,38.000007,36.999993,37.50,64800,10.740952
1991-06-05,38.000007,38.000007,37.50,38.000007,85800,10.884167
1991-06-04,38.000007,38.000007,37.50,37.749993,126300,10.812557
1991-06-03,37.50,38.249999,37.50,37.50,32700,10.740952
1991-05-31,37.749993,38.499995,37.50,37.875001,38200,10.848362
1991-05-30,36.999993,38.499995,36.999993,38.499995,52600,11.027377
1991-05-29,36.750001,37.749993,36.500005,36.999993,42300,10.597738
1991-05-28,38.499995,38.499995,36.249994,36.750001,121600,10.526134
1991-05-24,38.000007,38.499995,38.000007,38.000007,7200,10.884167
1991-05-23,38.249999,38.499995,37.749993,38.000007,31800,10.884167
1991-05-22,38.249999,38.750006,37.749993,38.499995,53000,11.027377
1991-05-21,36.999993,38.000007,36.875006,38.000007,37200,10.884167
1991-05-20,36.999993,37.50,36.500005,36.750001,19100,10.526134
1991-05-17,37.250007,37.749993,36.999993,36.999993,29000,10.597738
1991-05-16,37.50,38.249999,37.250007,37.250007,87100,10.669348
1991-05-15,35.249999,37.50,35.249999,37.50,78000,10.740952
1991-05-14,35.499995,35.750005,35.000006,35.750005,14700,10.23971
1991-05-13,35.249999,36.000001,35.249999,36.000001,335200,10.311315
1991-05-10,35.249999,36.000001,35.249999,35.499995,77000,10.1681
1991-05-09,36.249994,36.249994,35.249999,35.499995,29000,10.1681
1991-05-08,35.750005,36.249994,35.750005,35.750005,31100,10.23971
1991-05-07,36.249994,36.249994,35.750005,36.249994,82500,10.382919
1991-05-06,36.249994,36.249994,35.499995,36.249994,69500,10.382919
1991-05-03,36.000001,36.249994,35.499995,36.125007,129300,10.347119
1991-05-02,34.499999,36.000001,34.250007,35.750005,172100,10.23971
1991-05-01,34.749995,34.749995,33.999993,34.499999,30000,9.881676
1991-04-30,33.999993,35.000006,33.500007,34.749995,143600,9.953281
1991-04-29,35.750005,36.249994,34.250007,34.250007,122700,9.810072
1991-04-26,36.750001,36.750001,35.750005,36.249994,88800,10.382919
1991-04-25,36.750001,37.50,36.750001,36.999993,15000,10.597738
1991-04-24,37.250007,37.50,36.500005,37.250007,26000,10.669348
1991-04-23,37.50,38.000007,36.500005,36.999993,107000,10.597738
1991-04-22,38.000007,38.249999,36.750001,36.999993,82600,10.597738
1991-04-19,38.249999,38.625001,38.000007,38.249999,59200,10.955771
1991-04-18,38.499995,39.249995,38.499995,38.499995,23600,11.027377
1991-04-17,38.499995,38.999999,38.499995,38.999999,28200,11.144812
1991-04-16,38.499995,38.750006,38.000007,38.750006,140700,11.073373
1991-04-15,39.999994,39.999994,38.499995,38.999999,37100,11.144812
1991-04-12,39.999994,40.500001,39.375,39.999994,81300,11.430575
1991-04-11,38.999999,40.250005,38.999999,40.250005,278700,11.502019
1991-04-10,39.999994,39.999994,39.249995,39.500005,148800,11.287696
1991-04-09,38.625001,40.250005,38.625001,39.249995,34600,11.216252
1991-04-08,38.750006,38.750006,38.000007,38.375005,77000,10.96621
1991-04-05,38.750006,38.750006,37.749993,38.499995,97600,11.001928
1991-04-04,37.50,38.999999,37.50,38.750006,86000,11.073373
1991-04-03,36.999993,38.000007,36.999993,38.000007,55800,10.859049
1991-04-02,36.500005,36.999993,36.000001,36.875006,442500,10.537564
1991-04-01,36.750001,36.750001,36.374999,36.624995,3500,10.46612
1991-03-28,36.000001,36.750001,36.000001,36.624995,161700,10.46612
1991-03-27,35.750005,36.249994,35.249999,36.000001,647700,10.287519
1991-03-26,35.750005,36.249994,35.249999,35.249999,69300,10.073195
1991-03-25,36.750001,36.750001,35.750005,35.750005,126300,10.216079
1991-03-22,36.750001,36.750001,35.750005,36.125007,59700,10.323241
1991-03-21,37.50,37.749993,36.750001,36.750001,230300,10.501842
1991-03-20,36.750001,37.50,36.750001,37.50,30800,10.716165
1991-03-19,39.500005,39.500005,37.250007,37.50,136500,10.716165
1991-03-18,40.749993,40.749993,39.249995,39.249995,59300,11.216252
1991-03-15,41.000007,41.000007,40.500001,41.000007,35200,11.716343
1991-03-14,40.500001,41.000007,39.999994,40.749993,69500,11.644898
1991-03-13,39.249995,40.500001,39.249995,40.250005,55200,11.502019
1991-03-12,39.750001,39.750001,39.249995,39.500005,72000,11.287696
1991-03-11,38.999999,39.750001,38.499995,39.249995,248200,11.216252
1991-03-08,38.625001,39.249995,38.249999,38.999999,73200,11.144812
1991-03-07,38.000007,38.750006,38.000007,38.249999,102700,10.930488
1991-03-06,38.499995,38.999999,38.249999,38.249999,38200,10.930488
1991-03-05,38.499995,39.249995,37.749993,38.499995,132100,11.001928
1991-03-04,38.499995,38.499995,37.50,38.249999,24000,10.930488
1991-03-01,37.749993,38.499995,37.50,38.499995,44700,11.001928
1991-02-28,37.749993,37.749993,36.999993,37.374995,71000,10.680443
1991-02-27,37.749993,37.749993,36.999993,37.50,36000,10.716165
1991-02-26,38.499995,39.249995,36.999993,36.999993,346500,10.573281
1991-02-25,39.500005,39.999994,38.499995,39.249995,36800,11.216252
1991-02-22,38.999999,39.500005,38.000007,38.000007,108000,10.859049
1991-02-21,38.999999,39.500005,38.999999,39.125007,169200,11.180535
1991-02-20,39.249995,39.750001,39.249995,39.750001,17200,11.359136
1991-02-19,40.250005,40.250005,39.500005,40.250005,21800,11.502019
1991-02-15,39.249995,40.250005,39.249995,39.249995,17300,11.216252
1991-02-14,39.999994,39.999994,39.249995,39.999994,360800,11.430575
1991-02-13,39.500005,40.250005,38.999999,39.624993,185200,11.323413
1991-02-12,38.750006,40.500001,38.750006,39.999994,118100,11.430575
1991-02-11,38.750006,39.500005,38.000007,39.500005,127500,11.287696
1991-02-08,38.000007,38.750006,38.000007,38.499995,33500,11.001928
1991-02-07,38.499995,38.750006,37.50,38.249999,83700,10.930488
1991-02-06,38.249999,38.249999,37.250007,38.124994,186700,10.894766
1991-02-05,37.250007,38.499995,37.250007,37.749993,96300,10.787604
1991-02-04,36.000001,38.999999,35.750005,38.000007,139500,10.859049
1991-02-01,34.749995,35.750005,33.999993,35.499995,115800,10.144635
1991-01-31,33.500007,34.499999,33.500007,34.499999,79500,9.858872
1991-01-30,33.249993,33.75,33.249993,33.500007,21700,9.57311
1991-01-29,33.75,33.75,33.000001,33.75,23000,9.644549
1991-01-28,33.249993,33.75,33.000001,33.75,7200,9.644549
1991-01-25,33.75,33.75,33.000001,33.125006,219800,9.465948
1991-01-24,33.75,33.75,33.000001,33.000001,70100,9.430226
1991-01-23,33.000001,33.999993,32.499994,33.75,120800,9.644549
1991-01-22,32.000005,33.000001,31.499999,32.375007,153300,9.225906
1991-01-21,31.250006,32.000005,31.250006,31.374993,17300,8.940932
1991-01-18,31.250006,32.000005,30.999995,32.000005,50600,9.119041
1991-01-17,30.749999,31.749995,30.00,31.749995,73800,9.047796
1991-01-16,28.749994,29.750006,28.749994,29.750006,27100,8.477859
1991-01-15,28.749994,29.250001,28.749994,29.250001,39000,8.335373
1991-01-14,29.250001,29.750006,28.50,29.124994,132300,8.299749
1991-01-11,29.499993,29.750006,29.499993,29.499993,19500,8.406613
1991-01-10,30.00,30.00,29.000006,29.625,161300,8.442236
1991-01-09,30.125005,30.500007,29.250001,29.250001,96800,8.335373
1991-01-08,31.250006,32.000005,30.500007,30.500007,131700,8.691587
1991-01-07,31.499999,32.000005,31.250006,31.374993,92300,8.940932
1991-01-04,31.499999,32.000005,30.749999,31.499999,115600,8.976555
1991-01-03,30.749999,31.250006,30.500007,30.749999,74300,8.762827
1991-01-02,30.999995,31.499999,30.500007,30.749999,118100,8.762827
1990-12-31,31.749995,31.749995,30.999995,30.999995,19100,8.834069
1990-12-28,30.500007,31.749995,30.500007,31.749995,48300,9.047796
1990-12-27,30.500007,32.499994,30.500007,30.500007,97100,8.691587
1990-12-26,29.000006,30.500007,29.000006,30.500007,23000,8.691587
1990-12-24,29.250001,29.499993,29.124994,29.499993,31100,8.406613
1990-12-21,29.000006,29.250001,28.50,29.124994,75000,8.299749
1990-12-20,28.250007,29.000006,27.999993,29.000006,46800,8.264132
1990-12-19,29.000006,29.000006,28.50,28.749994,26200,8.192886
1990-12-18,29.000006,29.499993,28.50,28.50,81700,8.121645
1990-12-17,28.250007,29.000006,28.250007,29.000006,9500,8.264132
1990-12-14,28.250007,29.000006,27.75,28.874999,200600,8.228508
1990-12-13,28.250007,28.250007,27.875006,28.250007,33000,8.050404
1990-12-12,27.500006,28.50,27.500006,28.125,133500,8.014781
1990-12-11,26.750007,27.500006,26.750007,27.500006,55500,7.836677
1990-12-10,27.249994,27.249994,26.499994,26.999999,175600,7.69419
1990-12-07,27.75,27.999993,26.499994,27.249994,168300,7.765431
1990-12-06,28.50,28.749994,27.75,27.999993,213100,7.979158
1990-12-05,28.749994,29.000006,28.50,28.749994,77600,8.192886
1990-12-04,27.999993,29.250001,27.999993,28.749994,56300,8.192886
1990-12-03,27.375001,28.749994,27.375001,28.749994,61200,8.192886
1990-11-30,26.999999,27.500006,26.499994,27.500006,58500,7.836677
1990-11-29,26.499994,26.999999,26.499994,26.499994,228000,7.551703
1990-11-28,26.25,26.999999,26.25,26.499994,362600,7.551703
1990-11-27,26.750007,26.750007,26.25,26.750007,354300,7.622949
1990-11-26,26.750007,26.999999,26.000006,26.375007,121500,7.516086
1990-11-23,26.750007,27.249994,26.625,27.125006,56700,7.729813
1990-11-21,26.25,26.999999,26.25,26.625,13600,7.587326
1990-11-20,27.249994,27.249994,26.25,26.25,39100,7.480462
1990-11-19,27.500006,27.500006,26.750007,26.750007,103500,7.622949
1990-11-16,27.249994,27.249994,26.750007,27.249994,62700,7.765431
1990-11-15,26.750007,27.249994,26.499994,27.125006,32600,7.729813
1990-11-14,26.999999,27.500006,26.750007,27.249994,125200,7.765431
1990-11-13,25.749993,26.999999,25.749993,26.999999,166500,7.69419
1990-11-12,25.749993,26.499994,25.749993,26.499994,42800,7.551703
1990-11-09,26.25,26.499994,25.749993,26.25,27500,7.480462
1990-11-08,26.25,26.999999,26.25,26.375007,5200,7.516086
1990-11-07,26.750007,26.999999,26.25,26.25,28100,7.480462
1990-11-06,26.625,26.750007,26.000006,26.750007,161700,7.622949
1990-11-05,27.249994,27.249994,26.000006,26.000006,44200,7.409222
1990-11-02,26.750007,27.249994,26.499994,26.499994,24500,7.551703
1990-11-01,26.750007,27.249994,26.750007,26.999999,32700,7.69419
1990-10-31,26.999999,27.375001,26.999999,26.999999,46600,7.69419
1990-10-30,27.500006,27.500006,26.999999,27.249994,67200,7.765431
1990-10-29,26.999999,27.75,26.999999,27.249994,139200,7.765431
1990-10-26,27.75,27.75,27.375001,27.500006,36800,7.836677
1990-10-25,27.500006,27.75,27.249994,27.624993,5300,7.872294
1990-10-24,27.999993,27.999993,27.500006,27.500006,11600,7.836677
1990-10-23,26.625,27.999993,26.499994,27.75,177300,7.907918
1990-10-22,26.999999,26.999999,26.000006,26.499994,49100,7.551703
1990-10-19,26.000006,27.500006,25.749993,26.124993,254200,7.444839
1990-10-18,25.749993,26.25,25.749993,26.25,29700,7.480462
1990-10-17,24.75,26.000006,24.75,26.000006,51100,7.409222
1990-10-16,24.500007,25.250006,24.500007,24.999994,93700,7.124248
1990-10-15,24.999994,24.999994,23.750006,24.999994,46800,7.101449
1990-10-12,24.00,24.999994,24.00,24.999994,6000,7.101449
1990-10-11,25.500001,25.500001,24.00,24.00,32700,6.817393
1990-10-10,24.75,25.500001,24.75,24.999994,19800,7.101449
1990-10-09,25.749993,25.749993,24.999994,25.250006,26300,7.172467
1990-10-08,25.250006,25.749993,25.250006,25.749993,9500,7.314492
1990-10-05,23.499994,25.500001,23.499994,25.500001,41600,7.24348
1990-10-04,23.249999,24.00,23.249999,24.00,56600,6.817393
1990-10-03,24.999994,24.999994,23.750006,24.249993,25800,6.888405
1990-10-02,24.999994,25.500001,24.500007,24.999994,65200,7.101449
1990-10-01,24.249993,24.500007,23.249999,24.500007,15700,6.959424
1990-09-28,23.000007,23.499994,22.250006,23.499994,179000,6.675362
1990-09-27,24.00,24.00,23.000007,23.000007,135800,6.533337
1990-09-26,23.499994,23.750006,23.000007,23.499994,28200,6.675362
1990-09-25,23.499994,23.750006,23.000007,23.750006,9300,6.74638
1990-09-24,23.000007,23.750006,22.749994,23.499994,20300,6.675362
1990-09-21,22.250006,23.000007,22.250006,23.000007,25500,6.533337
1990-09-20,22.250006,23.000007,22.250006,22.50,49600,6.391306
1990-09-19,23.000007,23.000007,21.500006,22.250006,81800,6.320293
1990-09-18,22.749994,22.749994,21.999993,22.250006,136200,6.320293
1990-09-17,22.50,23.249999,21.999993,22.749994,41200,6.462319
1990-09-14,24.249993,24.249993,22.50,22.50,32600,6.391306
1990-09-13,24.500007,24.500007,23.499994,23.499994,50600,6.675362
1990-09-12,24.75,24.75,24.249993,24.249993,19200,6.888405
1990-09-11,24.249993,24.75,24.249993,24.249993,46500,6.888405
1990-09-10,24.75,24.75,24.249993,24.375,77600,6.923914
1990-09-07,24.75,24.75,24.249993,24.249993,94200,6.888405
1990-09-06,24.999994,24.999994,24.249993,24.75,47200,7.030436
1990-09-05,36.750011,37.499991,36.750011,37.000011,106500,7.006767
1990-09-04,37.249988,37.499991,36.250004,37.249988,16500,7.054105
1990-08-31,36.250004,37.249988,36.250004,36.250004,13500,6.864736
1990-08-30,36.000001,37.249988,35.499994,37.249988,32600,7.054105
1990-08-29,36.500007,36.500007,35.499994,36.250004,57300,6.864736
1990-08-28,36.250004,36.500007,35.499994,35.749997,12000,6.770049
1990-08-27,34.000003,35.749997,34.000003,35.749997,55100,6.770049
1990-08-24,33.249993,33.75,32.99999,33.249993,141300,6.296618
1990-08-23,32.250009,32.99999,31.249996,32.99999,273500,6.249275
1990-08-22,36.000001,36.000001,33.499997,34.000003,210800,6.438649
1990-08-21,36.500007,36.500007,34.999987,34.999987,50600,6.628018
1990-08-20,36.750011,37.249988,36.500007,37.249988,44600,7.054105
1990-08-17,37.499991,38.250001,36.750011,37.499991,46100,7.101449
1990-08-16,38.374987,38.750005,37.749994,37.749994,33800,7.148793
1990-08-15,38.250001,39.250012,38.250001,38.750005,53300,7.338167
1990-08-14,37.999998,38.250001,37.499991,38.250001,15100,7.24348
1990-08-13,36.750011,37.249988,36.000001,36.500007,164200,6.91208
1990-08-10,39.250012,39.250012,36.000001,36.000001,130100,6.817393
1990-08-09,39.499988,39.499988,38.750005,39.250012,71000,7.432854
1990-08-08,39.000008,39.499988,39.000008,39.000008,43800,7.38551
1990-08-07,39.250012,39.499988,38.750005,39.499988,43500,7.480193
1990-08-06,40.750002,40.750002,38.750005,38.750005,167000,7.338167
1990-08-03,43.000003,43.000003,41.000006,41.500012,44600,7.858941
1990-08-02,43.250006,43.250006,42.625011,43.000003,15800,8.142997
1990-08-01,45.00,45.00,43.000003,43.000003,55600,8.142997
1990-07-31,43.999987,45.00,43.999987,45.00,68600,8.521741
1990-07-30,43.750013,44.24999,43.250006,44.24999,22100,8.37971
1990-07-27,44.24999,44.24999,43.500009,44.24999,6100,8.37971
1990-07-26,43.999987,44.375005,43.750013,44.24999,114800,8.37971
1990-07-25,43.999987,43.999987,43.250006,43.500009,28600,8.237685
1990-07-24,45.500007,45.500007,44.24999,44.24999,33800,8.37971
1990-07-23,45.00,45.250003,44.749997,45.124986,73200,8.54541
1990-07-20,44.24999,45.75001,44.24999,45.75001,113000,8.663772
1990-07-19,44.24999,45.00,44.24999,45.00,16200,8.521741
1990-07-18,45.250003,45.250003,44.24999,44.24999,7500,8.37971
1990-07-17,45.500007,45.75001,44.499993,45.250003,32200,8.548254
1990-07-16,45.75001,46.24999,45.500007,46.24999,15800,8.737163
1990-07-13,45.75001,47.249998,45.75001,46.24999,77700,8.737163
1990-07-12,43.250006,46.499993,42.749999,46.499993,126500,8.784391
1990-07-11,43.000003,43.250006,42.749999,43.250006,41700,8.170431
1990-07-10,41.500012,43.000003,41.000006,42.499996,149200,8.028745
1990-07-09,41.749989,42.249993,40.750002,41.500012,66300,7.839837
1990-07-06,43.000003,43.000003,41.749989,42.249993,101200,7.981517
1990-07-05,42.499996,43.000003,42.499996,42.499996,6700,8.028745
1990-07-03,43.000003,43.000003,42.499996,43.000003,15800,8.123202
1990-07-02,42.499996,43.000003,42.499996,43.000003,3300,8.123202
1990-06-29,43.250006,43.250006,42.499996,42.499996,40500,8.028745
1990-06-28,43.250006,43.250006,42.749999,43.250006,10800,8.170431
1990-06-27,42.749999,43.250006,42.749999,42.749999,90500,8.075974
1990-06-26,42.749999,43.500009,42.499996,43.500009,200200,8.217659
1990-06-25,41.999989,42.749999,41.999989,42.749999,7500,8.075974
1990-06-22,42.249993,42.749999,42.249993,42.749999,19200,8.075974
1990-06-21,41.999989,41.999989,41.500012,41.749989,309000,7.88706
1990-06-20,41.999989,41.999989,41.500012,41.999989,7200,7.934288
1990-06-19,41.250009,41.999989,41.250009,41.250009,175500,7.792608
1990-06-18,41.500012,41.749989,41.250009,41.374997,23000,7.81622
1990-06-15,40.750002,41.500012,40.750002,41.000006,5200,7.74538
1990-06-14,40.750002,41.250009,40.750002,40.750002,3500,7.698151
1990-06-13,40.750002,41.250009,40.750002,41.250009,37200,7.792608
1990-06-12,41.000006,41.250009,40.499999,41.250009,40500,7.792608
1990-06-11,39.999995,41.000006,39.999995,41.000006,58600,7.74538
1990-06-08,39.999995,40.750002,39.999995,40.750002,5000,7.698151
1990-06-07,39.749992,40.499999,39.749992,39.749992,142500,7.509237
1990-06-06,40.249996,40.499999,39.749992,39.749992,11300,7.509237
1990-06-05,40.750002,40.750002,39.749992,40.249996,32200,7.603694
1990-06-04,40.249996,40.750002,40.249996,40.750002,5200,7.698151
1990-06-01,40.499999,41.000006,40.249996,40.249996,17300,7.603694
1990-05-31,39.999995,40.750002,39.999995,40.750002,50000,7.698151
1990-05-30,39.749992,40.499999,39.749992,40.499999,15700,7.650922
1990-05-29,40.249996,40.499999,39.749992,39.749992,17000,7.509237
1990-05-25,39.499988,40.249996,39.499988,39.749992,61500,7.509237
1990-05-24,39.999995,40.249996,39.499988,39.499988,19200,7.462009
1990-05-23,39.999995,39.999995,39.499988,39.999995,42700,7.556466
1990-05-22,39.999995,40.499999,39.250012,39.999995,175600,7.556466
1990-05-21,39.250012,39.999995,39.250012,39.875007,185700,7.532854
1990-05-18,39.000008,39.499988,39.000008,39.250012,16500,7.414785
1990-05-17,39.250012,39.499988,38.750005,39.499988,94600,7.462009
1990-05-16,38.750005,38.750005,38.250001,38.500004,49600,7.2731
1990-05-15,38.750005,39.000008,38.250001,38.250001,50600,7.225872
1990-05-14,37.749994,39.000008,37.749994,39.000008,35600,7.367557
1990-05-11,37.499991,38.250001,37.499991,37.749994,50200,7.131415
1990-05-10,37.249988,37.749994,37.000011,37.249988,156500,7.036957
1990-05-09,37.249988,37.249988,36.500007,37.249988,39500,7.036957
1990-05-08,36.500007,37.249988,36.250004,36.500007,81500,6.895277
1990-05-07,36.750011,36.750011,36.000001,36.000001,1100,6.80082
1990-05-04,36.750011,36.750011,36.000001,36.000001,3300,6.80082
1990-05-03,36.000001,36.750011,36.000001,36.000001,43200,6.80082
1990-05-02,36.250004,36.750011,35.749997,36.750011,127600,6.942506
1990-05-01,36.000001,36.250004,35.499994,36.250004,24100,6.848049
1990-04-30,35.499994,35.749997,35.499994,35.749997,7800,6.753592
1990-04-27,35.875012,35.875012,35.499994,35.499994,8600,6.706363
1990-04-26,36.000001,36.000001,35.499994,35.499994,10100,6.706363
1990-04-25,36.000001,36.000001,35.499994,36.000001,37600,6.80082
1990-04-24,35.749997,36.000001,35.749997,36.000001,3300,6.80082
1990-04-23,36.250004,36.250004,35.249991,35.249991,38200,6.659135
1990-04-20,37.499991,37.499991,36.500007,36.750011,124200,6.942506
1990-04-19,37.000011,37.499991,37.000011,37.499991,46800,7.084186
1990-04-18,36.750011,37.499991,36.750011,37.000011,91200,6.989734
1990-04-17,36.750011,37.249988,36.750011,37.249988,100800,7.016178
1990-04-16,37.000011,37.499991,36.750011,36.750011,17600,6.922005
1990-04-12,37.000011,37.499991,37.000011,37.249988,22600,7.016178
1990-04-11,37.249988,37.249988,37.000011,37.249988,30800,7.016178
1990-04-10,35.875012,36.750011,35.499994,36.500007,48000,6.874916
1990-04-09,36.000001,36.000001,35.499994,35.749997,83200,6.733649
1990-04-06,35.749997,36.000001,35.499994,35.749997,92300,6.733649
1990-04-05,36.250004,36.250004,35.749997,36.000001,41600,6.780738
1990-04-04,35.249991,36.250004,35.249991,35.749997,30500,6.733649
1990-04-03,35.749997,35.749997,34.999987,35.249991,42800,6.639471
1990-04-02,36.000001,36.250004,34.750013,35.499994,198100,6.68656
1990-03-30,36.500007,36.750011,36.250004,36.250004,77600,6.827827
1990-03-29,37.249988,37.999998,36.750011,36.750011,46800,6.922005
1990-03-28,37.999998,37.999998,37.499991,37.499991,112100,7.063267
1990-03-27,37.999998,37.999998,37.749994,37.749994,8600,7.110356
1990-03-26,35.749997,37.499991,35.749997,37.000011,40500,6.969094
1990-03-23,36.250004,36.250004,36.250004,36.250004,16200,6.827827
1990-03-22,36.250004,36.250004,35.499994,35.499994,6300,6.68656
1990-03-21,35.499994,36.250004,35.499994,35.499994,3500,6.68656
1990-03-20,36.250004,36.250004,35.499994,36.250004,3800,6.827827
1990-03-19,36.000001,36.250004,35.499994,36.250004,33300,6.827827
1990-03-16,36.250004,36.750011,36.000001,36.000001,32000,6.780738
1990-03-15,36.250004,36.624993,36.250004,36.624993,29700,6.898458
1990-03-14,37.499991,37.499991,36.250004,37.000011,33100,6.969094
1990-03-13,37.499991,37.499991,37.000011,37.499991,5200,7.063267
1990-03-12,37.000011,37.499991,37.000011,37.499991,5700,7.063267
1990-03-09,37.000011,37.000011,37.000011,37.000011,17000,6.969094
1990-03-08,37.499991,37.499991,37.000011,37.000011,15100,6.969094
1990-03-07,37.499991,37.499991,37.000011,37.249988,15800,7.016178
1990-03-06,37.499991,37.499991,36.750011,37.499991,43200,7.063267
1990-03-05,37.499991,37.499991,37.000011,37.499991,10200,7.063267
1990-03-02,37.000011,37.499991,37.000011,37.000011,7500,6.969094
1990-03-01,37.000011,37.499991,37.000011,37.000011,16200,6.969094
1990-02-28,37.499991,37.499991,37.000011,37.000011,15800,6.969094
1990-02-27,37.749994,37.749994,37.249988,37.499991,79800,7.063267
1990-02-26,37.000011,37.625006,37.000011,37.499991,80300,7.063267
1990-02-23,37.000011,37.499991,37.000011,37.499991,15800,7.063267
1990-02-22,36.500007,37.499991,36.124989,37.499991,63100,7.063267
1990-02-21,36.000001,36.500007,36.000001,36.500007,54700,6.874916
1990-02-20,36.500007,36.750011,36.250004,36.750011,21300,6.922005
1990-02-16,37.249988,37.749994,36.750011,36.750011,23600,6.922005
1990-02-15,37.749994,37.749994,37.249988,37.749994,2300,7.110356
1990-02-14,36.500007,37.749994,36.500007,37.249988,263700,7.016178
1990-02-13,36.000001,37.000011,36.000001,36.500007,59000,6.874916
1990-02-12,36.250004,36.250004,35.499994,36.000001,69300,6.780738
1990-02-09,35.499994,36.000001,34.999987,35.749997,62000,6.733649
1990-02-08,34.999987,35.499994,34.999987,34.999987,4500,6.592382
1990-02-07,34.750013,35.499994,34.750013,35.499994,14700,6.68656
1990-02-06,35.499994,35.749997,34.750013,34.750013,14000,6.545298
1990-02-05,35.749997,35.749997,34.999987,35.499994,30000,6.68656
1990-02-02,34.250007,35.749997,34.124992,35.749997,189500,6.733649
1990-02-01,33.75,34.000003,33.499997,34.000003,54700,6.404031
1990-01-31,33.499997,33.75,32.99999,33.75,9700,6.356942
1990-01-30,35.499994,35.499994,32.99999,33.249993,88200,6.262764
1990-01-29,35.249991,35.749997,34.750013,34.750013,43500,6.545298
1990-01-26,35.749997,35.749997,35.125002,35.749997,10200,6.733649
1990-01-25,35.249991,35.749997,35.249991,35.749997,16800,6.733649
1990-01-24,35.375006,35.749997,34.999987,35.749997,71300,6.733649
1990-01-23,35.749997,35.749997,35.249991,35.249991,33800,6.639471
1990-01-22,34.999987,35.749997,34.999987,35.249991,256600,6.618752
1990-01-19,35.375006,35.499994,34.999987,34.999987,23000,6.57181
1990-01-18,35.749997,35.749997,34.999987,35.499994,10800,6.665695
1990-01-17,35.249991,35.749997,34.50001,35.749997,172600,6.712637
1990-01-16,34.50001,35.249991,34.50001,34.999987,14600,6.57181
1990-01-15,35.249991,35.249991,34.50001,35.249991,4100,6.618752
1990-01-12,34.999987,35.499994,34.50001,34.750013,66000,6.524874
1990-01-11,35.249991,35.249991,34.999987,35.249991,3800,6.618752
1990-01-10,35.499994,35.499994,34.750013,35.249991,19100,6.618752
1990-01-09,35.499994,35.499994,34.999987,35.249991,59700,6.618752
1990-01-08,36.000001,36.250004,34.750013,34.999987,32600,6.57181
1990-01-05,36.500007,36.500007,36.000001,36.000001,47700,6.759579
1990-01-04,35.749997,36.500007,35.749997,36.500007,149700,6.853463
1990-01-03,35.499994,36.250004,34.999987,36.250004,585000,6.806521
1990-01-02,34.750013,35.499994,34.750013,35.499994,54700,6.665695
1989-12-29,34.750013,35.499994,34.750013,35.499994,12000,6.665695
1989-12-28,34.999987,35.249991,34.750013,35.249991,29700,6.618752
1989-12-27,35.499994,35.749997,34.999987,35.125002,169500,6.595284
1989-12-26,35.499994,35.499994,34.750013,35.499994,35000,6.665695
1989-12-22,35.499994,35.499994,34.999987,35.499994,68700,6.665695
1989-12-21,34.750013,35.499994,34.750013,35.499994,74700,6.665695
1989-12-20,33.75,35.249991,33.75,34.999987,72500,6.57181
1989-12-19,34.000003,34.250007,33.75,33.75,21800,6.337105
1989-12-18,34.750013,34.750013,34.000003,34.50001,13500,6.477931
1989-12-15,34.750013,34.750013,34.000003,34.000003,18100,6.384047
1989-12-14,34.750013,34.750013,34.000003,34.750013,34800,6.524874
1989-12-13,35.749997,35.749997,34.250007,34.250007,63100,6.430989
1989-12-12,35.749997,35.749997,34.999987,35.625009,21000,6.689168
1989-12-11,35.499994,36.000001,35.499994,35.749997,101700,6.712637
1989-12-08,34.250007,36.250004,34.250007,35.499994,161000,6.665695
1989-12-07,34.250007,34.50001,34.000003,34.000003,86600,6.384047
1989-12-06,34.250007,34.250007,34.000003,34.250007,13500,6.430989
1989-12-05,34.250007,34.250007,33.75,34.250007,87100,6.430989
1989-12-04,33.249993,34.250007,33.125005,34.250007,105100,6.430989
1989-12-01,32.500013,33.249993,32.000006,32.99999,71000,6.196279
1989-11-30,32.000006,32.000006,32.000006,32.000006,8300,6.008516
1989-11-29,32.500013,32.500013,32.000006,32.500013,3000,6.1024
1989-11-28,32.000006,32.500013,32.000006,32.374998,26600,6.078926
1989-11-27,32.500013,32.500013,32.000006,32.000006,8300,6.008516
1989-11-24,31.750003,32.250009,31.750003,32.250009,24700,6.055458
1989-11-22,31.750003,32.250009,31.750003,32.250009,5700,6.055458
1989-11-21,32.000006,32.250009,31.499999,32.000006,100600,6.008516
1989-11-20,32.000006,32.000006,32.000006,32.000006,2200,6.008516
1989-11-17,30.999993,32.000006,30.999993,32.000006,13500,6.008516
1989-11-16,31.499999,31.750003,30.999993,31.750003,19200,5.961573
1989-11-15,31.499999,31.499999,30.999993,30.999993,30800,5.820747
1989-11-14,31.499999,31.499999,30.999993,31.499999,44300,5.914631
1989-11-13,31.499999,31.499999,31.499999,31.499999,1800,5.914631
1989-11-10,31.499999,31.499999,30.999993,31.499999,75300,5.914631
1989-11-09,30.749989,31.499999,30.749989,31.249996,54000,5.867689
1989-11-08,31.499999,31.499999,30.749989,31.499999,30800,5.914631
1989-11-07,30.999993,30.999993,30.749989,30.749989,30000,5.773805
1989-11-06,31.249996,32.000006,30.999993,31.499999,36100,5.914631
1989-11-03,31.249996,32.000006,31.249996,31.499999,5000,5.914631
1989-11-02,31.499999,32.000006,31.249996,32.000006,17600,6.008516
1989-11-01,31.499999,31.499999,30.999993,31.249996,307600,5.867689
1989-10-31,31.499999,31.499999,30.999993,30.999993,54000,5.820747
1989-10-30,31.499999,31.499999,30.999993,30.999993,139100,5.820747
1989-10-27,31.499999,31.499999,30.999993,31.499999,2300,5.914631
1989-10-26,30.999993,31.750003,30.999993,31.499999,5200,5.914631
1989-10-25,31.499999,31.750003,30.999993,31.249996,14000,5.867689
1989-10-24,31.249996,31.249996,30.749989,31.249996,248700,5.867689
1989-10-23,31.249996,31.249996,30.749989,31.249996,25800,5.867689
1989-10-20,30.499989,30.999993,30.499989,30.875007,92200,5.797279
1989-10-19,30.999993,30.999993,30.499989,30.499989,31100,5.726863
1989-10-18,30.999993,30.999993,30.499989,30.999993,72500,5.820747
1989-10-17,30.999993,30.999993,30.749989,30.749989,43800,5.773805
1989-10-16,30.999993,30.999993,30.250012,30.875007,108700,5.7785
1989-10-13,32.000006,32.000006,31.249996,31.249996,69100,5.848683
1989-10-12,32.000006,32.000006,31.499999,32.000006,70800,5.989053
1989-10-11,31.750003,32.000006,31.499999,31.499999,16200,5.895473
1989-10-10,30.999993,32.000006,30.999993,31.750003,23700,5.942263
1989-10-09,30.999993,31.499999,30.999993,30.999993,10600,5.801892
1989-10-06,30.749989,31.499999,30.749989,30.999993,15100,5.801892
1989-10-05,30.999993,30.999993,30.250012,30.749989,13500,5.755102
1989-10-04,30.250012,30.999993,30.250012,30.749989,20700,5.755102
1989-10-03,30.749989,30.999993,30.250012,30.749989,212700,5.755102
1989-10-02,30.250012,30.749989,30.250012,30.749989,16200,5.755102
1989-09-29,30.250012,30.749989,29.500002,30.749989,46200,5.755102
1989-09-28,30.000009,30.250012,29.500002,30.250012,192500,5.661528
1989-09-27,30.250012,30.250012,29.500002,30.000009,32200,5.614738
1989-09-26,30.000009,30.749989,30.000009,30.000009,22600,5.614738
1989-09-25,30.749989,31.249996,30.250012,30.499989,50600,5.708313
1989-09-22,30.999993,31.750003,30.999993,30.999993,58600,5.801892
1989-09-21,32.000006,32.000006,30.999993,30.999993,25500,5.801892
1989-09-20,31.499999,32.000006,31.375011,31.499999,58600,5.895473
1989-09-19,31.499999,32.000006,31.499999,32.000006,1800,5.989053
1989-09-18,32.000006,32.000006,31.499999,31.499999,23600,5.895473
1989-09-15,31.750003,32.500013,31.499999,31.499999,19800,5.895473
1989-09-14,32.250009,32.500013,31.750003,32.500013,18000,6.082633
1989-09-13,33.249993,33.249993,32.500013,32.99999,34500,6.176208
1989-09-12,33.249993,33.249993,32.749987,32.749987,22100,6.129418
1989-09-11,32.749987,33.249993,32.500013,33.249993,152000,6.222998
1989-09-08,33.249993,33.249993,32.749987,32.749987,10200,6.129418
1989-09-07,32.749987,33.249993,32.749987,32.749987,97200,6.129418
1989-09-06,32.99999,32.99999,32.749987,32.749987,1800,6.129418
1989-09-05,32.749987,33.499997,32.749987,32.749987,303100,6.129418
1989-09-01,33.249993,33.249993,32.749987,33.249993,1800,6.222998
1989-08-31,33.249993,33.249993,32.749987,33.249993,26300,6.222998
1989-08-30,32.749987,33.499997,32.749987,32.749987,144100,6.129418
1989-08-29,33.499997,33.499997,32.749987,32.749987,9100,6.129418
1989-08-28,32.749987,33.499997,32.749987,33.499997,1100,6.269788
1989-08-25,32.749987,33.499997,32.749987,32.749987,2700,6.129418
1989-08-24,32.99999,33.499997,32.500013,32.749987,25800,6.129418
1989-08-23,32.500013,32.749987,32.500013,32.749987,29200,6.129418
1989-08-22,32.99999,32.99999,32.500013,32.749987,42800,6.129418
1989-08-21,32.500013,32.99999,32.500013,32.625001,55600,6.106026
1989-08-18,32.500013,32.99999,32.500013,32.500013,39000,6.082633
1989-08-17,32.500013,32.99999,32.500013,32.99999,148100,6.176208
1989-08-16,32.99999,32.99999,32.500013,32.99999,14200,6.176208
1989-08-15,32.749987,33.249993,32.749987,32.99999,143000,6.176208
1989-08-14,33.249993,33.499997,32.749987,32.749987,73600,6.129418
1989-08-11,32.99999,33.75,32.749987,33.499997,103600,6.269788
1989-08-10,31.249996,32.749987,30.999993,32.749987,267800,6.129418
1989-08-09,30.250012,30.999993,30.250012,30.999993,477000,5.801892
1989-08-08,30.250012,30.499989,29.750006,30.499989,96800,5.708313
1989-08-07,29.750006,30.250012,29.750006,30.250012,81100,5.661528
1989-08-04,28.999996,30.000009,28.999996,29.874994,54000,5.59134
1989-08-03,29.249999,29.500002,28.999996,29.500002,66000,5.521157
1989-08-02,28.499992,29.249999,28.499992,28.999996,104600,5.427577
1989-08-01,28.499992,28.999996,28.000012,28.999996,108500,5.427577
1989-07-31,28.000012,28.499992,28.000012,28.000012,21000,5.240422
1989-07-28,28.249988,28.749995,28.249988,28.249988,421200,5.287207
1989-07-27,28.249988,28.749995,28.249988,28.499992,370600,5.333998
1989-07-26,28.749995,28.749995,28.249988,28.749995,147300,5.380788
1989-07-25,28.249988,28.749995,28.249988,28.749995,14200,5.380788
1989-07-24,28.749995,28.749995,28.249988,28.749995,17600,5.380788
1989-07-21,28.499992,28.999996,28.499992,28.749995,477100,5.380788
1989-07-20,28.499992,28.999996,28.499992,28.749995,90700,5.380788
1989-07-19,28.749995,28.999996,28.499992,28.749995,162000,5.380788
1989-07-18,28.499992,28.749995,28.249988,28.499992,228000,5.315279
1989-07-17,28.249988,28.499992,28.249988,28.499992,117700,5.315279
1989-07-14,28.999996,28.999996,28.499992,28.749995,192000,5.361905
1989-07-13,28.999996,29.249999,28.499992,28.749995,158200,5.361905
1989-07-12,29.249999,29.249999,28.999996,29.249999,67600,5.455156
1989-07-11,29.750006,29.750006,28.87501,28.999996,312700,5.40853
1989-07-10,31.249996,31.249996,28.999996,29.374987,218700,5.478467
1989-07-07,30.499989,31.249996,30.499989,31.249996,17600,5.828158
1989-07-06,30.749989,31.249996,30.749989,30.999993,34800,5.781532
1989-07-05,31.249996,31.499999,30.499989,31.249996,8000,5.828158
1989-07-03,30.749989,31.249996,30.499989,31.249996,20300,5.828158
1989-06-30,30.499989,30.999993,29.500002,30.250012,246300,5.64166
1989-06-29,31.249996,31.249996,30.999993,31.249996,88500,5.828158
1989-06-28,31.249996,31.249996,30.749989,31.249996,197000,5.828158
1989-06-27,30.999993,31.249996,30.499989,31.249996,232200,5.828158
1989-06-26,32.500013,32.500013,30.749989,30.749989,74300,5.734906
1989-06-23,32.500013,32.500013,32.250009,32.250009,100800,6.014662
1989-06-22,32.000006,32.500013,31.249996,32.250009,117500,6.014662
1989-06-21,32.250009,32.500013,32.000006,32.374998,286200,6.037972
1989-06-20,32.250009,32.250009,32.000006,32.250009,111300,6.014662
1989-06-19,32.749987,32.749987,32.000006,32.250009,47300,6.014662
1989-06-16,32.250009,32.749987,32.000006,32.749987,46200,6.107908
1989-06-15,32.749987,32.749987,32.250009,32.749987,31600,6.107908
1989-06-14,32.250009,32.749987,32.250009,32.749987,34500,6.107908
1989-06-13,32.99999,32.99999,31.499999,32.500013,140000,6.061287
1989-06-12,34.250007,34.250007,33.249993,33.499997,66500,6.247786
1989-06-09,34.250007,34.50001,33.75,34.000003,67500,6.341037
1989-06-08,35.249991,35.499994,34.50001,35.249991,210000,6.574161
1989-06-07,34.50001,35.749997,34.50001,35.249991,237800,6.574161
1989-06-06,33.75,34.50001,33.75,34.50001,86200,6.434289
1989-06-05,33.75,34.250007,33.499997,34.000003,56200,6.341037
1989-06-02,33.75,33.75,33.499997,33.75,171500,6.294411
1989-06-01,32.99999,33.75,32.99999,33.75,64200,6.294411
1989-05-31,32.250009,32.99999,31.750003,32.99999,49600,6.154534
1989-05-30,32.500013,32.500013,31.750003,32.250009,19100,6.014662
1989-05-26,32.000006,32.250009,32.000006,32.000006,138300,5.968036
1989-05-25,31.249996,32.000006,31.249996,31.750003,85500,5.92141
1989-05-24,31.750003,32.250009,31.249996,32.000006,93300,5.968036
1989-05-23,30.499989,31.750003,30.000009,31.249996,303800,5.828158
1989-05-22,30.250012,30.499989,30.000009,30.375001,50000,5.66497
1989-05-19,29.500002,30.250012,29.500002,30.250012,62000,5.64166
1989-05-18,29.500002,29.750006,29.500002,29.750006,74200,5.548408
1989-05-17,29.750006,29.750006,29.500002,29.500002,195300,5.501782
1989-05-16,29.500002,29.750006,29.500002,29.500002,53000,5.501782
1989-05-15,29.249999,29.750006,29.249999,29.500002,86000,5.501782
1989-05-12,29.750006,29.750006,29.249999,29.249999,35000,5.455156
1989-05-11,29.500002,29.500002,29.249999,29.249999,38200,5.455156
1989-05-10,29.750006,29.750006,29.249999,29.249999,21800,5.455156
1989-05-09,30.000009,30.000009,29.249999,29.500002,45000,5.501782
1989-05-08,30.250012,30.250012,29.500002,29.500002,22100,5.501782
1989-05-05,30.000009,30.250012,29.750006,29.750006,201300,5.548408
1989-05-04,30.000009,30.000009,29.500002,30.000009,111300,5.595034
1989-05-03,29.249999,30.000009,29.249999,30.000009,295500,5.595034
1989-05-02,28.749995,29.249999,28.499992,29.125013,147000,5.431846
1989-05-01,29.500002,29.500002,28.999996,28.999996,54100,5.40853
1989-04-28,29.500002,30.000009,29.500002,29.500002,39500,5.501782
1989-04-27,28.749995,30.499989,28.749995,29.750006,109200,5.548408
1989-04-26,28.999996,29.249999,28.749995,29.125013,64800,5.431846
1989-04-25,28.749995,29.249999,28.499992,29.249999,105800,5.455156
1989-04-24,28.749995,29.249999,28.499992,29.249999,150100,5.455156
1989-04-21,28.999996,28.999996,28.499992,28.499992,119200,5.315279
1989-04-20,28.749995,29.249999,28.499992,28.999996,166100,5.40853
1989-04-19,28.499992,29.249999,28.499992,28.999996,18700,5.40853
1989-04-18,27.500005,28.999996,27.500005,28.499992,112500,5.296627
1989-04-17,27.750008,27.750008,27.250004,27.250004,61800,5.064321
1989-04-14,27.250004,27.750008,27.250004,27.750008,50600,5.157245
1989-04-13,27.500005,27.750008,27.250004,27.37499,130500,5.087549
1989-04-12,26.749998,27.500005,26.749998,27.500005,152600,5.110783
1989-04-11,27.250004,27.250004,26.749998,27.250004,100600,5.064321
1989-04-10,27.250004,27.250004,26.749998,27.250004,38300,5.064321
1989-04-07,27.250004,27.250004,26.499994,27.000001,129000,5.017859
1989-04-06,27.500005,27.500005,26.749998,26.749998,23600,4.971396
1989-04-05,27.750008,27.750008,27.000001,27.500005,87700,5.110783
1989-04-04,27.750008,27.750008,27.000001,27.500005,109200,5.110783
1989-04-03,27.000001,27.750008,27.000001,27.37499,140200,5.087549
1989-03-31,27.750008,27.750008,27.500005,27.750008,19600,5.157245
1989-03-30,28.000012,28.000012,27.000001,27.750008,229600,5.157245
1989-03-29,28.000012,28.249988,27.500005,27.750008,132700,5.157245
1989-03-28,28.999996,28.999996,28.000012,28.000012,75500,5.203707
1989-03-27,28.749995,28.999996,28.000012,28.000012,4600,5.203707
1989-03-23,28.999996,28.999996,28.249988,28.999996,3000,5.389551
1989-03-22,42.999988,42.999988,42.999988,42.999988,4100,5.327601
1989-03-21,41.750017,42.749987,41.750017,42.749987,167000,5.296627
1989-03-20,42.000018,42.249978,41.750017,42.249978,7800,5.234677
1989-03-17,43.499993,43.499993,42.000018,42.000018,52500,5.203707
1989-03-16,43.249993,43.749998,43.249993,43.249993,49100,5.358576
1989-03-15,43.749998,44.000003,43.249993,43.249993,196500,5.358576
1989-03-14,43.749998,44.250003,43.249993,43.749998,9500,5.420526
1989-03-13,44.250003,44.250003,43.749998,43.749998,1600,5.420526
1989-03-10,43.749998,44.250003,43.749998,44.250003,4100,5.482475
1989-03-09,44.500008,44.500008,43.749998,44.250003,26000,5.482475
1989-03-08,43.749998,44.500008,43.749998,44.375008,18500,5.497963
1989-03-07,44.750013,44.750013,44.000003,44.000003,20300,5.451501
1989-03-06,44.750013,44.750013,44.000003,44.750013,11200,5.544425
1989-03-03,45.000013,45.000013,44.250003,44.250003,5200,5.482475
1989-03-02,44.250003,45.000013,44.250003,45.000013,25200,5.5754
1989-03-01,45.250018,45.250018,44.750013,44.750013,11200,5.544425
1989-02-28,44.750013,44.750013,44.750013,44.750013,23000,5.544425
1989-02-27,45.000013,45.749983,44.750013,44.750013,35300,5.544425
1989-02-24,45.749983,45.749983,45.000013,45.749983,127200,5.668319
1989-02-23,45.500019,45.749983,44.750013,45.749983,235600,5.668319
1989-02-22,45.500019,45.500019,44.750013,45.500019,12000,5.637349
1989-02-21,45.500019,45.500019,44.750013,45.500019,44000,5.637349
1989-02-17,45.500019,45.500019,44.750013,44.750013,33800,5.544425
1989-02-16,45.250018,45.250018,45.000013,45.000013,68600,5.5754
1989-02-15,45.250018,45.250018,44.500008,45.250018,75800,5.606375
1989-02-14,45.250018,45.250018,44.500008,45.250018,27700,5.606375
1989-02-13,44.250003,45.250018,44.250003,44.250003,6100,5.482475
1989-02-10,44.000003,45.250018,44.000003,45.250018,102300,5.606375
1989-02-09,44.000003,45.000013,44.000003,44.000003,90500,5.451501
1989-02-08,45.000013,45.000013,44.250003,45.000013,62300,5.5754
1989-02-07,44.500008,44.500008,44.000003,44.000003,15800,5.451501
1989-02-06,44.500008,44.500008,43.749998,44.500008,6100,5.51345
1989-02-03,43.499993,44.250003,42.499983,44.000003,274100,5.451501
1989-02-02,42.749987,43.499993,42.249978,43.499993,58500,5.389551
1989-02-01,42.749987,42.749987,42.499983,42.749987,104600,5.296627
1989-01-31,42.749987,42.749987,42.749987,42.749987,6100,5.296627
1989-01-30,42.999988,42.999988,42.249978,42.249978,45500,5.234677
1989-01-27,42.249978,42.749987,41.500012,42.249978,116600,5.234677
1989-01-26,41.750017,42.249978,41.000007,41.500012,336800,5.141758
1989-01-25,42.000018,42.000018,41.250008,41.500012,480800,5.141758
1989-01-24,41.250008,42.000018,41.250008,42.000018,55600,5.18512
1989-01-23,41.750017,42.499983,41.750017,41.750017,16800,5.154256
1989-01-20,43.249993,43.249993,41.750017,42.249978,29300,5.215979
1989-01-19,43.749998,43.749998,42.499983,42.999988,136600,5.308572
1989-01-18,43.749998,44.250003,42.999988,42.999988,103100,5.308572
1989-01-17,44.750013,44.750013,43.749998,43.749998,68200,5.401164
1989-01-16,45.500019,45.749983,44.250003,44.250003,64800,5.462893
1989-01-13,45.500019,45.500019,44.750013,45.500019,135000,5.617213
1989-01-12,45.000013,45.500019,45.000013,45.250018,48800,5.58635
1989-01-11,45.000013,45.000013,44.250003,44.250003,44000,5.462893
1989-01-10,45.250018,45.749983,45.000013,45.250018,46600,5.58635
1989-01-09,42.999988,45.250018,42.999988,44.500008,64800,5.493757
1989-01-06,43.499993,43.499993,42.999988,43.249993,48300,5.339436
1989-01-05,42.999988,43.499993,42.749987,42.749987,10100,5.277708
1989-01-04,42.000018,43.249993,42.000018,42.999988,92200,5.308572
1989-01-03,42.000018,42.749987,42.000018,42.749987,34800,5.277708
1988-12-30,41.500012,42.249978,41.500012,42.249978,32000,5.215979
1988-12-29,41.500012,41.500012,41.000007,41.000007,17000,5.061664
1988-12-28,41.500012,41.500012,40.500002,41.250008,49100,5.092527
1988-12-27,41.000007,41.500012,40.750002,41.500012,12500,5.123392
1988-12-23,41.500012,41.500012,40.500002,41.500012,39800,5.123392
1988-12-22,40.500002,41.500012,40.500002,41.000007,70800,5.061664
1988-12-21,41.000007,41.000007,40.500002,40.500002,176600,4.999935
1988-12-20,40.750002,41.000007,40.500002,40.500002,40600,4.999935
1988-12-19,41.000007,41.500012,40.750002,41.500012,42300,5.123392
1988-12-16,41.000007,41.750017,41.000007,41.000007,10100,5.061664
1988-12-15,41.000007,41.500012,41.000007,41.000007,33700,5.061664
1988-12-14,41.375012,41.750017,41.375012,41.750017,5000,5.154256
1988-12-13,41.250008,41.750017,40.249997,41.000007,16200,5.061664
1988-12-12,39.749992,40.750002,39.749992,40.249997,26000,4.969071
1988-12-09,39.249986,39.999992,39.249986,39.999992,279500,4.938207
1988-12-08,38.500016,39.249986,38.500016,38.750021,41200,4.783891
1988-12-07,38.250016,38.999982,38.250016,38.750021,84500,4.783891
1988-12-06,38.750021,38.750021,38.750021,38.750021,700,4.783891
1988-12-05,38.750021,38.750021,38.250016,38.250016,3300,4.722163
1988-12-02,38.750021,38.750021,38.000011,38.625017,21800,4.768459
1988-12-01,38.000011,38.750021,38.000011,38.000011,38700,4.691299
1988-11-30,38.000011,38.750021,38.000011,38.750021,5200,4.783891
1988-11-29,38.250016,38.250016,38.000011,38.250016,40600,4.722163
1988-11-28,38.000011,38.000011,37.500006,37.750006,96100,4.660434
1988-11-25,37.500006,38.000011,37.500006,37.750006,23700,4.660434
1988-11-23,37.500006,38.000011,37.500006,37.750006,20300,4.660434
1988-11-22,37.500006,38.000011,37.500006,38.000011,112500,4.691299
1988-11-21,38.250016,38.250016,37.750006,37.750006,54700,4.660434
1988-11-18,38.250016,38.250016,38.250016,38.250016,7800,4.722163
1988-11-17,38.000011,38.250016,37.250001,38.250016,264300,4.722163
1988-11-16,38.500016,38.500016,37.500006,37.750006,60800,4.660434
1988-11-15,38.250016,38.999982,38.250016,38.250016,50000,4.722163
1988-11-14,38.750021,38.999982,38.250016,38.500016,51700,4.753027
1988-11-11,38.750021,39.249986,38.250016,38.250016,27000,4.722163
1988-11-10,40.500002,41.250008,38.999982,38.999982,67600,4.81475
1988-11-09,41.250008,41.500012,40.500002,40.500002,34800,4.999935
1988-11-08,42.000018,42.499983,41.500012,41.500012,30300,5.123392
1988-11-07,42.749987,42.749987,42.000018,42.000018,90500,5.18512
1988-11-04,42.249978,42.499983,42.249978,42.499983,29700,5.246843
1988-11-03,42.249978,42.749987,42.249978,42.749987,6700,5.277708
1988-11-02,42.249978,42.499983,42.249978,42.249978,27000,5.215979
1988-11-01,42.249978,42.249978,42.000018,42.249978,15300,5.215979
1988-10-31,42.499983,42.749987,42.499983,42.749987,72500,5.277708
1988-10-28,42.499983,42.999988,42.499983,42.999988,75000,5.308572
1988-10-27,42.749987,43.249993,42.499983,42.499983,101200,5.246843
1988-10-26,42.749987,43.499993,42.749987,43.249993,5200,5.339436
1988-10-25,42.499983,42.999988,42.499983,42.749987,17600,5.277708
1988-10-24,41.500012,43.249993,41.500012,42.499983,113200,5.246843
1988-10-21,39.749992,41.250008,39.249986,41.000007,37800,5.061664
1988-10-20,38.999982,39.749992,38.999982,39.749992,192500,4.907343
1988-10-19,39.249986,39.499987,38.750021,38.999982,11200,4.81475
1988-10-18,39.249986,39.249986,38.250016,39.249986,3500,4.845614
1988-10-17,38.999982,39.249986,38.999982,39.249986,2700,4.830802
1988-10-14,38.000011,38.999982,38.000011,38.999982,25200,4.800032
1988-10-13,38.250016,38.500016,37.500006,38.500016,121600,4.738497
1988-10-12,37.500006,38.250016,37.500006,38.250016,245700,4.707728
1988-10-11,38.250016,38.375016,37.500006,38.250016,123300,4.707728
1988-10-10,38.250016,38.250016,38.250016,38.250016,25200,4.707728
1988-10-07,38.750021,38.750021,38.250016,38.500016,40500,4.738497
1988-10-06,38.500016,38.750021,38.250016,38.750021,43800,4.769267
1988-10-05,38.250016,38.750021,38.250016,38.250016,3500,4.707728
1988-10-04,38.750021,38.750021,38.250016,38.250016,221200,4.707728
1988-10-03,38.750021,38.999982,38.500016,38.999982,77000,4.800032
1988-09-30,38.750021,38.750021,38.750021,38.750021,1600,4.769267
1988-09-29,38.750021,38.999982,38.250016,38.750021,73600,4.769267
1988-09-28,39.249986,39.249986,39.249986,39.249986,000,4.830802
1988-09-27,38.999982,39.249986,38.999982,39.249986,44600,4.830802
1988-09-26,39.499987,39.499987,38.999982,38.999982,3500,4.800032
1988-09-23,39.499987,39.499987,38.999982,39.499987,16200,4.861572
1988-09-22,39.249986,39.249986,38.750021,39.249986,143300,4.830802
1988-09-21,39.499987,39.499987,38.750021,38.750021,32000,4.769267
1988-09-20,39.499987,39.499987,38.999982,38.999982,36500,4.800032
1988-09-19,39.499987,39.499987,38.999982,38.999982,28600,4.800032
1988-09-16,39.249986,39.749992,39.249986,39.499987,59200,4.861572
1988-09-15,39.499987,39.499987,39.499987,39.499987,12800,4.861572
1988-09-14,39.999992,39.999992,39.499987,39.499987,89300,4.861572
1988-09-13,39.749992,39.999992,38.999982,39.999992,55600,4.923111
1988-09-12,38.750021,39.749992,38.750021,39.749992,5200,4.892342
1988-09-09,39.499987,39.499987,38.999982,39.499987,6100,4.861572
1988-09-08,39.249986,39.249986,38.750021,38.750021,2700,4.769267
1988-09-07,38.999982,38.999982,38.500016,38.500016,39000,4.738497
1988-09-06,39.249986,39.249986,38.500016,38.500016,42800,4.738497
1988-09-02,38.999982,39.499987,38.250016,38.750021,25500,4.769267
1988-09-01,38.000011,38.500016,38.000011,38.250016,8300,4.707728
1988-08-31,38.000011,38.000011,38.000011,38.000011,000,4.676958
1988-08-30,38.000011,38.750021,38.000011,38.000011,7500,4.676958
1988-08-29,37.250001,37.750006,37.250001,37.750006,21800,4.646188
1988-08-26,36.499991,37.250001,36.499991,37.250001,19600,4.584648
1988-08-25,36.499991,36.999996,36.499991,36.999996,4100,4.553878
1988-08-24,35.749981,36.999996,35.749981,36.874996,220100,4.538493
1988-08-23,35.749981,35.999986,35.49998,35.749981,10200,4.400029
1988-08-22,36.499991,36.499991,35.749981,35.749981,345800,4.400029
1988-08-19,36.499991,36.499991,36.499991,36.499991,100,4.492339
1988-08-18,35.749981,36.24999,35.749981,35.999986,347700,4.430799
1988-08-17,35.749981,36.499991,35.749981,35.749981,140700,4.400029
1988-08-16,35.000015,36.499991,35.000015,35.999986,436500,4.430799
1988-08-15,36.999996,37.250001,35.25002,35.749981,294300,4.400029
1988-08-12,37.500006,38.250016,36.999996,36.999996,60700,4.553878
1988-08-11,38.250016,38.500016,37.500006,37.750006,42100,4.646188
1988-08-10,39.499987,39.749992,38.250016,38.250016,54000,4.707728
1988-08-09,41.000007,41.000007,39.749992,39.749992,28100,4.892342
1988-08-08,41.000007,41.000007,40.500002,41.000007,99700,5.046191
1988-08-05,41.500012,41.500012,40.750002,40.750002,41200,5.015421
1988-08-04,42.499983,42.499983,41.500012,41.750017,24700,5.1385
1988-08-03,42.249978,42.749987,42.249978,42.249978,7500,5.200034
1988-08-02,42.249978,42.999988,42.249978,42.749987,38200,5.261574
1988-08-01,42.499983,42.999988,42.499983,42.999988,13600,5.292344
1988-07-29,42.999988,42.999988,42.499983,42.499983,25200,5.230804
1988-07-28,42.499983,42.999988,42.499983,42.499983,72000,5.230804
1988-07-27,42.499983,42.999988,42.499983,42.499983,33700,5.230804
1988-07-26,42.749987,42.749987,42.249978,42.749987,15300,5.261574
1988-07-25,42.749987,42.749987,42.249978,42.749987,46200,5.261574
1988-07-22,42.249978,42.749987,42.249978,42.624983,123800,5.246189
1988-07-21,42.249978,42.749987,42.249978,42.624983,54100,5.246189
1988-07-20,42.499983,42.999988,42.249978,42.499983,12000,5.230804
1988-07-19,42.999988,43.249993,42.499983,42.499983,33800,5.216038
1988-07-18,42.999988,42.999988,42.000018,42.999988,12800,5.277404
1988-07-15,42.499983,42.999988,42.499983,42.999988,5000,5.277404
1988-07-14,42.999988,42.999988,42.999988,42.999988,5000,5.277404
1988-07-13,42.749987,42.999988,42.249978,42.999988,34500,5.277404
1988-07-12,42.749987,42.999988,42.000018,42.749987,27000,5.246721
1988-07-11,42.499983,42.999988,42.000018,42.749987,359300,5.246721
1988-07-08,42.249978,42.249978,41.625013,41.750017,32000,5.123994
1988-07-07,41.125007,41.750017,41.125007,41.750017,197600,5.123994
1988-07-06,41.250008,41.250008,41.250008,41.250008,1100,5.062628
1988-07-05,41.250008,41.750017,41.250008,41.750017,71000,5.123994
1988-07-01,41.250008,42.000018,41.250008,41.250008,9500,5.062628
1988-06-30,40.750002,41.750017,40.500002,41.750017,244800,5.123994
1988-06-29,40.750002,41.000007,40.500002,41.000007,39000,5.031945
1988-06-28,39.749992,41.000007,39.749992,41.000007,47300,5.031945
1988-06-27,39.499987,40.249997,39.499987,40.249997,1800,4.939896
1988-06-24,39.499987,39.499987,39.499987,39.499987,11700,4.847847
1988-06-23,39.499987,39.499987,39.499987,39.499987,700,4.847847
1988-06-22,39.499987,40.249997,38.999982,39.249986,80300,4.817165
1988-06-21,38.750021,39.249986,38.750021,39.249986,75300,4.817165
1988-06-20,38.500016,39.249986,38.500016,38.500016,46600,4.725121
1988-06-17,38.750021,38.999982,38.500016,38.500016,41600,4.725121
1988-06-16,38.250016,38.999982,38.250016,38.500016,35600,4.725121
1988-06-15,38.999982,38.999982,38.500016,38.999982,18700,4.786482
1988-06-14,38.999982,38.999982,38.500016,38.999982,93500,4.786482
1988-06-13,38.500016,38.999982,38.500016,38.750021,133500,4.755804
1988-06-10,38.750021,38.999982,38.250016,38.999982,275000,4.786482
1988-06-09,38.500016,38.750021,38.000011,38.750021,30500,4.755804
1988-06-08,38.500016,38.500016,37.750006,38.500016,81100,4.725121
1988-06-07,37.750006,38.250016,37.750006,37.750006,49600,4.633072
1988-06-06,37.750006,38.000011,37.750006,37.750006,52200,4.633072
1988-06-03,38.500016,38.500016,37.750006,37.750006,15100,4.633072
1988-06-02,38.999982,38.999982,38.500016,38.750021,93800,4.755804
1988-06-01,39.249986,39.249986,38.500016,38.500016,66500,4.725121
1988-05-31,38.500016,38.500016,38.500016,38.500016,32700,4.725121
1988-05-27,38.999982,38.999982,38.999982,38.999982,6700,4.786482
1988-05-26,38.999982,39.249986,38.999982,39.249986,5000,4.817165
1988-05-25,38.500016,39.249986,38.500016,39.249986,18000,4.817165
1988-05-24,38.250016,38.999982,38.250016,38.500016,54700,4.725121
1988-05-23,38.250016,38.500016,38.250016,38.250016,50000,4.694438
1988-05-20,38.500016,38.500016,38.250016,38.250016,9500,4.694438
1988-05-19,38.250016,38.500016,38.250016,38.500016,6700,4.725121
1988-05-18,38.250016,38.750021,38.250016,38.250016,24700,4.694438
1988-05-17,38.750021,38.750021,38.250016,38.250016,10800,4.694438
1988-05-16,37.250001,38.750021,37.250001,38.750021,32200,4.755804
1988-05-13,38.000011,38.000011,38.000011,38.000011,10800,4.663755
1988-05-12,37.500006,38.000011,37.500006,37.500006,53300,4.602389
1988-05-11,38.500016,38.750021,37.500006,38.000011,204800,4.663755
1988-05-10,39.249986,39.249986,38.500016,38.500016,10100,4.725121
1988-05-09,39.249986,39.249986,38.500016,38.500016,19200,4.725121
1988-05-06,39.249986,39.249986,38.500016,38.500016,23000,4.725121
1988-05-05,39.249986,39.249986,38.999982,38.999982,12500,4.786482
1988-05-04,38.250016,39.249986,38.250016,39.249986,3300,4.817165
1988-05-03,39.249986,39.249986,39.249986,39.249986,5200,4.817165
1988-05-02,38.250016,38.999982,38.250016,38.999982,2300,4.786482
1988-04-29,38.250016,39.249986,38.250016,39.249986,43200,4.817165
1988-04-28,38.500016,39.249986,38.500016,38.750021,34500,4.755804
1988-04-27,38.500016,39.249986,38.500016,39.249986,17000,4.817165
1988-04-26,38.250016,38.999982,37.750006,38.999982,239000,4.786482
1988-04-25,38.500016,38.500016,37.750006,38.000011,39500,4.663755
1988-04-22,38.750021,38.999982,38.000011,38.500016,509700,4.725121
1988-04-21,39.499987,39.499987,38.750021,38.750021,57500,4.755804
1988-04-20,39.749992,39.749992,38.999982,38.999982,373100,4.786482
1988-04-19,39.249986,39.749992,39.249986,39.749992,29300,4.863805
1988-04-18,39.249986,39.749992,38.999982,39.124982,28100,4.787329
1988-04-15,40.249997,40.249997,39.249986,39.249986,438700,4.802625
1988-04-14,41.000007,41.250008,40.249997,41.000007,233000,5.016757
1988-04-13,42.249978,42.249978,41.500012,41.500012,14200,5.077938
1988-04-12,42.249978,42.249978,41.750017,42.249978,32000,5.169703
1988-04-11,42.499983,42.499983,41.500012,41.500012,75300,5.077938
1988-04-08,42.749987,42.749987,41.500012,42.499983,107000,5.200294
1988-04-07,43.249993,43.249993,42.749987,42.749987,20200,5.230884
1988-04-06,43.249993,43.249993,42.749987,42.749987,67500,5.230884
1988-04-05,42.000018,44.500008,42.000018,43.249993,419200,5.292065
1988-04-04,42.000018,42.000018,41.500012,41.500012,18500,5.077938
1988-03-31,42.000018,42.000018,41.500012,41.500012,6800,5.077938
1988-03-30,41.750017,42.000018,41.500012,42.000018,31500,5.139118
1988-03-29,41.250008,41.750017,41.250008,41.750017,81000,5.108528
1988-03-28,41.250008,41.750017,41.250008,41.750017,13600,5.108528
1988-03-25,41.500012,41.750017,41.250008,41.250008,4500,5.047347
1988-03-24,41.750017,42.249978,41.500012,41.500012,66800,5.077938
1988-03-23,41.750017,42.499983,41.250008,42.499983,134300,5.200294
1988-03-22,41.500012,42.000018,41.000007,41.750017,126700,5.108528
1988-03-21,41.750017,41.750017,41.000007,41.500012,27100,5.077938
1988-03-18,41.250008,41.750017,40.500002,41.000007,28100,5.016757
1988-03-17,41.750017,41.750017,40.750002,40.750002,86700,4.986166
1988-03-16,41.250008,41.750017,41.250008,41.750017,158600,5.108528
1988-03-15,41.750017,41.750017,41.250008,41.750017,156000,5.108528
1988-03-14,41.500012,41.750017,40.750002,41.250008,158000,5.047347
1988-03-11,42.249978,42.249978,41.250008,41.250008,98000,5.047347
1988-03-10,42.749987,42.749987,41.750017,42.000018,79200,5.139118
1988-03-09,41.750017,42.749987,41.750017,42.374982,139100,5.184999
1988-03-08,41.250008,42.499983,40.500002,42.125022,83700,5.154414
1988-03-07,40.750002,41.500012,40.500002,40.750002,42300,4.986166
1988-03-04,38.999982,39.749992,38.250016,39.749992,77000,4.863805
1988-03-03,37.750006,38.999982,37.500006,38.250016,257200,4.680268
1988-03-02,37.750006,37.750006,36.749996,37.500006,114800,4.588497
1988-03-01,38.000011,38.000011,37.250001,37.500006,275200,4.588497
1988-02-29,37.750006,38.500016,37.125001,38.250016,176200,4.680268
1988-02-26,36.24999,37.750006,35.999986,37.125001,60800,4.542612
1988-02-25,35.000015,36.24999,35.000015,36.24999,239000,4.435545
1988-02-24,35.25002,35.25002,35.000015,35.25002,99700,4.313189
1988-02-23,35.000015,35.25002,35.000015,35.000015,119200,4.282599
1988-02-22,35.000015,35.25002,35.000015,35.000015,33100,4.282599
1988-02-19,35.25002,35.25002,35.000015,35.25002,4500,4.313189
1988-02-18,35.000015,35.25002,35.000015,35.000015,27700,4.282599
1988-02-17,35.25002,35.49998,35.000015,35.125016,136600,4.297894
1988-02-16,35.49998,35.749981,35.25002,35.49998,55600,4.343774
1988-02-12,35.749981,35.749981,35.000015,35.000015,8300,4.282599
1988-02-11,35.749981,35.749981,35.000015,35.000015,55600,4.282599
1988-02-10,35.25002,35.749981,35.25002,35.37502,56700,4.328484
1988-02-09,35.749981,35.749981,35.25002,35.25002,18000,4.313189
1988-02-08,35.749981,35.749981,35.25002,35.749981,13500,4.374364
1988-02-05,35.749981,35.749981,35.25002,35.749981,2700,4.374364
1988-02-04,35.25002,35.749981,35.25002,35.749981,10800,4.374364
1988-02-03,35.000015,35.749981,35.000015,35.25002,47200,4.313189
1988-02-02,34.750011,35.49998,34.750011,35.000015,108100,4.282599
1988-02-01,34.750011,35.25002,34.750011,35.125016,82600,4.297894
1988-01-29,35.25002,35.25002,35.000015,35.000015,43800,4.282599
1988-01-28,35.25002,35.25002,34.50001,35.25002,19200,4.313189
1988-01-27,35.25002,35.25002,34.50001,34.50001,17600,4.221418
1988-01-26,35.25002,35.25002,34.50001,35.125016,10100,4.297894
1988-01-25,35.25002,35.25002,34.750011,35.125016,81100,4.297894
1988-01-22,35.25002,35.49998,35.000015,35.49998,121500,4.343774
1988-01-21,34.750011,35.25002,34.250005,35.000015,16200,4.282599
1988-01-20,35.49998,35.999986,35.000015,35.000015,39500,4.282599
1988-01-19,35.999986,35.999986,35.624981,35.624981,179000,4.359069
1988-01-18,35.999986,35.999986,35.49998,35.999986,3300,4.390274
1988-01-15,35.49998,35.749981,35.25002,35.749981,99500,4.359785
1988-01-14,34.50001,35.25002,34.50001,34.750011,25200,4.237837
1988-01-13,34.750011,34.750011,34.250005,34.50001,27100,4.207349
1988-01-12,35.49998,35.999986,33.249995,34.750011,141700,4.237837
1988-01-11,35.49998,36.24999,35.49998,35.49998,60800,4.329297
1988-01-08,35.999986,36.499991,35.999986,35.999986,42300,4.390274
1988-01-07,35.749981,36.24999,35.000015,35.49998,53300,4.329297
1988-01-06,36.499991,36.499991,35.749981,35.999986,34800,4.390274
1988-01-05,36.749996,36.749996,36.499991,36.499991,87700,4.451251
1988-01-04,37.250001,37.250001,36.24999,36.499991,49100,4.451251
1987-12-31,36.749996,37.250001,36.749996,36.749996,4100,4.481739
1987-12-30,36.749996,37.250001,36.749996,36.999996,64800,4.512227
1987-12-29,35.999986,36.499991,35.999986,36.24999,16800,4.420762
1987-12-28,35.999986,35.999986,35.749981,35.749981,32000,4.359785
1987-12-24,35.999986,36.499991,35.999986,36.499991,13500,4.451251
1987-12-23,35.749981,36.749996,35.749981,36.24999,26300,4.420762
1987-12-22,36.24999,36.499991,35.749981,36.499991,36100,4.451251
1987-12-21,35.49998,36.24999,35.49998,36.24999,49100,4.420762
1987-12-18,33.75,35.49998,33.75,35.000015,64200,4.268325
1987-12-17,34.250005,34.250005,33.75,34.000005,58100,4.146372
1987-12-16,33.499997,34.000005,33.499997,34.000005,77000,4.146372
1987-12-15,34.000005,34.000005,33.499997,33.499997,23000,4.085395
1987-12-14,34.000005,34.000005,33.249995,33.75,72000,4.115883
1987-12-11,32.00002,33.249995,32.00002,33.249995,76100,4.054907
1987-12-10,30.249999,31.750017,29.999996,31.750017,97800,3.871981
1987-12-09,29.999996,31.000007,29.999996,31.000007,15300,3.780516
1987-12-08,29.999996,30.249999,29.499989,29.999996,172800,3.658563
1987-12-07,30.750004,30.750004,29.749992,29.749992,14200,3.628074
1987-12-04,31.500014,31.500014,29.999996,30.750004,24700,3.750028
1987-12-03,33.249995,33.499997,31.750017,32.249982,135700,3.932953
1987-12-02,33.249995,33.249995,33.249995,33.249995,100,4.054907
1987-12-01,32.749987,33.75,32.749987,33.499997,129000,4.085395
1987-11-30,33.75,34.000005,32.749987,33.499997,153700,4.085395
1987-11-27,34.250005,34.250005,34.250005,34.250005,1800,4.17686
1987-11-25,34.000005,34.250005,34.000005,34.250005,13600,4.17686
1987-11-24,31.500014,33.499997,31.000007,33.249995,87100,4.054907
1987-11-23,30.750004,31.000007,30.500002,31.000007,32000,3.780516
1987-11-20,30.750004,30.750004,29.999996,30.249999,16200,3.689051
1987-11-19,31.000007,31.000007,30.249999,30.249999,1800,3.689051
1987-11-18,31.000007,31.000007,30.249999,31.000007,171500,3.780516
1987-11-17,30.500002,30.500002,30.249999,30.249999,51300,3.689051
1987-11-16,32.749987,32.749987,29.499989,30.249999,114100,3.689051
1987-11-13,32.749987,32.749987,32.00002,32.249982,27000,3.932953
1987-11-12,33.249995,33.249995,32.249982,32.249982,13500,3.932953
1987-11-11,32.99999,33.499997,32.499985,32.499985,39500,3.963441
1987-11-10,32.249982,32.499985,32.00002,32.00002,115800,3.90247
1987-11-09,33.499997,33.499997,32.249982,32.249982,48000,3.932953
1987-11-06,32.499985,34.250005,32.499985,33.249995,32000,4.054907
1987-11-05,30.500002,32.00002,30.500002,32.00002,48000,3.90247
1987-11-04,30.750004,31.000007,30.500002,30.500002,27700,3.719539
1987-11-03,31.000007,31.500014,30.750004,30.750004,37200,3.750028
1987-11-02,29.249986,31.750017,28.500018,31.750017,71000,3.859788
1987-10-30,30.500002,31.000007,28.500018,28.500018,199800,3.464692
1987-10-29,26.499993,31.000007,25.999988,29.999996,107000,3.647041
1987-10-28,26.24999,26.749998,25.49998,26.499993,873500,3.221553
1987-10-27,29.749992,29.749992,24.750015,25.12502,479300,3.0544
1987-10-26,32.499985,32.749987,29.249986,29.499989,157100,3.586256
1987-10-23,34.50001,34.50001,32.249982,32.99999,232800,4.011745
1987-10-22,36.499991,36.999996,35.000015,35.000015,44000,4.254884
1987-10-21,38.000011,38.000011,37.250001,37.750006,271800,4.589195
1987-10-20,39.249986,39.999992,37.500006,38.000011,50600,4.619588
1987-10-19,42.000018,42.000018,39.249986,39.249986,177800,4.75939
1987-10-16,43.499993,43.749998,42.000018,42.000018,170300,5.092854
1987-10-15,44.250003,44.250003,43.499993,43.499993,25500,5.274739
1987-10-14,44.500008,44.500008,44.250003,44.250003,95200,5.365684
1987-10-13,44.250003,44.750013,44.250003,44.750013,77000,5.426314
1987-10-12,44.250003,44.625008,44.250003,44.250003,173700,5.365684
1987-10-09,44.250003,45.000013,44.250003,44.250003,616100,5.365684
1987-10-08,45.000013,45.000013,44.250003,44.250003,9100,5.365684
1987-10-07,44.250003,44.750013,44.250003,44.250003,64200,5.365684
1987-10-06,44.250003,45.000013,44.250003,44.250003,45500,5.365684
1987-10-05,45.000013,45.000013,44.500008,44.500008,9100,5.395999
1987-10-02,44.500008,45.000013,44.000003,45.000013,249100,5.456629
1987-10-01,42.499983,44.000003,42.249978,44.000003,217600,5.335369
1987-09-30,41.500012,42.499983,41.500012,42.499983,37100,5.153479
1987-09-29,41.500012,42.000018,41.500012,42.000018,2700,5.092854
1987-09-28,42.249978,42.249978,42.249978,42.249978,20200,5.123164
1987-09-25,41.500012,42.000018,41.500012,42.000018,12500,5.092854
1987-09-24,42.000018,42.000018,42.000018,42.000018,7500,5.092854
1987-09-23,41.750017,42.000018,41.750017,42.000018,2700,5.092854
1987-09-22,41.750017,41.750017,41.000007,41.750017,75300,5.062539
1987-09-21,41.500012,42.000018,41.000007,42.000018,19200,5.092854
1987-09-18,42.000018,42.000018,41.500012,41.500012,22100,5.032224
1987-09-17,42.499983,42.749987,42.000018,42.000018,27700,5.092854
1987-09-16,42.749987,42.749987,42.249978,42.249978,19600,5.123164
1987-09-15,42.749987,42.749987,42.249978,42.499983,123100,5.153479
1987-09-14,42.749987,42.999988,42.499983,42.749987,21800,5.183794
1987-09-11,42.000018,42.749987,41.750017,42.749987,59000,5.183794
1987-09-10,41.250008,41.750017,40.750002,41.750017,28600,5.062539
1987-09-09,41.250008,41.250008,41.250008,41.250008,100,5.001909
1987-09-08,40.750002,41.250008,40.500002,40.750002,472500,4.941279
1987-09-04,41.250008,41.250008,40.750002,41.250008,4100,5.001909
1987-09-03,41.000007,41.250008,40.750002,41.000007,246300,4.971594
1987-09-02,41.000007,41.000007,40.750002,40.750002,11200,4.941279
1987-09-01,41.000007,41.250008,41.000007,41.000007,44600,4.971594
1987-08-31,41.000007,41.250008,40.750002,41.000007,20300,4.971594
1987-08-28,41.250008,41.250008,41.000007,41.000007,5700,4.971594
1987-08-27,42.000018,42.749987,41.000007,41.250008,85500,5.001909
1987-08-26,43.499993,43.749998,42.000018,42.000018,218700,5.092854
1987-08-25,43.499993,44.000003,43.499993,44.000003,6700,5.335369
1987-08-24,43.749998,44.250003,43.499993,43.499993,46600,5.274739
1987-08-21,43.249993,44.000003,42.749987,43.749998,96800,5.305054
1987-08-20,42.249978,43.249993,42.000018,43.249993,44000,5.244424
1987-08-19,40.500002,45.000013,40.500002,42.249978,248200,5.123164
1987-08-18,40.500002,40.500002,39.749992,40.500002,40500,4.910964
1987-08-17,38.999982,40.249997,38.999982,39.999992,45500,4.850334
1987-08-14,38.999982,39.499987,38.999982,38.999982,22100,4.729074
1987-08-13,39.249986,39.499987,38.500016,38.999982,30500,4.729074
1987-08-12,39.249986,39.249986,38.500016,39.249986,19200,4.75939
1987-08-11,36.999996,39.249986,36.999996,39.249986,195700,4.75939
1987-08-10,36.999996,37.750006,36.499991,37.750006,52200,4.577504
1987-08-07,36.499991,36.999996,36.499991,36.999996,7800,4.486559
1987-08-06,36.749996,36.999996,36.499991,36.499991,11700,4.42593
1987-08-05,35.999986,36.749996,35.999986,36.24999,24300,4.395615
1987-08-04,36.499991,36.499991,35.999986,36.499991,70800,4.42593
1987-08-03,35.999986,36.499991,35.999986,35.999986,18000,4.3653
1987-07-31,36.499991,36.499991,35.999986,36.24999,97200,4.395615
1987-07-30,35.999986,36.499991,35.999986,36.499991,20200,4.42593
1987-07-29,35.999986,36.24999,35.999986,36.24999,16800,4.395615
1987-07-28,35.999986,35.999986,35.749981,35.749981,5200,4.334985
1987-07-27,35.749981,36.24999,35.749981,35.749981,173200,4.334985
1987-07-24,36.499991,36.499991,35.749981,35.749981,153700,4.334985
1987-07-23,35.999986,36.499991,35.749981,35.749981,46600,4.334985
1987-07-22,35.000015,36.499991,35.000015,36.499991,145100,4.42593
1987-07-21,35.25002,35.25002,34.50001,35.25002,23700,4.27436
1987-07-20,34.50001,35.25002,34.50001,35.000015,42100,4.239195
1987-07-17,35.000015,35.25002,34.50001,35.25002,156800,4.269476
1987-07-16,34.250005,34.250005,34.250005,34.250005,3300,4.148354
1987-07-15,35.000015,35.25002,34.50001,34.750011,384100,4.208915
1987-07-14,35.749981,35.749981,35.000015,35.25002,35600,4.269476
1987-07-13,36.24999,36.24999,35.125016,35.37502,132300,4.284616
1987-07-10,33.75,36.499991,33.249995,36.499991,256500,4.420872
1987-07-09,32.499985,33.249995,32.00002,32.99999,56700,3.996953
1987-07-08,32.00002,32.499985,31.250012,32.499985,40500,3.936392
1987-07-07,31.500014,32.00002,30.750004,31.500014,116600,3.815276
1987-07-06,30.750004,31.500014,30.750004,31.500014,33100,3.815276
1987-07-02,30.750004,31.500014,30.750004,30.750004,99000,3.724435
1987-07-01,31.500014,31.500014,31.500014,31.500014,5700,3.815276
1987-06-30,30.750004,31.500014,30.750004,31.500014,37100,3.815276
1987-06-29,31.500014,31.500014,30.750004,30.750004,652100,3.724435
1987-06-26,30.750004,31.500014,30.750004,31.500014,1800,3.815276
1987-06-25,30.750004,31.250012,30.750004,30.750004,8600,3.724435
1987-06-24,31.500014,31.500014,30.750004,31.500014,63500,3.815276
1987-06-23,31.500014,31.500014,30.750004,30.750004,316200,3.724435
1987-06-22,30.750004,31.250012,30.500002,31.250012,71600,3.784996
1987-06-19,30.750004,31.250012,30.750004,30.875007,102000,3.739575
1987-06-18,31.250012,31.250012,31.250012,31.250012,3300,3.784996
1987-06-17,30.750004,31.250012,30.500002,31.250012,52200,3.784996
1987-06-16,30.500002,31.250012,30.500002,31.250012,231100,3.784996
1987-06-15,30.750004,31.250012,30.500002,30.750004,129800,3.724435
1987-06-12,31.250012,31.250012,30.500002,31.250012,99700,3.784996
1987-06-11,31.750017,31.750017,30.750004,30.750004,87800,3.724435
1987-06-10,31.750017,31.750017,31.000007,31.000007,23700,3.754715
1987-06-09,31.000007,31.750017,31.000007,31.500014,5200,3.815276
1987-06-08,31.750017,31.750017,31.500014,31.750017,166100,3.845556
1987-06-05,32.00002,32.00002,31.750017,31.750017,1800,3.845556
1987-06-04,30.249999,32.00002,30.249999,31.750017,52500,3.845556
1987-06-03,29.249986,30.249999,29.249986,30.249999,47200,3.663874
1987-06-02,28.999984,29.249986,28.749979,29.249986,649800,3.542753
1987-06-01,29.499989,29.499989,28.999984,29.499989,203600,3.573033
1987-05-29,28.999984,29.499989,28.749979,28.999984,941700,3.512473
1987-05-28,29.749992,29.749992,28.999984,29.499989,5000,3.573033
1987-05-27,29.749992,30.249999,29.749992,29.749992,41200,3.603314
1987-05-26,29.749992,29.999996,29.749992,29.749992,142800,3.603314
1987-05-22,29.749992,29.999996,29.499989,29.999996,30300,3.633594
1987-05-21,29.999996,29.999996,29.749992,29.999996,12000,3.633594
1987-05-20,29.999996,30.249999,28.999984,29.749992,134300,3.603314
1987-05-19,30.750004,31.500014,30.249999,30.750004,103100,3.724435
1987-05-18,31.000007,31.500014,30.750004,31.500014,19200,3.815276
1987-05-15,32.00002,32.00002,31.250012,31.500014,47200,3.815276
1987-05-14,31.750017,31.750017,31.250012,31.250012,48800,3.784996
1987-05-13,31.000007,31.000007,31.000007,31.000007,9500,3.754715
1987-05-12,30.750004,31.500014,30.249999,31.500014,50700,3.815276
1987-05-11,30.500002,30.750004,30.249999,30.750004,49600,3.724435
1987-05-08,30.249999,30.500002,29.999996,30.500002,53300,3.694155
1987-05-07,30.249999,30.249999,29.999996,30.249999,7500,3.663874
1987-05-06,30.750004,30.750004,29.874994,29.999996,250800,3.633594
1987-05-05,29.999996,30.750004,29.999996,30.750004,226800,3.724435
1987-05-04,29.999996,30.750004,29.999996,29.999996,3300,3.633594
1987-05-01,30.750004,30.750004,29.999996,29.999996,54100,3.633594
1987-04-30,29.999996,30.750004,29.999996,30.750004,21800,3.724435
1987-04-29,30.500002,30.750004,29.999996,29.999996,3500,3.633594
1987-04-28,29.999996,30.750004,29.999996,29.999996,46600,3.633594
1987-04-27,30.500002,30.750004,30.249999,30.500002,13500,3.694155
1987-04-24,31.250012,31.250012,31.000007,31.000007,1100,3.754715
1987-04-23,31.250012,31.250012,30.500002,30.500002,5200,3.694155
1987-04-22,31.250012,31.250012,31.250012,31.250012,4500,3.784996
1987-04-21,31.250012,31.250012,30.500002,31.250012,761000,3.784996
1987-04-20,30.750004,31.250012,30.750004,30.750004,26300,3.724435
1987-04-16,30.750004,31.250012,30.750004,31.250012,86700,3.784996
1987-04-15,31.250012,31.750017,30.750004,30.875007,49600,3.739575
1987-04-14,31.750017,32.00002,31.375012,31.375012,86000,3.800136
1987-04-13,32.249982,32.249982,31.750017,31.750017,271600,3.845556
1987-04-10,31.750017,32.249982,31.750017,31.750017,93500,3.845556
1987-04-09,32.00002,32.499985,31.750017,32.00002,40600,3.875837
1987-04-08,32.00002,32.749987,32.00002,32.249982,19600,3.906112
1987-04-07,32.99999,32.99999,32.249982,32.99999,24700,3.996953
1987-04-06,32.499985,32.99999,32.00002,32.749987,52500,3.966672
1987-04-03,32.249982,32.499985,32.249982,32.249982,7800,3.906112
1987-04-02,32.00002,32.249982,31.750017,31.750017,14200,3.845556
1987-04-01,32.00002,32.499985,31.750017,32.00002,60100,3.875837
1987-03-31,31.750017,32.499985,31.750017,32.499985,45500,3.936392
1987-03-30,32.249982,32.499985,32.00002,32.00002,22100,3.875837
1987-03-27,32.749987,32.749987,32.249982,32.749987,64200,3.966672
1987-03-26,32.249982,32.749987,32.249982,32.749987,101300,3.966672
1987-03-25,32.749987,32.749987,32.249982,32.249982,8600,3.906112
1987-03-24,32.00002,32.499985,31.875019,32.249982,1226700,3.906112
1987-03-23,32.00002,32.624985,32.00002,32.249982,101200,3.906112
1987-03-20,32.499985,32.749987,32.00002,32.499985,120500,3.936392
1987-03-19,31.750017,32.499985,31.750017,32.00002,37800,3.875837
1987-03-18,32.499985,32.499985,31.750017,31.750017,4500,3.845556
1987-03-17,31.750017,32.499985,31.750017,32.499985,11700,3.936392
1987-03-16,32.749987,33.249995,31.750017,32.499985,204100,3.936392
1987-03-13,32.749987,33.249995,32.499985,32.99999,544100,3.996953
1987-03-12,32.749987,33.499997,32.749987,33.499997,3500,4.057514
1987-03-11,33.499997,33.499997,33.124992,33.374995,85500,4.042373
1987-03-10,32.99999,33.75,32.99999,33.249995,27000,4.027233
1987-03-09,33.499997,34.000005,33.124992,33.75,13600,4.087794
1987-03-06,33.75,34.000005,33.499997,33.75,299300,4.087794
1987-03-05,33.75,34.000005,33.75,33.75,18500,4.087794
1987-03-04,34.750011,34.750011,33.249995,33.75,72500,4.087794
1987-03-03,34.250005,34.250005,34.250005,34.250005,1800,4.148354
1987-03-02,34.250005,34.750011,34.250005,34.750011,98600,4.208915
1987-02-27,34.250005,34.50001,34.000005,34.50001,23700,4.178635
1987-02-26,34.000005,34.250005,33.75,34.250005,59000,4.148354
1987-02-25,33.499997,34.000005,33.499997,34.000005,25200,4.118074
1987-02-24,34.250005,34.250005,33.499997,34.000005,23000,4.118074
1987-02-23,34.250005,34.250005,33.374995,34.250005,23000,4.148354
1987-02-20,33.75,34.250005,33.499997,34.250005,82600,4.148354
1987-02-19,32.99999,33.75,32.99999,33.75,147800,4.087794
1987-02-18,32.749987,32.99999,32.00002,32.00002,307100,3.875837
1987-02-17,46.99996,47.499945,46.99996,47.499945,85100,3.835456
1987-02-13,47.749971,47.749971,47.624989,47.624989,30500,3.845553
1987-02-12,47.999993,47.999993,47.499945,47.499945,30500,3.835456
1987-02-11,47.999993,48.249955,47.749971,47.749971,54700,3.855645
1987-02-10,48.249955,48.74994,47.749971,48.74994,87700,3.936389
1987-02-09,48.499978,48.624959,47.999993,47.999993,36500,3.875834
1987-02-06,47.999993,48.499978,47.749971,48.249955,128200,3.896017
1987-02-05,46.99996,48.249955,46.99996,47.999993,173200,3.875834
1987-02-04,45.99999,47.249986,45.99999,47.249986,222800,3.815273
1987-02-03,45.249983,45.749968,44.749935,45.749968,263300,3.694152
1987-02-02,45.249983,45.249983,44.749935,45.249983,91200,3.65378
1987-01-30,44.749935,45.249983,44.749935,45.249983,16800,3.65378
1987-01-29,44.499976,45.249983,44.499976,44.749935,18000,3.613403
1987-01-28,43.499943,44.99996,43.24998,44.749935,156000,3.613403
1987-01-27,44.99996,44.99996,43.499943,43.499943,313800,3.51247
1987-01-26,44.749935,45.249983,44.499976,44.99996,47200,3.633591
1987-01-23,45.749968,45.749968,44.99996,45.499945,32700,3.673963
1987-01-22,44.99996,45.749968,44.99996,44.99996,48000,3.633591
1987-01-21,45.749968,45.749968,44.99996,45.249983,317300,3.65378
1987-01-20,45.749968,45.749968,45.124938,45.249983,121600,3.65378
1987-01-19,44.99996,45.499945,44.99996,44.99996,10200,3.633591
1987-01-16,44.749935,45.499945,44.749935,44.99996,116600,3.633591
1987-01-15,44.24995,45.499945,44.24995,44.749935,314000,3.613403
1987-01-14,44.99996,45.499945,44.24995,44.24995,163100,3.573031
1987-01-13,47.499945,47.499945,45.499945,45.499945,129300,3.673963
1987-01-12,47.499945,47.499945,46.749938,47.499945,39500,3.835456
1987-01-09,46.499975,47.499945,46.499975,46.99996,44000,3.795084
1987-01-08,43.999991,45.99999,43.999991,45.99999,68600,3.71434
1987-01-07,42.999958,43.749965,42.999958,43.749965,42100,3.532659
1987-01-06,42.999958,43.999991,42.249947,43.999991,433100,3.552847
1987-01-05,41.749962,42.499973,41.749962,41.999988,23000,3.391354
1987-01-02,41.249978,41.749962,40.999955,40.999955,41600,3.310605
1986-12-31,40.49997,41.124999,40.49997,41.124999,54700,3.320702
1986-12-30,40.249944,40.999955,40.249944,40.749993,226200,3.290421
1986-12-29,39.999985,40.49997,39.999985,40.49997,97200,3.270233
1986-12-26,39.999985,40.124966,39.999985,40.124966,11200,3.239952
1986-12-24,39.999985,40.249944,39.999985,40.249944,16800,3.250044
1986-12-23,39.999985,40.49997,39.999985,39.999985,57300,3.229861
1986-12-22,40.249944,40.749993,39.74996,40.49997,150300,3.270233
1986-12-19,41.999988,42.749995,40.249944,40.999955,125600,3.310605
1986-12-18,39.999985,42.499973,39.50,42.249947,300300,3.411537
1986-12-17,39.999985,40.249944,39.249975,39.74996,125000,3.209672
1986-12-16,38.499967,39.74996,38.499967,39.249975,174800,3.1693
1986-12-15,39.249975,39.249975,38.499967,38.74999,90100,3.128928
1986-12-12,38.999952,38.999952,38.999952,38.999952,16200,3.149111
1986-12-11,38.999952,39.74996,38.999952,39.249975,12800,3.1693
1986-12-10,38.74999,39.74996,38.74999,39.74996,69300,3.209672
1986-12-09,38.74999,39.249975,38.74999,38.74999,20200,3.128928
1986-12-08,38.249942,39.249975,37.999983,39.249975,81100,3.1693
1986-12-05,37.999983,38.499967,37.999983,38.249942,77000,3.088551
1986-12-04,37.999983,38.249942,37.999983,38.249942,5000,3.088551
1986-12-03,38.249942,38.249942,37.749957,37.999983,53000,3.068367
1986-12-02,37.499998,38.249942,37.499998,37.749957,377300,3.048179
1986-12-01,37.249972,37.749957,37.249972,37.749957,242000,3.048179
1986-11-28,37.499998,37.499998,37.374953,37.374953,16800,3.017898
1986-11-26,37.749957,37.749957,37.249972,37.749957,57300,3.048179
1986-11-25,37.249972,37.749957,36.999949,37.124994,126700,2.997715
1986-11-24,36.250005,36.999949,35.749957,36.749987,152000,2.967434
1986-11-21,36.250005,36.250005,35.749957,35.749957,11700,2.886686
1986-11-20,35.749957,36.250005,35.749957,36.250005,9100,2.927063
1986-11-19,35.749957,36.250005,35.749957,35.749957,77000,2.886686
1986-11-18,36.250005,36.250005,35.749957,35.749957,48300,2.886686
1986-11-17,35.749957,36.250005,35.749957,35.99998,283600,2.906874
1986-11-14,36.250005,36.250005,35.749957,35.99998,85100,2.906874
1986-11-13,35.749957,35.749957,35.749957,35.749957,5200,2.886686
1986-11-12,35.99998,35.99998,35.499995,35.99998,32700,2.906874
1986-11-11,35.874999,35.99998,35.874999,35.99998,6100,2.906874
1986-11-10,35.499995,35.499995,35.499995,35.499995,7800,2.866502
1986-11-07,35.99998,35.99998,35.499995,35.99998,6100,2.906874
1986-11-06,35.99998,35.99998,35.499995,35.499995,20300,2.866502
1986-11-05,35.499995,35.99998,35.499995,35.99998,59700,2.906874
1986-11-04,35.99998,36.250005,35.499995,35.99998,295200,2.906874
1986-11-03,36.499965,36.499965,35.99998,35.99998,3500,2.906874
1986-10-31,35.99998,36.749987,35.99998,35.99998,82100,2.906874
1986-10-30,35.99998,35.99998,35.99998,35.99998,1600,2.906874
1986-10-29,36.250005,36.250005,35.99998,35.99998,18700,2.906874
1986-10-28,36.250005,36.999949,36.250005,36.250005,30300,2.927063
1986-10-27,36.499965,37.249972,36.250005,36.250005,9100,2.927063
1986-10-24,37.249972,37.249972,36.749987,36.999949,27000,2.987618
1986-10-23,36.499965,36.999949,36.499965,36.999949,16800,2.987618
1986-10-22,36.999949,36.999949,36.499965,36.499965,6100,2.947246
1986-10-21,37.249972,37.499998,36.499965,37.249972,22600,3.007807
1986-10-20,36.999949,37.499998,36.999949,36.999949,41600,2.987618
1986-10-17,36.999949,37.249972,36.999949,36.999949,26300,2.987618
1986-10-16,36.749987,37.249972,36.749987,37.249972,18000,3.007807
1986-10-15,35.249972,36.749987,34.999947,36.749987,84500,2.967434
1986-10-14,34.999947,34.999947,34.749988,34.749988,37800,2.805941
1986-10-13,34.749988,34.749988,34.749988,34.749988,19200,2.805941
1986-10-10,34.749988,34.999947,34.250003,34.999947,14200,2.826125
1986-10-09,33.999977,34.499962,33.999977,34.250003,54700,2.765569
1986-10-08,33.999977,34.250003,33.999977,33.999977,112500,2.745381
1986-10-07,34.250003,34.250003,33.999977,34.250003,123800,2.765569
1986-10-06,33.999977,33.999977,33.749954,33.999977,12800,2.745381
1986-10-03,33.999977,34.499962,33.749954,34.250003,69800,2.765569
1986-10-02,32.999944,33.749954,32.999944,33.499992,77600,2.705009
1986-10-01,32.25,32.874963,31.999974,32.749985,973100,2.644448
1986-09-30,31.999974,32.499959,31.999974,32.25,119200,2.604076
1986-09-29,32.999944,33.24997,31.999974,32.25,150800,2.604076
1986-09-26,31.999974,33.499992,31.999974,32.999944,225100,2.664631
1986-09-25,35.249972,35.249972,31.000005,32.499959,424200,2.624259
1986-09-24,36.499965,36.499965,35.249972,35.749957,172200,2.886686
1986-09-23,36.499965,36.749987,35.99998,36.250005,373100,2.927063
1986-09-22,36.499965,36.999949,36.250005,36.749987,204100,2.967434
1986-09-19,37.249972,37.249972,36.749987,36.999949,97800,2.987618
1986-09-18,37.249972,37.499998,37.249972,37.249972,16800,3.007807
1986-09-17,37.249972,37.499998,37.249972,37.499998,6100,3.027995
1986-09-16,37.999983,38.249942,37.499998,37.499998,224300,3.027995
1986-09-15,37.999983,38.74999,37.999983,37.999983,75800,3.068367
1986-09-12,38.999952,38.999952,37.999983,37.999983,97200,3.068367
1986-09-11,39.50,39.50,38.999952,38.999952,50700,3.149111
1986-09-10,39.999985,40.49997,39.50,39.50,37800,3.189489
1986-09-09,40.249944,40.749993,39.999985,39.999985,101300,3.229861
1986-09-08,40.249944,40.999955,40.249944,40.999955,6700,3.310605
1986-09-05,40.999955,40.999955,40.249944,40.999955,23700,3.310605
1986-09-04,40.999955,40.999955,40.49997,40.749993,33800,3.290421
1986-09-03,40.249944,40.999955,40.249944,40.249944,58500,3.250044
1986-09-02,40.249944,40.749993,40.249944,40.249944,83700,3.250044
1986-08-29,39.50,40.749993,39.50,40.249944,106500,3.250044
1986-08-28,39.50,40.249944,39.50,40.249944,24300,3.250044
1986-08-27,39.999985,39.999985,39.50,39.50,11200,3.189489
1986-08-26,39.999985,39.999985,39.50,39.50,27700,3.189489
1986-08-25,40.249944,40.249944,39.50,39.50,5200,3.189489
1986-08-22,39.50,40.249944,39.249975,39.50,38200,3.189489
1986-08-21,39.249975,39.624982,39.249975,39.249975,21300,3.1693
1986-08-20,39.74996,39.74996,39.50,39.50,27000,3.189489
1986-08-19,38.999952,39.74996,38.999952,39.50,49600,3.189489
1986-08-18,38.999952,39.74996,38.999952,38.999952,43200,3.149111
1986-08-15,38.999952,39.74996,38.999952,39.74996,178800,3.209672
1986-08-14,39.50,39.74996,38.999952,39.249975,60700,3.1693
1986-08-13,38.499967,39.50,38.249942,39.50,197300,3.189489
1986-08-12,38.249942,38.499967,37.749957,38.124964,162100,3.078459
1986-08-11,37.999983,38.249942,37.999983,37.999983,83300,3.068367
1986-08-08,38.499967,38.499967,37.999983,38.249942,49100,3.088551
1986-08-07,37.999983,37.999983,37.999983,37.999983,21300,3.068367
1986-08-06,38.499967,38.999952,38.249942,38.999952,11200,3.149111
1986-08-05,38.499967,38.999952,38.499967,38.999952,97800,3.149111
1986-08-04,38.499967,38.499967,38.499967,38.499967,7500,3.108739
1986-08-01,38.999952,39.249975,38.499967,38.499967,59700,3.108739
1986-07-31,38.874971,38.999952,38.74999,38.999952,85100,3.149111
1986-07-30,39.249975,39.249975,38.74999,38.74999,54700,3.128928
1986-07-29,39.50,39.50,39.249975,39.249975,75000,3.1693
1986-07-28,39.249975,39.74996,39.249975,39.50,139500,3.189489
1986-07-25,37.999983,39.50,37.999983,39.50,92700,3.189489
1986-07-24,38.249942,38.74999,37.999983,38.74999,13600,3.128928
1986-07-23,38.499967,38.499967,37.749957,38.249942,15100,3.088551
1986-07-22,38.499967,38.499967,37.499998,38.499967,36500,3.108739
1986-07-21,38.249942,38.249942,37.499998,38.249942,9100,3.088551
1986-07-18,37.749957,38.249942,37.624979,37.875001,592500,3.058275
1986-07-17,38.249942,38.249942,38.249942,38.249942,10200,3.088551
1986-07-16,37.249972,37.999983,37.249972,37.999983,144100,3.068367
1986-07-15,37.749957,38.499967,37.249972,37.749957,411700,3.048179
1986-07-14,41.49994,41.49994,38.249942,38.249942,457200,3.088551
1986-07-11,42.499973,42.499973,41.249978,41.249978,70800,3.330793
1986-07-10,42.999958,43.499943,42.499973,42.499973,237800,3.431726
1986-07-09,43.499943,43.499943,42.999958,42.999958,222800,3.472098
