Date,Open,High,Low,Close,Volume,Adj Close
2015-08-07,7.14,7.42,7.02,7.08,414000,7.08
2015-08-06,7.30,7.37,6.75,7.20,463200,7.20
2015-08-05,7.18,7.80,7.10,7.26,974300,7.26
2015-08-04,6.83,7.17,6.80,7.09,610800,7.09
2015-08-03,6.27,7.20,5.78,6.97,1041100,6.97
2015-07-31,5.47,6.37,5.43,6.21,696500,6.21
2015-07-30,4.80,5.80,4.77,5.72,653200,5.72
2015-07-29,4.89,5.02,4.62,4.64,339900,4.64
2015-07-28,5.21,5.27,4.87,4.89,242900,4.89
2015-07-27,5.28,5.28,5.10,5.18,90100,5.18
2015-07-24,5.33,5.51,5.23,5.30,210200,5.30
2015-07-23,5.66,5.67,5.33,5.36,149600,5.36
2015-07-22,5.31,5.74,5.29,5.63,165500,5.63
2015-07-21,5.46,5.47,5.29,5.31,113100,5.31
2015-07-20,5.80,5.80,5.40,5.43,183600,5.43
2015-07-17,5.86,5.89,5.69,5.78,167700,5.78
2015-07-16,5.65,5.98,5.64,5.83,300400,5.83
2015-07-15,5.53,5.65,5.49,5.62,114500,5.62
2015-07-14,5.39,5.52,5.36,5.50,224300,5.50
2015-07-13,5.03,5.50,5.03,5.36,165100,5.36
2015-07-10,4.89,5.03,4.87,4.97,155200,4.97
2015-07-09,4.86,4.97,4.83,4.86,177300,4.86
2015-07-08,4.99,4.99,4.77,4.80,153200,4.80
2015-07-07,4.95,5.02,4.72,4.99,163600,4.99
2015-07-06,4.91,5.13,4.86,4.96,203200,4.96
2015-07-02,5.15,5.28,4.99,4.99,152100,4.99
2015-07-01,5.41,5.54,5.13,5.20,209700,5.20
2015-06-30,4.97,5.38,4.94,5.36,287000,5.36
2015-06-29,5.42,5.48,4.91,4.96,243700,4.96
2015-06-26,5.44,5.55,5.36,5.42,260100,5.42
2015-06-25,5.38,5.44,5.27,5.40,284700,5.40
2015-06-24,5.50,5.60,5.35,5.36,131100,5.36
2015-06-23,5.50,5.55,5.48,5.51,109900,5.51
2015-06-22,5.50,5.58,5.46,5.50,118700,5.50
2015-06-19,5.45,5.53,5.42,5.49,304500,5.49
2015-06-18,5.44,5.53,5.42,5.47,235000,5.47
2015-06-17,5.36,5.50,5.33,5.40,161000,5.40
2015-06-16,5.32,5.40,5.31,5.35,207200,5.35
2015-06-15,5.44,5.49,5.31,5.35,206600,5.35
2015-06-12,5.48,5.72,5.46,5.52,229400,5.52
2015-06-11,5.30,5.47,5.30,5.47,99300,5.47
2015-06-10,5.47,5.59,5.26,5.29,308600,5.29
2015-06-09,5.68,5.73,5.46,5.48,135800,5.48
2015-06-08,5.78,5.85,5.66,5.70,268100,5.70
2015-06-05,5.35,5.87,5.35,5.78,291500,5.78
2015-06-04,5.28,5.44,5.23,5.35,196800,5.35
2015-06-03,5.36,5.43,5.24,5.32,216200,5.32
2015-06-02,5.27,5.39,5.19,5.34,207400,5.34
2015-06-01,5.67,5.67,5.31,5.34,345200,5.34
2015-05-29,5.57,5.84,5.53,5.67,483100,5.67
2015-05-28,5.50,5.62,5.42,5.58,177100,5.58
2015-05-27,5.53,5.65,5.44,5.55,198200,5.55
2015-05-26,5.42,5.53,5.32,5.50,185100,5.50
2015-05-22,5.38,5.50,5.27,5.45,204900,5.45
2015-05-21,5.34,5.45,5.29,5.38,131700,5.38
2015-05-20,5.48,5.49,5.32,5.35,121900,5.35
2015-05-19,5.40,5.55,5.36,5.47,260300,5.47
2015-05-18,5.17,5.39,5.13,5.35,273100,5.35
2015-05-15,5.12,5.29,5.03,5.16,197500,5.16
2015-05-14,5.04,5.22,5.00,5.11,344500,5.11
2015-05-13,4.98,5.18,4.93,4.99,185800,4.99
2015-05-12,5.02,5.03,4.88,4.96,263900,4.96
2015-05-11,5.13,5.15,4.91,5.03,348500,5.03
2015-05-08,5.29,5.29,5.09,5.15,312100,5.15
2015-05-07,5.30,5.41,5.17,5.22,333200,5.22
2015-05-06,5.44,5.58,5.28,5.34,232900,5.34
2015-05-05,5.53,5.57,5.35,5.45,421600,5.45
2015-05-04,5.64,5.72,5.48,5.53,455800,5.53
2015-05-01,5.88,5.88,5.40,5.61,380900,5.61
2015-04-30,5.17,5.87,5.14,5.79,832500,5.79
2015-04-29,5.49,5.65,5.41,5.48,249900,5.48
2015-04-28,5.55,5.64,5.44,5.53,225900,5.53
2015-04-27,5.52,5.66,5.44,5.52,360600,5.52
2015-04-24,5.53,5.65,5.38,5.50,261500,5.50
2015-04-23,5.30,5.58,5.24,5.52,256600,5.52
2015-04-22,5.37,5.49,5.16,5.33,231800,5.33
2015-04-21,5.58,5.58,5.26,5.37,298100,5.37
2015-04-20,5.71,5.76,5.40,5.52,352400,5.52
2015-04-17,5.83,5.97,5.54,5.69,619800,5.69
2015-04-16,5.46,5.96,5.34,5.89,489700,5.89
2015-04-15,5.33,5.49,5.30,5.49,270900,5.49
2015-04-14,5.04,5.34,5.04,5.29,379400,5.29
2015-04-13,5.01,5.04,4.87,5.04,184400,5.04
2015-04-10,4.90,5.14,4.82,4.99,278900,4.99
2015-04-09,4.80,4.90,4.65,4.85,188500,4.85
2015-04-08,4.71,4.91,4.71,4.80,124400,4.80
2015-04-07,4.72,4.89,4.66,4.69,212700,4.69
2015-04-06,4.63,4.72,4.45,4.70,162500,4.70
2015-04-02,4.47,4.63,4.38,4.56,210500,4.56
2015-04-01,4.40,4.53,4.30,4.46,192200,4.46
2015-03-31,4.49,4.52,4.35,4.41,284900,4.41
2015-03-30,4.49,4.55,4.42,4.49,164000,4.49
2015-03-27,4.58,4.68,4.42,4.48,189200,4.48
2015-03-26,4.48,4.61,4.45,4.58,201900,4.58
2015-03-25,4.77,4.80,4.45,4.50,251600,4.50
2015-03-24,4.95,4.95,4.73,4.76,131800,4.76
2015-03-23,4.80,5.01,4.80,4.97,226000,4.97
2015-03-20,4.89,4.96,4.73,4.80,316800,4.80
2015-03-19,4.51,4.90,4.51,4.85,311700,4.85
2015-03-18,4.44,4.53,4.36,4.50,255800,4.50
2015-03-17,4.53,4.59,4.41,4.44,257900,4.44
2015-03-16,4.51,4.65,4.50,4.53,337500,4.53
2015-03-13,4.41,4.52,4.37,4.41,128800,4.41
2015-03-12,4.50,4.62,4.38,4.41,261500,4.41
2015-03-11,4.25,4.55,4.20,4.43,281000,4.43
2015-03-10,4.24,4.39,4.16,4.26,239300,4.26
2015-03-09,4.39,4.39,4.16,4.33,312300,4.33
2015-03-06,4.33,4.42,4.24,4.39,265200,4.39
2015-03-05,4.31,4.49,4.23,4.34,250100,4.34
2015-03-04,4.54,4.55,4.20,4.29,573800,4.29
2015-03-03,4.82,4.85,4.49,4.56,771700,4.56
2015-03-02,5.10,5.25,4.79,4.87,638200,4.87
2015-02-27,5.50,5.50,5.32,5.32,270100,5.32
2015-02-26,6.02,6.02,5.41,5.57,591200,5.57
2015-02-25,6.06,6.23,5.99,6.20,237200,6.20
2015-02-24,6.08,6.10,5.96,6.05,148600,6.05
2015-02-23,6.10,6.10,5.98,6.06,220000,6.06
2015-02-20,6.33,6.33,6.01,6.11,216500,6.11
2015-02-19,6.10,6.39,6.10,6.32,125600,6.32
2015-02-18,6.04,6.27,6.00,6.15,197900,6.15
2015-02-17,5.93,6.08,5.81,6.04,193700,6.04
2015-02-13,5.70,5.97,5.64,5.92,224500,5.92
2015-02-12,5.60,5.70,5.49,5.66,160600,5.66
2015-02-11,5.55,5.69,5.51,5.54,163300,5.54
2015-02-10,5.60,5.64,5.48,5.56,153100,5.56
2015-02-09,5.45,5.70,5.44,5.52,255100,5.52
2015-02-06,5.35,5.56,5.26,5.46,179300,5.46
2015-02-05,5.13,5.35,5.10,5.33,253100,5.33
2015-02-04,5.36,5.39,5.02,5.09,316400,5.09
2015-02-03,5.26,5.49,5.15,5.43,365200,5.43
2015-02-02,5.27,5.32,5.02,5.19,475000,5.19
2015-01-30,5.51,5.67,5.28,5.28,217400,5.28
2015-01-29,5.37,5.60,5.37,5.59,160500,5.59
2015-01-28,5.41,5.47,5.28,5.36,345400,5.36
2015-01-27,5.42,5.61,5.35,5.39,245100,5.39
2015-01-26,5.42,5.57,5.40,5.54,160500,5.54
2015-01-23,5.40,5.65,5.20,5.51,444200,5.51
2015-01-22,5.33,5.88,5.16,5.87,346800,5.87
2015-01-21,5.24,5.46,5.15,5.27,424400,5.27
2015-01-20,5.34,5.42,5.02,5.24,328200,5.24
2015-01-16,5.29,5.57,5.26,5.36,192500,5.36
2015-01-15,5.49,5.49,5.18,5.31,280300,5.31
2015-01-14,5.53,5.75,5.42,5.45,267700,5.45
2015-01-13,5.75,5.87,5.46,5.61,444300,5.61
2015-01-12,5.83,5.92,5.60,5.65,249300,5.65
2015-01-09,5.70,5.92,5.62,5.85,280400,5.85
2015-01-08,5.70,5.90,5.61,5.71,231100,5.71
2015-01-07,5.68,5.77,5.49,5.66,395500,5.66
2015-01-06,6.08,6.12,5.55,5.58,346500,5.58
2015-01-05,6.05,6.39,5.92,6.07,258200,6.07
2015-01-02,6.09,6.12,5.80,6.08,253400,6.08
2014-12-31,6.09,6.12,5.88,6.01,250800,6.01
2014-12-30,6.10,6.41,5.95,6.04,484500,6.04
2014-12-29,6.26,6.41,5.91,6.10,358000,6.10
2014-12-26,5.82,6.30,5.82,6.27,281200,6.27
2014-12-24,5.61,5.98,5.56,5.95,162900,5.95
2014-12-23,6.07,6.07,5.59,5.61,326100,5.61
2014-12-22,6.25,6.25,5.94,6.01,359800,6.01
2014-12-19,6.04,6.26,5.85,6.22,333100,6.22
2014-12-18,5.77,6.15,5.68,6.05,403600,6.05
2014-12-17,5.22,5.65,5.21,5.64,290600,5.64
2014-12-16,5.27,5.47,5.15,5.19,390700,5.19
2014-12-15,5.41,5.48,5.26,5.28,380100,5.28
2014-12-12,5.26,5.45,5.24,5.35,331600,5.35
2014-12-11,5.39,5.57,5.27,5.34,426400,5.34
2014-12-10,5.62,5.70,5.31,5.36,355300,5.36
2014-12-09,5.22,5.70,5.22,5.66,258700,5.66
2014-12-08,5.38,5.65,5.30,5.30,326800,5.30
2014-12-05,5.41,5.62,5.34,5.47,318000,5.47
2014-12-04,5.42,5.49,5.29,5.33,195600,5.33
2014-12-03,5.32,5.57,5.31,5.44,303100,5.44
2014-12-02,5.48,5.53,5.28,5.34,376000,5.34
2014-12-01,5.80,5.81,5.44,5.50,573200,5.50
2014-11-28,5.52,6.04,5.41,5.82,717200,5.82
2014-11-26,5.27,5.49,5.21,5.45,345800,5.45
2014-11-25,5.34,5.41,5.23,5.29,317100,5.29
2014-11-24,5.34,5.54,5.31,5.35,383200,5.35
2014-11-21,5.52,5.52,5.30,5.33,474100,5.33
2014-11-20,5.38,5.45,5.26,5.39,396000,5.39
2014-11-19,5.31,5.42,5.09,5.40,548800,5.40
2014-11-18,5.17,5.38,5.14,5.34,457300,5.34
2014-11-17,5.44,5.48,5.11,5.16,679500,5.16
2014-11-14,5.59,5.65,5.47,5.47,312200,5.47
2014-11-13,5.88,5.98,5.50,5.61,416500,5.61
2014-11-12,5.88,5.90,5.65,5.84,369000,5.84
2014-11-11,5.98,6.01,5.89,5.91,371200,5.91
2014-11-10,5.80,6.10,5.55,6.01,1093100,6.01
2014-11-07,6.21,6.45,5.73,5.81,1209900,5.81
2014-11-06,5.30,7.07,4.77,6.40,4737500,6.40
2014-11-05,7.56,7.61,7.03,7.12,582500,7.12
2014-11-04,7.95,8.07,7.35,7.49,455200,7.49
2014-11-03,7.98,8.22,7.90,7.97,472100,7.97
2014-10-31,7.80,7.99,7.57,7.92,556100,7.92
2014-10-30,7.61,7.70,7.42,7.51,318500,7.51
2014-10-29,7.95,7.99,7.62,7.66,279000,7.66
2014-10-28,7.72,7.98,7.58,7.97,355600,7.97
2014-10-27,7.50,7.74,7.30,7.68,308400,7.68
2014-10-24,7.56,7.63,7.35,7.58,246000,7.58
2014-10-23,7.85,7.85,7.50,7.60,342700,7.60
2014-10-22,8.10,8.10,7.69,7.72,370300,7.72
2014-10-21,7.72,8.13,7.58,8.05,587500,8.05
2014-10-20,7.35,7.75,7.21,7.66,468400,7.66
2014-10-17,7.46,7.53,7.24,7.37,480500,7.37
2014-10-16,7.00,7.43,6.95,7.33,482900,7.33
2014-10-15,6.76,7.25,6.56,7.18,487200,7.18
2014-10-14,6.98,7.25,6.76,6.87,393600,6.87
2014-10-13,7.08,7.16,6.80,6.87,461000,6.87
2014-10-10,7.00,7.26,6.82,7.04,531600,7.04
2014-10-09,7.67,7.87,6.90,7.00,1144100,7.00
2014-10-08,7.56,7.76,7.25,7.70,507600,7.70
2014-10-07,7.55,7.71,7.44,7.61,419600,7.61
2014-10-06,8.26,8.36,7.60,7.62,689700,7.62
2014-10-03,8.59,8.62,8.14,8.21,396300,8.21
2014-10-02,7.72,8.62,7.70,8.49,622500,8.49
2014-10-01,8.16,8.36,7.66,7.69,783900,7.69
2014-09-30,8.84,8.92,8.19,8.20,435400,8.20
2014-09-29,9.07,9.34,8.70,8.83,383100,8.83
2014-09-26,9.09,9.38,8.95,9.24,377000,9.24
2014-09-25,9.25,9.27,8.82,9.01,371800,9.01
2014-09-24,8.50,9.37,8.50,9.27,632100,9.27
2014-09-23,8.06,8.51,8.06,8.48,383600,8.48
2014-09-22,8.34,8.34,8.02,8.10,304800,8.10
2014-09-19,8.89,8.96,8.32,8.40,478100,8.40
2014-09-18,8.67,8.91,8.61,8.81,309600,8.81
2014-09-17,8.95,9.00,8.51,8.60,410100,8.60
2014-09-16,8.86,9.01,8.52,8.86,516600,8.86
2014-09-15,9.85,9.85,8.81,8.89,523100,8.89
2014-09-12,9.67,10.11,9.65,9.89,985200,9.89
2014-09-11,8.97,9.76,8.85,9.67,1092600,9.67
2014-09-10,8.10,9.20,8.05,9.04,1282200,9.04
2014-09-09,8.13,8.29,7.92,8.10,295400,8.10
2014-09-08,7.83,8.23,7.78,8.19,219400,8.19
2014-09-05,7.74,7.85,7.55,7.83,161000,7.83
2014-09-04,8.04,8.10,7.74,7.78,169300,7.78
2014-09-03,8.22,8.22,7.92,8.03,182800,8.03
2014-09-02,7.94,8.23,7.94,8.15,373800,8.15
2014-08-29,7.90,8.14,7.83,8.13,202900,8.13
2014-08-28,7.90,8.11,7.86,7.88,186800,7.88
2014-08-27,7.86,8.10,7.77,7.99,160900,7.99
2014-08-26,7.47,7.93,7.40,7.87,288900,7.87
2014-08-25,7.66,7.80,7.47,7.47,173100,7.47
2014-08-22,7.69,7.82,7.52,7.62,144600,7.62
2014-08-21,7.78,7.81,7.39,7.71,265700,7.71
2014-08-20,7.80,8.01,7.71,7.77,236000,7.77
2014-08-19,7.83,7.96,7.73,7.84,243200,7.84
2014-08-18,7.86,7.99,7.64,7.82,357000,7.82
2014-08-15,7.65,7.85,7.46,7.76,386500,7.76
2014-08-14,7.38,7.56,7.28,7.56,234800,7.56
2014-08-13,7.26,7.44,7.24,7.39,207900,7.39
2014-08-12,7.48,7.50,7.18,7.25,310000,7.25
2014-08-11,7.04,7.61,6.93,7.51,566100,7.51
2014-08-08,6.89,6.99,6.77,6.95,193600,6.95
2014-08-07,6.89,7.04,6.73,6.83,294700,6.83
2014-08-06,6.66,6.91,6.64,6.90,284500,6.90
2014-08-05,6.64,6.98,6.60,6.71,424600,6.71
2014-08-04,6.84,6.98,6.54,6.70,445300,6.70
2014-08-01,6.91,7.06,6.42,6.79,1245000,6.79
2014-07-31,7.15,7.85,6.86,7.06,690500,7.06
2014-07-30,7.36,7.47,7.23,7.30,461600,7.30
2014-07-29,7.23,7.45,7.14,7.38,225200,7.38
2014-07-28,7.32,7.39,7.05,7.22,501800,7.22
2014-07-25,7.45,7.48,7.20,7.31,482800,7.31
2014-07-24,7.64,7.69,7.48,7.49,363800,7.49
2014-07-23,7.83,7.83,7.55,7.59,242300,7.59
2014-07-22,7.91,8.01,7.69,7.77,432700,7.77
2014-07-21,7.82,7.91,7.70,7.86,360100,7.86
2014-07-18,7.42,7.92,7.29,7.87,487700,7.87
2014-07-17,7.79,7.94,7.41,7.44,593700,7.44
2014-07-16,7.94,8.09,7.79,7.83,339300,7.83
2014-07-15,8.14,8.22,7.88,7.90,380600,7.90
2014-07-14,8.13,8.18,7.93,8.12,277900,8.12
2014-07-11,7.97,8.16,7.97,8.04,230800,8.04
2014-07-10,7.78,8.18,7.72,8.00,527100,8.00
2014-07-09,7.85,8.17,7.79,8.07,519800,8.07
2014-07-08,8.03,8.04,7.66,7.79,781000,7.79
2014-07-07,8.52,8.75,7.93,8.04,961500,8.04
2014-07-03,8.40,8.61,8.31,8.58,338300,8.58
2014-07-02,8.57,8.65,8.32,8.38,534000,8.38
2014-07-01,8.65,8.81,8.32,8.53,743200,8.53
2014-06-30,8.48,8.83,8.37,8.65,761100,8.65
2014-06-27,8.80,8.99,8.15,8.50,6328800,8.50
2014-06-26,8.74,9.05,8.61,8.90,490000,8.90
2014-06-25,8.73,9.04,8.63,8.77,526700,8.77
2014-06-24,9.30,9.30,8.53,8.80,1318200,8.80
2014-06-23,9.51,9.65,8.92,9.27,976400,9.27
2014-06-20,9.25,9.57,9.05,9.43,1028000,9.43
2014-06-19,9.00,9.98,8.96,9.21,3173000,9.21
2014-06-18,8.36,8.50,8.19,8.35,291100,8.35
2014-06-17,8.49,8.61,8.26,8.37,357400,8.37
2014-06-16,8.37,8.61,8.33,8.51,383100,8.51
2014-06-13,8.41,8.55,8.30,8.42,406500,8.42
2014-06-12,8.35,8.77,8.31,8.40,659600,8.40
2014-06-11,8.16,8.44,8.11,8.38,394900,8.38
2014-06-10,7.91,8.29,7.76,8.21,373000,8.21
2014-06-09,8.32,8.32,7.89,7.90,680000,7.90
2014-06-06,8.45,8.46,8.11,8.31,556100,8.31
2014-06-05,7.93,8.44,7.85,8.39,1042300,8.39
2014-06-04,7.42,7.95,7.35,7.83,602600,7.83
2014-06-03,7.36,7.74,7.25,7.44,798200,7.44
2014-06-02,6.90,7.57,6.85,7.46,968200,7.46
2014-05-30,6.85,6.88,6.70,6.86,301000,6.86
2014-05-29,6.93,6.95,6.80,6.84,304600,6.84
2014-05-28,7.30,7.34,6.83,6.92,359800,6.92
2014-05-27,6.97,7.33,6.92,7.29,635300,7.29
2014-05-23,6.78,6.96,6.64,6.88,212200,6.88
2014-05-22,6.76,6.78,6.54,6.75,321600,6.75
2014-05-21,6.80,6.99,6.65,6.76,333300,6.76
2014-05-20,7.15,7.19,6.75,6.77,360500,6.77
2014-05-19,6.53,7.55,6.53,7.22,1101100,7.22
2014-05-16,6.70,6.70,6.25,6.55,524600,6.55
2014-05-15,6.79,6.88,6.58,6.70,340000,6.70
2014-05-14,6.84,6.94,6.75,6.91,222100,6.91
2014-05-13,6.86,7.16,6.80,6.86,418000,6.86
2014-05-12,6.41,7.19,6.27,6.80,706000,6.80
2014-05-09,6.47,6.88,6.35,6.86,700800,6.86
2014-05-08,6.52,6.88,6.41,6.47,798200,6.47
2014-05-07,6.95,7.14,6.51,6.58,810200,6.58
2014-05-06,7.51,7.52,6.83,6.93,553200,6.93
2014-05-05,7.41,7.72,7.20,7.59,505100,7.59
2014-05-02,7.52,7.65,7.19,7.50,751700,7.50
2014-05-01,8.25,8.47,7.32,7.52,1122400,7.52
2014-04-30,8.52,8.57,7.98,8.19,568200,8.19
2014-04-29,8.57,8.69,8.35,8.54,286700,8.54
2014-04-28,8.68,8.98,8.40,8.48,382300,8.48
2014-04-25,9.02,9.02,8.55,8.65,347900,8.65
2014-04-24,9.31,9.43,8.97,9.07,342300,9.07
2014-04-23,9.32,9.34,9.07,9.24,292600,9.24
2014-04-22,9.13,9.39,9.04,9.29,394600,9.29
2014-04-21,8.87,9.62,8.75,9.31,488700,9.31
2014-04-17,8.73,9.13,8.51,9.05,773000,9.05
2014-04-16,8.22,9.04,8.17,8.85,1070400,8.85
2014-04-15,8.73,8.83,7.56,8.16,1526900,8.16
2014-04-14,9.13,9.20,8.42,8.60,1175600,8.60
2014-04-11,9.74,9.75,9.13,9.19,1075000,9.19
2014-04-10,10.60,10.90,9.82,9.86,1040000,9.86
2014-04-09,11.10,11.50,10.56,10.79,1672300,10.79
2014-04-08,10.50,10.57,10.06,10.21,722000,10.21
2014-04-07,10.91,11.38,10.34,10.55,733500,10.55
2014-04-04,12.28,12.28,10.67,10.91,1062100,10.91
2014-04-03,11.99,12.00,11.14,11.55,1127400,11.55
2014-04-02,11.64,12.44,11.34,12.06,1325900,12.06
2014-04-01,10.66,11.67,10.51,11.53,988000,11.53
2014-03-31,9.74,11.00,9.74,10.67,983900,10.67
2014-03-28,9.51,9.85,9.48,9.67,206700,9.67
2014-03-27,9.30,9.72,9.23,9.53,349100,9.53
2014-03-26,9.52,9.73,9.20,9.36,325400,9.36
2014-03-25,9.69,9.89,9.41,9.45,325900,9.45
2014-03-24,10.02,10.32,9.24,9.70,603000,9.70
2014-03-21,10.38,10.53,10.01,10.06,501900,10.06
2014-03-20,10.25,10.45,10.10,10.23,292900,10.23
2014-03-19,10.50,11.26,10.16,10.28,907500,10.28
2014-03-18,9.50,10.40,9.43,9.95,570800,9.95
2014-03-17,10.27,10.38,9.41,9.47,1036700,9.47
2014-03-14,10.48,10.79,10.04,10.18,582400,10.18
2014-03-13,10.40,11.16,10.38,10.59,1364200,10.59
2014-03-12,11.10,11.38,10.30,11.16,1133100,11.16
2014-03-11,11.00,12.74,10.45,11.03,4614800,11.03
2014-03-10,9.31,9.50,9.06,9.41,222500,9.41
2014-03-07,9.08,9.44,9.08,9.35,235400,9.35
2014-03-06,9.04,9.11,8.90,9.09,340200,9.09
2014-03-05,9.44,9.67,8.92,9.07,435400,9.07
2014-03-04,9.42,9.66,9.25,9.32,174000,9.32
2014-03-03,9.54,9.69,9.14,9.23,463500,9.23
2014-02-28,10.02,10.10,9.62,9.96,428200,9.96
2014-02-27,9.11,10.05,9.10,9.98,770700,9.98
2014-02-26,9.08,9.16,8.92,9.09,332900,9.09
2014-02-25,9.12,9.27,8.92,9.03,149100,9.03
2014-02-24,8.87,9.72,8.83,9.17,436700,9.17
2014-02-21,8.90,9.11,8.71,8.77,304500,8.77
2014-02-20,8.44,9.18,8.22,8.90,426300,8.90
2014-02-19,9.05,9.31,8.18,8.49,734400,8.49
2014-02-18,9.94,9.98,9.00,9.00,637900,9.00
2014-02-14,9.89,10.10,9.62,9.78,704900,9.78
2014-02-13,9.85,10.62,9.21,9.88,1753500,9.88
2014-02-12,7.77,10.10,7.77,9.69,1870100,9.69
2014-02-11,8.77,8.88,7.75,7.76,442100,7.76
2014-02-10,8.11,8.65,8.01,8.63,364100,8.63
2014-02-07,7.84,8.49,7.83,8.05,730700,8.05
2014-02-06,7.72,7.95,7.59,7.75,70100,7.75
2014-02-05,8.04,8.10,7.55,7.66,138500,7.66
2014-02-04,7.62,8.00,7.41,7.98,297400,7.98
2014-02-03,7.93,8.19,7.44,7.59,249700,7.59
2014-01-31,7.19,8.06,7.09,7.94,524100,7.94
2014-01-30,7.11,7.48,6.60,7.33,215900,7.33
2014-01-29,7.12,7.14,6.81,7.01,182800,7.01
2014-01-28,7.09,7.23,6.89,7.11,225400,7.11
2014-01-27,7.26,7.29,6.62,6.99,341800,6.99
2014-01-24,7.30,7.64,7.17,7.30,278500,7.30
2014-01-23,7.06,7.40,6.86,7.40,209000,7.40
2014-01-22,6.99,7.17,6.93,7.07,73200,7.07
2014-01-21,7.39,7.40,6.81,7.03,239500,7.03
2014-01-17,7.10,7.42,7.06,7.30,172200,7.30
2014-01-16,7.16,7.26,6.73,7.06,244600,7.06
2014-01-15,6.52,7.50,6.50,7.04,774200,7.04
2014-01-14,5.71,6.68,5.71,6.67,390400,6.67
2014-01-13,5.66,5.70,5.55,5.69,128600,5.69
2014-01-10,5.52,5.70,5.45,5.63,125300,5.63
2014-01-09,5.33,5.57,5.24,5.50,187500,5.50
2014-01-08,5.20,5.42,5.17,5.26,169800,5.26
2014-01-07,5.10,5.27,5.10,5.20,270700,5.20
2014-01-06,5.15,5.26,5.10,5.20,213100,5.20
2014-01-03,5.15,5.20,5.12,5.15,106500,5.15
2014-01-02,5.26,5.26,5.10,5.16,136300,5.16
2013-12-31,5.04,5.14,4.99,5.06,44800,5.06
2013-12-30,5.00,5.12,4.91,5.05,37400,5.05
2013-12-27,5.12,5.19,4.96,5.00,48600,5.00
2013-12-26,5.17,5.24,4.96,5.07,72300,5.07
2013-12-24,4.98,5.27,4.98,5.18,51100,5.18
2013-12-23,4.80,5.38,4.75,4.98,321800,4.98
2013-12-20,4.41,4.71,4.33,4.71,147900,4.71
2013-12-19,4.44,4.52,4.37,4.42,60200,4.42
2013-12-18,4.30,4.53,4.23,4.38,44300,4.38
2013-12-17,4.49,4.54,4.31,4.31,48200,4.31
2013-12-16,4.50,4.50,4.43,4.47,68800,4.47
2013-12-13,4.43,4.50,4.40,4.46,17500,4.46
2013-12-12,4.40,4.50,4.29,4.45,60700,4.45
2013-12-11,4.56,4.56,4.43,4.43,144700,4.43
2013-12-10,4.24,4.60,4.21,4.55,372900,4.55
2013-12-09,4.05,4.22,4.04,4.21,120400,4.21
2013-12-06,4.05,4.19,4.04,4.15,70600,4.15
2013-12-05,4.17,4.21,4.03,4.04,43400,4.04
2013-12-04,4.10,4.18,3.93,4.18,122600,4.18
2013-12-03,4.16,4.60,4.06,4.16,895500,4.16
2013-12-02,4.17,4.21,4.14,4.21,39500,4.21
2013-11-29,4.20,4.21,4.14,4.21,7700,4.21
2013-11-27,4.13,4.20,4.10,4.20,33000,4.20
2013-11-26,4.10,4.17,4.10,4.13,41600,4.13
2013-11-25,4.11,4.21,4.06,4.15,36000,4.15
2013-11-22,4.08,4.15,4.04,4.15,25800,4.15
2013-11-21,3.99,4.20,3.95,4.12,92200,4.12
2013-11-20,4.11,4.11,3.95,3.97,86100,3.97
2013-11-19,4.13,4.15,3.97,4.10,71200,4.10
2013-11-18,4.16,4.21,4.02,4.10,256000,4.10
2013-11-15,4.05,4.14,3.94,4.14,104300,4.14
2013-11-14,4.09,4.13,3.91,4.05,65900,4.05
2013-11-13,4.30,4.30,3.88,4.11,231100,4.11
2013-11-12,4.04,4.88,3.86,4.31,587800,4.31
2013-11-11,4.00,4.10,3.88,4.00,37100,4.00
2013-11-08,4.01,4.06,3.98,3.98,52900,3.98
2013-11-07,3.96,4.14,3.93,4.03,98700,4.03
2013-11-06,4.06,4.07,3.86,3.91,55100,3.91
2013-11-05,3.94,4.07,3.85,4.05,87800,4.05
2013-11-04,3.70,4.00,3.68,3.99,161300,3.99
2013-11-01,3.70,3.77,3.66,3.71,36700,3.71
2013-10-31,3.79,3.79,3.61,3.70,109100,3.70
2013-10-30,3.84,3.90,3.77,3.79,59900,3.79
2013-10-29,3.88,3.90,3.65,3.85,450400,3.85
2013-10-28,3.74,3.92,3.70,3.86,70700,3.86
2013-10-25,3.73,3.74,3.60,3.70,70600,3.70
2013-10-24,3.69,3.74,3.56,3.73,121200,3.73
2013-10-23,3.67,3.74,3.63,3.68,109600,3.68
2013-10-22,4.05,4.07,3.71,3.73,155500,3.73
2013-10-21,4.10,4.15,3.85,3.98,166400,3.98
2013-10-18,4.20,4.22,4.14,4.20,68400,4.20
2013-10-17,4.14,4.40,4.04,4.20,225900,4.20
2013-10-16,3.70,4.23,3.65,4.15,255400,4.15
2013-10-15,3.65,3.70,3.60,3.70,37400,3.70
2013-10-14,3.43,3.64,3.43,3.62,76200,3.62
2013-10-11,3.55,3.55,3.44,3.52,14600,3.52
2013-10-10,3.40,3.55,3.27,3.54,131200,3.54
2013-10-09,3.42,3.48,3.36,3.38,83500,3.38
2013-10-08,3.72,3.75,3.42,3.42,67900,3.42
2013-10-07,3.40,3.70,3.35,3.70,108300,3.70
2013-10-04,3.41,3.46,3.40,3.46,11800,3.46
2013-10-03,3.47,3.47,3.40,3.41,30800,3.41
2013-10-02,3.53,3.57,3.44,3.47,28100,3.47
2013-10-01,3.50,3.64,3.45,3.58,44300,3.58
2013-09-30,3.58,3.63,3.53,3.53,29200,3.53
2013-09-27,3.54,3.65,3.54,3.63,28700,3.63
2013-09-26,3.54,3.58,3.51,3.57,42700,3.57
2013-09-25,3.56,3.58,3.45,3.56,35700,3.56
2013-09-24,3.65,3.67,3.45,3.55,38100,3.55
2013-09-23,3.55,3.65,3.41,3.65,99500,3.65
2013-09-20,3.48,3.58,3.40,3.58,46800,3.58
2013-09-19,3.52,3.58,3.39,3.50,42300,3.50
2013-09-18,3.58,3.58,3.42,3.50,67200,3.50
2013-09-17,3.45,3.60,3.45,3.56,41200,3.56
2013-09-16,3.49,3.51,3.41,3.48,58400,3.48
2013-09-13,3.37,3.48,3.37,3.43,7200,3.43
2013-09-12,3.40,3.50,3.27,3.40,72300,3.40
2013-09-11,3.40,3.45,3.35,3.39,21100,3.39
2013-09-10,3.33,3.40,3.24,3.33,31900,3.33
2013-09-09,3.45,3.45,3.31,3.36,38900,3.36
2013-09-06,3.42,3.50,3.38,3.41,46600,3.41
2013-09-05,3.25,3.43,3.22,3.36,47500,3.36
2013-09-04,3.23,3.31,3.17,3.27,32500,3.27
2013-09-03,3.13,3.32,3.12,3.21,44400,3.21
2013-08-30,3.20,3.25,3.15,3.21,24200,3.21
2013-08-29,3.31,3.34,3.22,3.23,21700,3.23
2013-08-28,3.19,3.34,3.07,3.32,109800,3.32
2013-08-27,3.09,3.22,3.09,3.19,51200,3.19
2013-08-26,3.26,3.27,3.18,3.20,52000,3.20
2013-08-23,3.14,3.30,3.06,3.21,42700,3.21
2013-08-22,3.14,3.21,3.08,3.17,10300,3.17
2013-08-21,3.08,3.24,3.08,3.11,35700,3.11
2013-08-20,2.99,3.13,2.97,3.12,67300,3.12
2013-08-19,3.04,3.05,2.95,3.02,87700,3.02
2013-08-16,3.23,3.23,2.95,3.02,199000,3.02
2013-08-15,3.35,3.35,3.19,3.19,72800,3.19
2013-08-14,3.44,3.54,3.28,3.41,88000,3.41
2013-08-13,3.28,3.55,3.25,3.36,180300,3.36
2013-08-12,3.27,3.34,3.10,3.25,58200,3.25
2013-08-09,3.32,3.41,3.20,3.25,72000,3.25
2013-08-08,3.23,3.38,3.19,3.31,53500,3.31
2013-08-07,3.45,3.47,3.24,3.25,124500,3.25
2013-08-06,3.22,3.53,3.20,3.43,235000,3.43
2013-08-05,3.70,3.72,3.17,3.23,397000,3.23
2013-08-02,2.75,3.84,2.69,3.78,1956500,3.78
2013-08-01,2.64,2.84,2.60,2.77,181800,2.77
2013-07-31,2.71,2.81,2.61,2.64,130300,2.64
2013-07-30,2.67,2.88,2.60,2.67,138800,2.67
2013-07-29,2.62,2.71,2.59,2.66,92900,2.66
2013-07-26,2.44,3.03,2.44,2.65,1231300,2.65
2013-07-25,2.50,2.54,2.47,2.52,121900,2.52
2013-07-24,2.50,2.50,2.40,2.43,24500,2.43
2013-07-23,2.51,2.55,2.36,2.51,52800,2.51
2013-07-22,2.31,2.70,2.31,2.48,214100,2.48
2013-07-19,2.20,2.35,2.20,2.35,77600,2.35
2013-07-18,2.18,2.21,2.15,2.20,233700,2.20
2013-07-17,2.16,2.20,2.16,2.20,45300,2.20
2013-07-16,2.18,2.21,2.18,2.18,30400,2.18
2013-07-15,2.20,2.21,2.16,2.20,108200,2.20
2013-07-12,2.12,2.20,2.11,2.20,46400,2.20
2013-07-11,2.13,2.21,2.09,2.19,62700,2.19
2013-07-10,2.11,2.12,2.04,2.10,11400,2.10
2013-07-09,2.12,2.17,2.10,2.10,95000,2.10
2013-07-08,2.15,2.21,2.06,2.13,36300,2.13
2013-07-05,2.15,2.19,2.14,2.16,11600,2.16
2013-07-03,2.17,2.17,2.10,2.10,25900,2.10
2013-07-02,2.16,2.21,2.10,2.15,102000,2.15
2013-07-01,2.16,2.22,2.13,2.18,94400,2.18
2013-06-28,2.08,2.18,1.99,2.18,145900,2.18
2013-06-27,2.10,2.13,1.91,2.10,72300,2.10
2013-06-26,2.04,2.13,1.93,2.06,124600,2.06
2013-06-25,1.87,2.05,1.87,1.92,46100,1.92
2013-06-24,1.92,1.94,1.81,1.86,54400,1.86
2013-06-21,2.00,2.02,1.92,1.95,67100,1.95
2013-06-20,2.11,2.11,1.93,2.01,69700,2.01
2013-06-19,2.13,2.15,2.08,2.13,24000,2.13
2013-06-18,2.22,2.23,2.11,2.12,121400,2.12
2013-06-17,2.21,2.24,2.15,2.21,157600,2.21
2013-06-14,2.15,2.21,2.13,2.18,72300,2.18
2013-06-13,2.08,2.12,2.08,2.11,27600,2.11
2013-06-12,2.15,2.15,2.08,2.10,38000,2.10
2013-06-11,2.20,2.20,2.09,2.10,54400,2.10
2013-06-10,2.21,2.22,2.15,2.15,67200,2.15
2013-06-07,2.10,2.26,2.10,2.20,185600,2.20
2013-06-06,2.05,2.15,2.05,2.13,116700,2.13
2013-06-05,2.10,2.11,2.01,2.03,271500,2.03
2013-06-04,2.04,2.10,2.00,2.08,174500,2.08
2013-06-03,2.10,2.11,2.04,2.06,118400,2.06
2013-05-31,2.03,2.10,1.98,2.07,83600,2.07
2013-05-30,2.07,2.07,1.94,2.00,29400,2.00
2013-05-29,1.93,2.08,1.93,2.04,46500,2.04
2013-05-28,1.93,1.95,1.91,1.93,115200,1.93
2013-05-24,1.95,1.95,1.81,1.90,100500,1.90
2013-05-23,1.98,2.01,1.93,1.95,51500,1.95
2013-05-22,2.02,2.03,2.00,2.01,40200,2.01
2013-05-21,2.09,2.09,1.97,2.02,77800,2.02
2013-05-20,2.10,2.12,2.08,2.11,27500,2.11
2013-05-17,2.09,2.13,2.08,2.09,22000,2.09
2013-05-16,2.14,2.14,2.08,2.10,30100,2.10
2013-05-15,2.20,2.21,2.10,2.18,48500,2.18
2013-05-14,2.12,2.24,2.11,2.19,277600,2.19
2013-05-13,2.01,2.12,2.01,2.10,141300,2.10
2013-05-10,1.99,2.08,1.99,2.05,325300,2.05
2013-05-09,2.00,2.02,1.94,1.98,229400,1.98
2013-05-08,2.03,2.03,1.94,1.99,118100,1.99
2013-05-07,2.00,2.13,2.00,2.05,43700,2.05
2013-05-06,2.05,2.11,2.04,2.04,41000,2.04
2013-05-03,2.01,2.06,2.01,2.05,21500,2.05
2013-05-02,2.06,2.08,1.99,2.00,88700,2.00
2013-05-01,1.95,2.10,1.95,2.06,155600,2.06
2013-04-30,2.04,2.08,2.03,2.05,40700,2.05
2013-04-29,1.96,2.16,1.96,2.04,570900,2.04
2013-04-26,1.99,1.99,1.91,1.93,322400,1.93
2013-04-25,1.95,2.08,1.95,1.97,1024500,1.97
2013-04-24,1.94,2.05,1.90,1.90,104900,1.90
2013-04-23,2.00,2.02,1.98,2.00,38100,2.00
2013-04-22,2.02,2.02,1.92,1.99,38000,1.99
2013-04-19,2.06,2.10,2.03,2.03,31400,2.03
2013-04-18,2.09,2.16,2.05,2.07,17600,2.07
2013-04-17,2.08,2.12,2.05,2.06,41600,2.06
2013-04-16,2.10,2.10,2.05,2.07,42500,2.07
2013-04-15,2.10,2.10,2.04,2.05,32000,2.05
2013-04-12,2.18,2.18,2.10,2.11,394600,2.11
2013-04-11,2.06,2.23,2.03,2.15,484400,2.15
2013-04-10,2.08,2.11,2.04,2.04,159400,2.04
2013-04-09,2.00,2.10,2.00,2.08,43200,2.08
2013-04-08,2.00,2.10,1.95,2.02,84400,2.02
2013-04-05,2.04,2.12,2.04,2.08,61300,2.08
2013-04-04,2.08,2.10,2.06,2.06,14100,2.06
2013-04-03,2.11,2.17,2.05,2.10,123800,2.10
2013-04-02,2.09,2.13,2.07,2.08,20600,2.08
2013-04-01,2.14,2.15,2.07,2.11,174300,2.11
2013-03-28,2.06,2.16,2.03,2.11,71000,2.11
2013-03-27,2.20,2.20,2.05,2.07,121800,2.07
2013-03-26,2.23,2.25,2.14,2.20,86800,2.20
2013-03-25,2.34,2.34,2.20,2.25,165200,2.25
2013-03-22,2.29,2.39,2.26,2.36,242800,2.36
2013-03-21,2.33,2.36,2.26,2.28,2455600,2.28
2013-03-20,2.24,2.34,2.24,2.33,67100,2.33
2013-03-19,2.33,2.40,2.24,2.26,148400,2.26
2013-03-18,2.20,2.39,2.09,2.36,323700,2.36
2013-03-15,2.67,2.67,2.10,2.20,804900,2.20
2013-03-14,2.75,2.82,2.66,2.79,110800,2.79
2013-03-13,2.75,2.78,2.65,2.71,105500,2.71
2013-03-12,2.80,2.84,2.71,2.75,116800,2.75
2013-03-11,2.80,2.94,2.73,2.77,348800,2.77
2013-03-08,2.59,2.80,2.53,2.77,474400,2.77
2013-03-07,2.48,2.63,2.48,2.59,115700,2.59
2013-03-06,2.41,2.50,2.38,2.48,167700,2.48
2013-03-05,2.42,2.49,2.33,2.43,446700,2.43
2013-03-04,2.43,2.50,2.21,2.40,236000,2.40
2013-03-01,2.66,2.68,2.22,2.41,241600,2.41
2013-02-28,2.35,2.57,2.35,2.41,145500,2.41
2013-02-27,2.32,2.40,2.25,2.35,341200,2.35
2013-02-26,2.41,2.45,2.31,2.33,128400,2.33
2013-02-25,2.36,2.48,2.36,2.39,529300,2.39
2013-02-22,2.22,2.38,2.18,2.35,373500,2.35
2013-02-21,2.18,2.24,2.16,2.22,186400,2.22
2013-02-20,2.19,2.20,2.10,2.17,146700,2.17
2013-02-19,2.20,2.28,2.12,2.18,60600,2.18
2013-02-15,2.12,2.38,2.02,2.22,422100,2.22
2013-02-14,2.12,2.18,2.10,2.17,102700,2.17
2013-02-13,2.15,2.18,2.10,2.13,100200,2.13
2013-02-12,2.18,2.20,2.11,2.17,114100,2.17
2013-02-11,2.05,2.25,2.05,2.15,171800,2.15
2013-02-08,2.19,2.25,2.09,2.11,171600,2.11
2013-02-07,2.10,2.22,1.90,2.20,183300,2.20
2013-02-06,1.89,2.14,1.89,2.11,307100,2.11
2013-02-05,1.83,1.91,1.82,1.89,93900,1.89
2013-02-04,1.80,1.82,1.78,1.82,39500,1.82
2013-02-01,1.80,1.82,1.73,1.78,98000,1.78
2013-01-31,1.73,1.82,1.73,1.77,31100,1.77
2013-01-30,1.80,1.80,1.73,1.77,38900,1.77
2013-01-29,1.73,1.80,1.73,1.79,32400,1.79
2013-01-28,1.69,1.80,1.63,1.75,131000,1.75
2013-01-25,1.66,1.69,1.53,1.66,189000,1.66
2013-01-24,1.67,1.68,1.65,1.65,63200,1.65
2013-01-23,1.69,1.70,1.61,1.67,161100,1.67
2013-01-22,1.62,1.67,1.60,1.67,180600,1.67
2013-01-18,1.65,1.67,1.64,1.64,80400,1.64
2013-01-17,1.69,1.69,1.62,1.65,58300,1.65
2013-01-16,1.67,1.72,1.67,1.68,80900,1.68
2013-01-15,1.70,1.72,1.65,1.66,57600,1.66
2013-01-14,1.69,1.77,1.65,1.67,73400,1.67
2013-01-11,1.74,1.78,1.70,1.70,25200,1.70
2013-01-10,1.70,1.75,1.70,1.72,35700,1.72
2013-01-09,1.72,1.75,1.71,1.71,19500,1.71
2013-01-08,1.75,1.76,1.72,1.72,12300,1.72
2013-01-07,1.77,1.82,1.75,1.76,36500,1.76
2013-01-04,1.73,1.79,1.73,1.77,20800,1.77
2013-01-03,1.73,1.82,1.67,1.75,83900,1.75
2013-01-02,1.69,1.75,1.61,1.75,53700,1.75
2012-12-31,1.62,1.68,1.60,1.68,100100,1.68
2012-12-28,1.63,1.67,1.56,1.62,103300,1.62
2012-12-27,1.67,1.68,1.55,1.61,276000,1.61
2012-12-26,1.70,1.70,1.61,1.64,103200,1.64
2012-12-24,1.70,1.76,1.66,1.70,72300,1.70
2012-12-21,1.72,1.78,1.68,1.74,123400,1.74
2012-12-20,1.74,1.77,1.69,1.72,204900,1.72
2012-12-19,1.75,1.79,1.68,1.75,64800,1.75
2012-12-18,1.74,1.79,1.71,1.74,174600,1.74
2012-12-17,1.73,1.78,1.69,1.74,139500,1.74
2012-12-14,1.75,1.77,1.70,1.74,258300,1.74
2012-12-13,1.75,1.77,1.74,1.75,42400,1.75
2012-12-12,1.76,1.80,1.70,1.75,134800,1.75
2012-12-11,1.84,1.84,1.71,1.76,53600,1.76
2012-12-10,1.82,1.89,1.77,1.83,96700,1.83
2012-12-07,1.82,1.88,1.74,1.82,44500,1.82
2012-12-06,1.90,1.95,1.82,1.82,75900,1.82
2012-12-05,1.73,1.93,1.71,1.88,209400,1.88
2012-12-04,1.72,1.76,1.65,1.73,266200,1.73
2012-12-03,1.74,1.77,1.69,1.71,49000,1.71
2012-11-30,1.69,1.74,1.67,1.73,900200,1.73
2012-11-29,1.75,1.76,1.68,1.70,50200,1.70
2012-11-28,1.70,1.77,1.70,1.72,44800,1.72
2012-11-27,1.73,1.84,1.70,1.70,62600,1.70
2012-11-26,1.73,1.84,1.70,1.71,49800,1.71
2012-11-23,1.77,1.80,1.71,1.73,59900,1.73
2012-11-21,1.69,1.80,1.67,1.72,156200,1.72
2012-11-20,1.70,1.70,1.65,1.67,29200,1.67
2012-11-19,1.78,1.78,1.65,1.71,53600,1.71
2012-11-16,1.76,1.83,1.70,1.72,956500,1.72
2012-11-15,1.79,1.87,1.75,1.75,125200,1.75
2012-11-14,1.85,1.85,1.79,1.80,12600,1.80
2012-11-13,1.81,1.89,1.81,1.85,23000,1.85
2012-11-12,1.73,1.84,1.67,1.80,102200,1.80
2012-11-09,1.74,1.80,1.66,1.74,46500,1.74
2012-11-08,1.86,1.87,1.65,1.73,97800,1.73
2012-11-07,1.72,1.73,1.67,1.67,48600,1.67
2012-11-06,1.71,1.75,1.70,1.72,74100,1.72
2012-11-05,1.83,1.84,1.70,1.71,97200,1.71
2012-11-02,1.79,1.83,1.74,1.80,29200,1.80
2012-11-01,1.77,1.86,1.74,1.79,56200,1.79
2012-10-31,1.77,1.82,1.73,1.74,118700,1.74
2012-10-26,1.77,1.88,1.77,1.79,32700,1.79
2012-10-25,1.88,1.91,1.80,1.80,48400,1.80
2012-10-24,1.86,1.89,1.80,1.89,50100,1.89
2012-10-23,1.88,1.98,1.81,1.83,162300,1.83
2012-10-22,1.92,1.98,1.86,1.92,26500,1.92
2012-10-19,1.92,1.95,1.86,1.90,74400,1.90
2012-10-18,1.92,1.97,1.90,1.92,21700,1.92
2012-10-17,1.93,1.96,1.86,1.95,26500,1.95
2012-10-16,2.00,2.00,1.90,1.94,75500,1.94
2012-10-15,1.91,1.99,1.91,1.96,64900,1.96
2012-10-12,2.00,2.00,1.85,1.90,68700,1.90
2012-10-11,1.93,1.97,1.86,1.97,38700,1.97
2012-10-10,1.93,2.07,1.86,1.88,143900,1.88
2012-10-09,2.00,2.04,1.90,1.95,85400,1.95
2012-10-08,1.84,2.00,1.80,1.92,66000,1.92
2012-10-05,1.79,1.91,1.75,1.87,36600,1.87
2012-10-04,1.83,1.83,1.74,1.81,156000,1.81
2012-10-03,1.85,1.94,1.80,1.82,64900,1.82
2012-10-02,1.91,1.95,1.86,1.86,35000,1.86
2012-10-01,1.91,2.13,1.90,1.91,60900,1.91
2012-09-28,1.95,1.99,1.90,1.90,23100,1.90
2012-09-27,1.96,2.00,1.93,1.96,17000,1.96
2012-09-26,2.00,2.00,1.92,1.92,62000,1.92
2012-09-25,2.06,2.06,1.95,1.95,40200,1.95
2012-09-24,2.04,2.13,1.96,2.02,60200,2.02
2012-09-21,1.98,2.13,1.93,2.02,164000,2.02
2012-09-20,2.00,2.03,1.93,1.95,85100,1.95
2012-09-19,2.07,2.13,2.01,2.01,62700,2.01
2012-09-18,2.11,2.15,2.02,2.03,38400,2.03
2012-09-17,2.14,2.14,2.04,2.09,29900,2.09
2012-09-14,2.09,2.15,2.05,2.09,56000,2.09
2012-09-13,2.01,2.20,2.01,2.06,89700,2.06
2012-09-12,1.93,2.04,1.93,2.02,126800,2.02
2012-09-11,1.93,1.98,1.90,1.93,84200,1.93
2012-09-10,1.88,1.96,1.87,1.87,71900,1.87
2012-09-07,1.86,1.95,1.86,1.88,77900,1.88
2012-09-06,1.89,1.89,1.85,1.88,48500,1.88
2012-09-05,1.81,1.91,1.81,1.85,106400,1.85
2012-09-04,1.90,1.91,1.80,1.84,73300,1.84
2012-08-31,1.93,1.96,1.83,1.90,54600,1.90
2012-08-30,1.88,1.90,1.87,1.90,14700,1.90
2012-08-29,1.96,1.96,1.90,1.91,15700,1.91
2012-08-28,1.85,1.95,1.85,1.95,51300,1.95
2012-08-27,1.83,1.90,1.83,1.87,100300,1.87
2012-08-24,1.75,1.85,1.74,1.83,416700,1.83
2012-08-23,1.79,1.79,1.72,1.74,817100,1.74
2012-08-22,1.78,1.86,1.72,1.79,195100,1.79
2012-08-21,1.80,1.85,1.75,1.81,1145200,1.81
2012-08-20,1.88,1.91,1.80,1.82,41400,1.82
2012-08-17,1.91,1.94,1.80,1.88,128700,1.88
2012-08-16,1.88,1.93,1.85,1.91,37600,1.91
2012-08-15,1.88,1.92,1.86,1.86,43600,1.86
2012-08-14,2.00,2.01,1.85,1.87,67700,1.87
2012-08-13,2.00,2.00,1.93,1.98,73900,1.98
2012-08-10,2.05,2.05,1.96,1.98,57300,1.98
2012-08-09,2.08,2.11,2.00,2.05,80400,2.05
2012-08-08,2.21,2.25,2.06,2.11,35000,2.11
2012-08-07,2.20,2.30,2.17,2.25,71700,2.25
2012-08-06,2.04,2.17,2.03,2.16,83900,2.16
2012-08-03,2.10,2.11,2.04,2.05,34400,2.05
2012-08-02,2.03,2.09,2.01,2.02,24300,2.02
2012-08-01,2.05,2.09,2.01,2.02,39500,2.02
2012-07-31,2.06,2.12,2.02,2.06,28600,2.06
2012-07-30,2.11,2.16,2.02,2.05,18500,2.05
2012-07-27,2.11,2.20,2.06,2.09,48100,2.09
2012-07-26,2.13,2.21,2.10,2.10,17100,2.10
2012-07-25,2.04,2.16,2.02,2.10,35500,2.10
2012-07-24,2.11,2.12,2.01,2.02,103500,2.02
2012-07-23,2.30,2.34,2.14,2.14,77900,2.14
2012-07-20,2.24,2.32,2.21,2.29,30900,2.29
2012-07-19,2.39,2.39,2.23,2.26,22900,2.26
2012-07-18,2.18,2.27,2.18,2.27,42300,2.27
2012-07-17,2.32,2.33,2.16,2.18,68700,2.18
2012-07-16,2.39,2.41,2.32,2.35,25200,2.35
2012-07-13,2.40,2.45,2.37,2.40,12000,2.40
2012-07-12,2.37,2.45,2.29,2.38,131200,2.38
2012-07-11,2.39,2.39,2.32,2.34,19200,2.34
2012-07-10,2.45,2.45,2.34,2.36,62000,2.36
2012-07-09,2.53,2.53,2.42,2.45,82800,2.45
2012-07-06,2.56,2.59,2.48,2.50,55800,2.50
2012-07-05,2.47,2.65,2.45,2.59,156100,2.59
2012-07-03,2.41,2.47,2.40,2.46,45600,2.46
2012-07-02,2.36,2.45,2.32,2.41,91000,2.41
2012-06-29,2.39,2.39,2.29,2.35,58900,2.35
2012-06-28,2.26,2.34,2.19,2.32,75800,2.32
2012-06-27,2.21,2.36,2.16,2.27,88600,2.27
2012-06-26,2.23,2.27,2.19,2.21,69500,2.21
2012-06-25,2.15,2.36,2.03,2.21,236800,2.21
2012-06-22,2.10,2.24,2.07,2.10,5446500,2.10
2012-06-21,2.17,2.25,2.07,2.07,207400,2.07
2012-06-20,2.21,2.25,2.10,2.17,127900,2.17
2012-06-19,2.13,2.28,2.08,2.19,254600,2.19
2012-06-18,2.07,2.11,1.99,2.11,201600,2.11
2012-06-15,2.07,2.21,1.96,2.10,224800,2.10
2012-06-14,2.04,2.19,2.00,2.05,163400,2.05
2012-06-13,2.20,2.39,2.05,2.05,114300,2.05
2012-06-12,2.25,2.27,2.16,2.20,81800,2.20
2012-06-11,2.35,2.35,2.17,2.25,119700,2.25
2012-06-08,2.29,2.47,2.25,2.28,135500,2.28
2012-06-07,2.43,2.47,2.26,2.29,141000,2.29
2012-06-06,2.32,2.40,2.27,2.37,124100,2.37
2012-06-05,2.25,2.41,2.25,2.29,111900,2.29
2012-06-04,2.13,2.27,2.13,2.25,97600,2.25
2012-06-01,2.23,2.34,2.06,2.10,131200,2.10
2012-05-31,2.31,2.43,2.22,2.33,93000,2.33
2012-05-30,2.40,2.43,2.31,2.31,45000,2.31
2012-05-29,2.37,2.45,2.33,2.44,104100,2.44
2012-05-25,2.36,2.42,2.32,2.33,51300,2.33
2012-05-24,2.39,2.58,2.23,2.37,347200,2.37
2012-05-23,2.49,2.49,2.38,2.43,66900,2.43
2012-05-22,2.66,2.68,2.47,2.51,121900,2.51
2012-05-21,2.49,2.69,2.46,2.63,119300,2.63
2012-05-18,2.40,2.50,2.37,2.50,126200,2.50
2012-05-17,2.41,2.47,2.38,2.40,137900,2.40
2012-05-16,2.38,2.51,2.36,2.41,83000,2.41
2012-05-15,2.37,2.48,2.30,2.36,94700,2.36
2012-05-14,2.33,2.36,2.28,2.35,109000,2.35
2012-05-11,2.42,2.45,2.20,2.37,227700,2.37
2012-05-10,2.38,2.50,2.35,2.46,65000,2.46
2012-05-09,2.26,2.38,2.26,2.35,87700,2.35
2012-05-08,2.22,2.33,2.16,2.29,128400,2.29
2012-05-07,2.24,2.33,2.20,2.25,145800,2.25
2012-05-04,2.25,2.30,2.21,2.25,246800,2.25
2012-05-03,2.40,2.40,2.17,2.25,199500,2.25
2012-05-02,2.17,2.41,2.17,2.39,302200,2.39
2012-05-01,2.19,2.24,2.12,2.20,277000,2.20
2012-04-30,2.18,2.28,2.16,2.19,248200,2.19
2012-04-27,2.08,2.19,2.06,2.19,82000,2.19
2012-04-26,2.12,2.15,2.06,2.07,60000,2.07
2012-04-25,2.24,2.24,2.10,2.14,96700,2.14
2012-04-24,2.05,2.21,2.04,2.19,76800,2.19
2012-04-23,2.07,2.13,2.03,2.04,122000,2.04
2012-04-20,2.10,2.23,2.03,2.15,187200,2.15
2012-04-19,2.05,2.09,2.01,2.05,180400,2.05
2012-04-18,2.10,2.17,2.01,2.03,215000,2.03
2012-04-17,2.13,2.20,2.10,2.14,129100,2.14
2012-04-16,2.16,2.16,2.01,2.10,106100,2.10
2012-04-13,2.17,2.22,2.12,2.14,85100,2.14
2012-04-12,2.18,2.25,2.18,2.22,97500,2.22
2012-04-11,2.20,2.31,2.17,2.18,186000,2.18
2012-04-10,2.46,2.48,2.06,2.19,345400,2.19
2012-04-09,2.51,2.56,2.42,2.45,106000,2.45
2012-04-05,2.56,2.69,2.56,2.59,107900,2.59
2012-04-04,2.60,2.62,2.51,2.58,108500,2.58
2012-04-03,2.68,2.75,2.62,2.63,122400,2.63
2012-04-02,2.72,2.79,2.66,2.72,92000,2.72
2012-03-30,2.78,2.86,2.69,2.74,125300,2.74
2012-03-29,2.81,2.81,2.70,2.74,86000,2.74
2012-03-28,2.97,3.10,2.74,2.83,104800,2.83
2012-03-27,3.06,3.06,2.94,2.97,86600,2.97
2012-03-26,2.88,3.06,2.81,3.05,102900,3.05
2012-03-23,2.70,2.84,2.68,2.84,99800,2.84
2012-03-22,2.81,2.89,2.65,2.73,108400,2.73
2012-03-21,2.95,2.97,2.85,2.87,62800,2.87
2012-03-20,2.96,3.01,2.91,2.95,55000,2.95
2012-03-19,2.95,3.05,2.91,2.98,90100,2.98
2012-03-16,3.07,3.07,2.94,2.94,194000,2.94
2012-03-15,2.98,3.06,2.95,3.06,109000,3.06
2012-03-14,2.92,3.03,2.92,2.97,92400,2.97
2012-03-13,2.93,2.95,2.82,2.93,137800,2.93
2012-03-12,2.95,2.98,2.84,2.89,86600,2.89
2012-03-09,2.81,2.98,2.81,2.94,192700,2.94
2012-03-08,2.71,2.83,2.66,2.80,133000,2.80
2012-03-07,2.73,2.81,2.60,2.68,295600,2.68
2012-03-06,2.78,2.85,2.62,2.68,181100,2.68
2012-03-05,3.11,3.11,2.79,2.81,160700,2.81
2012-03-02,2.99,3.05,2.93,2.94,326300,2.94
2012-03-01,3.31,3.41,2.71,2.95,556600,2.95
2012-02-29,3.58,3.60,3.25,3.47,256200,3.47
2012-02-28,3.65,3.69,3.55,3.56,76400,3.56
2012-02-27,3.73,3.76,3.57,3.65,66200,3.65
2012-02-24,3.37,3.89,3.36,3.76,423400,3.76
2012-02-23,3.27,3.35,3.20,3.34,81600,3.34
2012-02-22,3.26,3.33,3.20,3.24,92300,3.24
2012-02-21,3.24,3.32,3.23,3.25,127500,3.25
2012-02-17,3.33,3.36,3.25,3.25,70800,3.25
2012-02-16,3.12,3.32,3.03,3.31,76800,3.31
2012-02-15,3.34,3.36,3.10,3.12,125300,3.12
2012-02-14,3.35,3.35,3.27,3.30,43300,3.30
2012-02-13,3.35,3.41,3.31,3.38,60500,3.38
2012-02-10,3.34,3.37,3.24,3.29,115100,3.29
2012-02-09,3.42,3.44,3.35,3.40,73000,3.40
2012-02-08,3.39,3.42,3.25,3.41,127300,3.41
2012-02-07,3.45,3.45,3.29,3.37,154300,3.37
2012-02-06,3.28,3.47,3.28,3.42,95900,3.42
2012-02-03,3.27,3.35,3.23,3.30,199700,3.30
2012-02-02,3.19,3.27,3.12,3.18,136300,3.18
2012-02-01,2.97,3.26,2.92,3.20,343000,3.20
2012-01-31,3.12,3.12,2.82,2.93,536900,2.93
2012-01-30,3.25,3.30,3.11,3.12,282300,3.12
2012-01-27,3.46,3.46,3.13,3.26,369500,3.26
2012-01-26,3.60,3.62,3.25,3.49,209500,3.49
2012-01-25,3.56,3.64,3.51,3.56,211800,3.56
2012-01-24,3.52,3.61,3.50,3.56,95900,3.56
2012-01-23,3.62,3.70,3.54,3.55,79600,3.55
2012-01-20,3.63,3.75,3.60,3.65,79400,3.65
2012-01-19,3.66,3.76,3.60,3.64,129200,3.64
2012-01-18,3.63,3.71,3.60,3.66,137600,3.66
2012-01-17,3.73,3.78,3.57,3.64,161800,3.64
2012-01-13,3.71,3.81,3.63,3.72,129600,3.72
2012-01-12,3.85,3.88,3.71,3.79,229000,3.79
2012-01-11,3.79,3.94,3.75,3.82,79700,3.82
2012-01-10,3.69,3.90,3.61,3.81,124000,3.81
2012-01-09,3.56,3.71,3.52,3.61,69000,3.61
2012-01-06,3.59,3.64,3.54,3.55,78400,3.55
2012-01-05,3.67,3.74,3.55,3.62,53700,3.62
2012-01-04,3.78,3.81,3.66,3.72,42900,3.72
2012-01-03,3.60,3.86,3.48,3.82,123700,3.82
2011-12-30,3.55,3.61,3.46,3.48,144900,3.48
2011-12-29,3.46,3.60,3.43,3.57,112300,3.57
2011-12-28,3.70,3.72,3.40,3.46,233100,3.46
2011-12-27,3.66,3.79,3.63,3.70,105600,3.70
2011-12-23,3.84,3.84,3.65,3.70,84600,3.70
2011-12-22,3.88,3.88,3.75,3.80,48800,3.80
2011-12-21,3.95,3.99,3.73,3.87,104900,3.87
2011-12-20,3.78,3.98,3.73,3.93,169400,3.93
2011-12-19,3.95,3.95,3.63,3.65,85900,3.65
2011-12-16,3.80,3.97,3.75,3.88,178600,3.88
2011-12-15,3.86,3.86,3.67,3.77,88500,3.77
2011-12-14,3.61,3.80,3.58,3.76,122000,3.76
2011-12-13,3.81,3.87,3.63,3.64,92500,3.64
2011-12-12,3.85,3.92,3.69,3.77,96500,3.77
2011-12-09,3.64,3.95,3.64,3.89,159900,3.89
2011-12-08,3.96,3.96,3.60,3.62,90100,3.62
2011-12-07,3.90,4.07,3.88,4.01,120600,4.01
2011-12-06,4.04,4.16,3.70,3.93,108000,3.93
2011-12-05,4.06,4.20,3.96,4.03,100800,4.03
2011-12-02,3.97,4.00,3.86,3.96,82800,3.96
2011-12-01,3.82,3.99,3.76,3.86,105100,3.86
2011-11-30,3.76,3.94,3.54,3.86,201700,3.86
2011-11-29,3.60,3.65,3.46,3.53,109200,3.53
2011-11-28,3.51,3.66,3.42,3.60,132000,3.60
2011-11-25,3.37,3.64,3.32,3.35,60000,3.35
2011-11-23,3.51,3.53,3.36,3.40,230900,3.40
2011-11-22,3.70,3.79,3.54,3.55,122600,3.55
2011-11-21,3.88,4.05,3.60,3.69,246000,3.69
2011-11-18,4.06,4.18,3.96,3.98,115700,3.98
2011-11-17,4.11,4.24,4.01,4.06,63600,4.06
2011-11-16,4.21,4.38,4.09,4.12,101300,4.12
2011-11-15,4.05,4.33,4.00,4.30,78400,4.30
2011-11-14,4.24,4.24,4.01,4.09,99700,4.09
2011-11-11,4.34,4.68,4.18,4.29,123600,4.29
2011-11-10,4.23,4.40,4.07,4.28,105300,4.28
2011-11-09,4.10,4.23,4.07,4.12,199900,4.12
2011-11-08,4.23,4.38,3.97,4.26,146300,4.26
2011-11-07,4.34,4.40,4.02,4.19,86900,4.19
2011-11-04,4.52,4.69,4.22,4.34,83400,4.34
2011-11-03,4.52,4.62,4.33,4.54,119300,4.54
2011-11-02,4.32,4.59,4.18,4.43,165400,4.43
2011-11-01,4.28,4.48,4.20,4.22,172100,4.22
2011-10-31,4.76,4.84,4.53,4.56,154900,4.56
2011-10-28,5.05,5.25,4.87,4.90,196600,4.90
2011-10-27,4.98,5.08,4.57,5.07,337500,5.07
2011-10-26,4.48,4.76,4.23,4.67,285300,4.67
2011-10-25,4.40,4.45,4.02,4.39,190800,4.39
2011-10-24,4.47,4.64,4.33,4.43,137500,4.43
2011-10-21,4.32,4.50,4.21,4.47,192500,4.47
2011-10-20,3.96,4.20,3.73,4.17,162600,4.17
2011-10-19,3.84,4.04,3.77,3.95,162000,3.95
2011-10-18,3.42,3.94,3.41,3.86,231600,3.86
2011-10-17,3.78,3.84,3.39,3.41,198800,3.41
2011-10-14,3.48,3.86,3.45,3.85,170200,3.85
2011-10-13,3.41,3.61,3.40,3.43,125000,3.43
2011-10-12,3.42,3.50,3.38,3.47,331300,3.47
2011-10-11,3.42,3.49,3.30,3.39,124400,3.39
2011-10-10,3.45,3.51,3.37,3.47,121200,3.47
2011-10-07,3.50,3.54,3.27,3.35,153100,3.35
2011-10-06,3.39,3.50,3.33,3.47,124200,3.47
2011-10-05,3.50,3.71,3.38,3.39,121800,3.39
2011-10-04,3.30,3.51,3.10,3.50,310100,3.50
2011-10-03,3.44,3.56,3.37,3.37,407900,3.37
2011-09-30,3.55,3.68,3.45,3.51,170400,3.51
2011-09-29,3.65,3.65,3.35,3.63,90900,3.63
2011-09-28,3.87,3.89,3.45,3.50,158600,3.50
2011-09-27,3.90,4.08,3.79,3.91,140200,3.91
2011-09-26,3.75,3.79,3.60,3.76,101800,3.76
2011-09-23,3.58,3.69,3.52,3.69,114700,3.69
2011-09-22,3.51,3.73,3.50,3.57,171900,3.57
2011-09-21,3.94,4.06,3.60,3.62,130600,3.62
2011-09-20,4.14,4.41,3.94,3.94,138300,3.94
2011-09-19,3.75,4.23,3.69,4.14,197700,4.14
2011-09-16,3.84,3.92,3.71,3.87,197300,3.87
2011-09-15,3.79,3.86,3.68,3.79,56600,3.79
2011-09-14,3.70,3.83,3.56,3.73,126800,3.73
2011-09-13,3.56,3.70,3.56,3.63,95900,3.63
2011-09-12,3.42,3.58,3.36,3.51,54200,3.51
2011-09-09,3.65,3.72,3.41,3.49,138800,3.49
2011-09-08,3.88,4.00,3.65,3.70,128700,3.70
2011-09-07,3.82,4.00,3.70,3.92,133200,3.92
2011-09-06,3.59,3.81,3.59,3.71,156300,3.71
2011-09-02,3.83,4.08,3.70,3.74,145300,3.74
2011-09-01,4.29,4.36,3.96,3.98,110200,3.98
2011-08-31,4.46,4.46,4.11,4.27,134400,4.27
2011-08-30,4.42,4.47,4.23,4.43,58400,4.43
2011-08-29,4.27,4.59,4.27,4.47,164800,4.47
2011-08-26,3.98,4.25,3.98,4.20,60800,4.20
2011-08-25,4.29,4.35,3.90,4.04,108400,4.04
2011-08-24,4.19,4.30,4.04,4.28,71100,4.28
2011-08-23,3.85,4.24,3.80,4.23,149500,4.23
2011-08-22,3.98,3.98,3.70,3.85,100300,3.85
2011-08-19,3.88,4.07,3.81,3.83,118900,3.83
2011-08-18,4.07,4.16,3.94,3.98,189000,3.98
2011-08-17,4.10,4.44,4.10,4.25,145000,4.25
2011-08-16,4.05,4.15,3.95,4.06,118600,4.06
2011-08-15,4.08,4.17,4.03,4.14,108800,4.14
2011-08-12,4.33,4.33,3.96,4.04,215900,4.04
2011-08-11,3.77,4.34,3.57,4.27,267600,4.27
2011-08-10,4.12,4.49,3.75,3.77,196000,3.77
2011-08-09,4.33,4.47,3.75,4.33,352400,4.33
2011-08-08,4.21,4.38,4.03,4.16,216000,4.16
2011-08-05,4.65,5.39,3.78,4.40,373600,4.40
2011-08-04,5.10,5.13,4.58,4.58,189900,4.58
2011-08-03,4.88,5.21,4.60,5.20,126600,5.20
2011-08-02,4.91,5.08,4.85,4.85,184900,4.85
2011-08-01,5.31,5.35,4.89,4.98,173600,4.98
2011-07-29,5.09,5.37,5.09,5.22,81400,5.22
2011-07-28,5.20,5.33,5.11,5.19,133400,5.19
2011-07-27,5.72,5.80,5.22,5.24,239100,5.24
2011-07-26,5.71,5.87,5.56,5.67,139600,5.67
2011-07-25,5.53,5.79,5.53,5.67,73600,5.67
2011-07-22,5.82,5.86,5.60,5.61,44500,5.61
2011-07-21,5.61,5.88,5.54,5.81,105700,5.81
2011-07-20,5.80,5.89,5.50,5.58,163700,5.58
2011-07-19,5.80,5.95,5.60,5.80,129100,5.80
2011-07-18,5.99,6.09,5.68,5.73,96100,5.73
2011-07-15,6.11,6.19,5.94,6.06,126700,6.06
2011-07-14,6.15,6.19,5.94,6.04,108200,6.04
2011-07-13,5.87,6.14,5.84,6.07,98900,6.07
2011-07-12,5.93,6.08,5.82,5.87,120600,5.87
2011-07-11,6.01,6.23,5.85,5.93,219400,5.93
2011-07-08,6.08,6.19,6.05,6.14,146000,6.14
2011-07-07,6.20,6.20,6.05,6.14,210300,6.14
2011-07-06,5.61,6.26,5.56,6.15,279700,6.15
2011-07-05,5.85,5.85,5.36,5.63,150700,5.63
2011-07-01,5.11,5.94,5.11,5.82,277400,5.82
2011-06-30,5.10,5.18,5.03,5.14,118000,5.14
2011-06-29,5.10,5.20,5.06,5.06,87300,5.06
2011-06-28,4.93,5.08,4.78,5.07,145000,5.07
2011-06-27,4.85,4.97,4.81,4.92,83900,4.92
2011-06-24,4.93,5.01,4.80,4.88,335600,4.88
2011-06-23,4.76,4.95,4.69,4.90,198600,4.90
2011-06-22,5.04,5.10,4.62,4.63,147200,4.63
2011-06-21,5.07,5.13,4.91,5.10,92800,5.10
2011-06-20,4.97,5.19,4.95,5.00,108500,5.00
2011-06-17,4.95,5.07,4.90,5.00,189500,5.00
2011-06-16,4.83,5.01,4.83,4.92,121900,4.92
2011-06-15,4.91,5.43,4.76,4.80,342800,4.80
2011-06-14,4.83,5.07,4.72,5.00,78100,5.00
2011-06-13,4.96,4.96,4.50,4.76,254400,4.76
2011-06-10,5.10,5.33,4.85,4.95,191000,4.95
2011-06-09,5.58,5.66,5.12,5.16,207000,5.16
2011-06-08,5.65,5.78,5.47,5.55,117100,5.55
2011-06-07,5.81,5.95,5.70,5.74,166300,5.74
2011-06-06,5.89,5.96,5.59,5.77,130800,5.77
2011-06-03,6.00,6.10,5.83,5.87,153200,5.87
2011-06-02,6.13,6.25,6.02,6.06,72400,6.06
2011-06-01,6.41,6.44,6.08,6.13,190600,6.13
2011-05-31,6.10,6.41,6.10,6.40,244100,6.40
2011-05-27,5.91,6.03,5.87,6.03,98600,6.03
2011-05-26,5.84,5.90,5.77,5.89,59200,5.89
2011-05-25,5.70,5.95,5.70,5.88,66900,5.88
2011-05-24,5.86,5.91,5.68,5.69,101000,5.69
2011-05-23,5.77,5.92,5.63,5.81,87000,5.81
2011-05-20,5.92,6.00,5.83,5.90,99500,5.90
2011-05-19,6.07,6.07,5.82,5.97,67000,5.97
2011-05-18,5.88,6.07,5.85,6.01,94900,6.01
2011-05-17,5.86,6.00,5.79,5.87,72200,5.87
2011-05-16,6.01,6.04,5.90,5.92,225000,5.92
2011-05-13,5.73,6.15,5.60,6.07,212900,6.07
2011-05-12,5.60,5.74,5.58,5.73,108100,5.73
2011-05-11,5.86,5.88,5.57,5.61,130800,5.61
2011-05-10,5.73,5.93,5.71,5.87,88200,5.87
2011-05-09,5.58,5.76,5.30,5.67,102000,5.67
2011-05-06,5.60,5.69,5.50,5.65,140000,5.65
2011-05-05,5.58,5.75,5.44,5.52,117300,5.52
2011-05-04,5.75,5.90,5.61,5.61,122000,5.61
2011-05-03,5.78,5.99,5.63,5.78,126800,5.78
2011-05-02,6.12,6.12,5.79,5.79,90300,5.79
2011-04-29,6.07,6.20,5.94,6.08,124000,6.08
2011-04-28,6.02,6.09,5.65,6.06,146900,6.06
2011-04-27,5.90,6.12,5.83,6.05,61800,6.05
2011-04-26,5.89,5.98,5.51,5.92,172600,5.92
2011-04-25,6.01,6.17,5.79,5.87,125100,5.87
2011-04-21,5.85,6.11,5.73,6.00,142600,6.00
2011-04-20,5.75,5.90,5.67,5.77,142400,5.77
2011-04-19,5.82,5.83,5.58,5.62,112000,5.62
2011-04-18,5.78,5.87,5.75,5.77,80300,5.77
2011-04-15,5.42,6.06,5.42,5.92,248900,5.92
2011-04-14,5.47,5.60,5.36,5.45,222700,5.45
2011-04-13,5.79,5.94,5.50,5.55,169200,5.55
2011-04-12,5.95,6.04,5.73,5.76,163700,5.76
2011-04-11,6.11,6.20,5.94,5.99,75000,5.99
2011-04-08,6.49,6.49,6.08,6.14,102300,6.14
2011-04-07,6.36,6.70,6.21,6.42,223200,6.42
2011-04-06,6.39,6.46,6.02,6.20,155800,6.20
2011-04-05,6.35,6.59,6.29,6.37,115200,6.37
2011-04-04,6.25,6.40,6.22,6.37,60000,6.37
2011-04-01,6.12,6.35,6.04,6.24,95500,6.24
2011-03-31,5.94,6.15,5.94,6.04,125200,6.04
2011-03-30,6.30,6.30,5.84,5.96,110400,5.96
2011-03-29,6.20,6.33,6.20,6.25,97100,6.25
2011-03-28,6.09,6.25,6.09,6.22,42900,6.22
2011-03-25,5.96,6.30,5.87,6.05,161200,6.05
2011-03-24,5.89,6.00,5.82,5.89,122600,5.89
2011-03-23,5.92,5.97,5.78,5.84,87800,5.84
2011-03-22,5.82,6.02,5.81,5.96,93700,5.96
2011-03-21,6.00,6.01,5.66,5.83,171500,5.83
2011-03-18,5.77,6.05,5.72,5.86,144500,5.86
2011-03-17,5.80,5.94,5.62,5.67,103900,5.67
2011-03-16,5.75,5.78,5.51,5.66,238500,5.66
2011-03-15,5.78,5.92,5.77,5.77,114700,5.77
2011-03-14,6.14,6.14,5.91,5.97,111400,5.97
2011-03-11,6.02,6.16,5.88,5.95,142900,5.95
2011-03-10,6.60,6.69,6.04,6.06,199400,6.06
2011-03-09,6.58,6.69,6.36,6.39,112400,6.39
2011-03-08,6.49,6.65,6.40,6.57,174200,6.57
2011-03-07,6.71,6.75,6.37,6.50,183000,6.50
2011-03-04,7.03,7.10,6.56,6.71,132400,6.71
2011-03-03,6.50,7.11,6.30,7.01,255100,7.01
2011-03-02,6.52,6.89,6.40,6.63,131000,6.63
2011-03-01,7.20,7.20,6.40,6.55,291500,6.55
2011-02-28,7.19,7.46,7.04,7.25,113900,7.25
2011-02-25,6.82,7.20,6.77,7.11,108400,7.11
2011-02-24,6.65,6.97,6.45,6.81,157900,6.81
2011-02-23,7.02,7.02,6.60,6.61,82900,6.61
2011-02-22,7.14,7.45,6.95,6.98,184400,6.98
2011-02-18,6.95,7.29,6.80,7.29,197400,7.29
2011-02-17,6.51,6.93,6.50,6.93,99900,6.93
2011-02-16,6.30,6.64,6.30,6.50,99200,6.50
2011-02-15,6.60,6.66,6.25,6.29,75300,6.29
2011-02-14,6.57,6.84,6.49,6.68,62900,6.68
2011-02-11,6.60,6.76,6.38,6.55,108700,6.55
2011-02-10,6.69,6.86,6.62,6.66,60400,6.66
2011-02-09,6.62,7.14,6.62,6.78,192900,6.78
2011-02-08,6.54,6.70,6.37,6.69,138700,6.69
2011-02-07,6.22,6.82,6.22,6.57,282400,6.57
2011-02-04,6.44,6.55,6.05,6.23,101900,6.23
2011-02-03,6.63,6.91,6.35,6.42,123800,6.42
2011-02-02,6.23,6.73,6.22,6.67,99500,6.67
2011-02-01,6.05,6.37,6.05,6.28,100900,6.28
2011-01-31,5.93,6.15,5.83,5.95,69800,5.95
2011-01-28,6.27,6.27,5.82,5.90,155100,5.90
2011-01-27,6.47,6.48,6.23,6.31,84500,6.31
2011-01-26,6.39,6.56,6.33,6.43,77900,6.43
2011-01-25,6.58,6.58,6.23,6.40,107900,6.40
2011-01-24,6.16,6.67,6.14,6.60,120000,6.60
2011-01-21,6.25,6.50,6.17,6.18,158000,6.18
2011-01-20,5.92,6.35,5.84,6.20,170000,6.20
2011-01-19,6.58,6.58,5.92,5.97,294400,5.97
2011-01-18,6.74,6.77,6.56,6.62,58900,6.62
2011-01-14,6.66,6.86,6.61,6.79,74800,6.79
2011-01-13,6.70,6.97,6.61,6.64,95700,6.64
2011-01-12,6.86,7.10,6.64,6.72,112600,6.72
2011-01-11,7.08,7.19,6.76,6.80,98100,6.80
2011-01-10,6.98,7.16,6.85,7.06,88200,7.06
2011-01-07,6.95,7.03,6.75,6.98,101500,6.98
2011-01-06,6.96,7.11,6.73,6.96,118000,6.96
2011-01-05,6.73,6.96,6.55,6.92,193500,6.92
2011-01-04,7.02,7.17,6.62,6.72,338300,6.72
2011-01-03,7.20,7.51,7.14,7.18,200900,7.18
2010-12-31,7.63,7.65,7.11,7.13,187600,7.13
2010-12-30,7.71,7.72,7.53,7.67,66100,7.67
2010-12-29,7.68,7.75,7.65,7.69,45400,7.69
2010-12-28,7.74,7.74,7.50,7.64,97600,7.64
2010-12-27,7.55,7.71,7.44,7.70,72900,7.70
2010-12-23,7.44,7.65,7.44,7.60,165300,7.60
2010-12-22,7.53,7.53,7.29,7.46,123500,7.46
2010-12-21,7.38,7.59,7.36,7.49,127300,7.49
2010-12-20,7.58,7.64,6.69,7.31,231500,7.31
2010-12-17,7.02,7.42,6.95,7.18,397800,7.18
2010-12-16,7.17,7.19,6.81,7.00,210600,7.00
2010-12-15,7.60,7.80,7.08,7.15,269800,7.15
2010-12-14,6.66,7.92,6.66,7.69,699000,7.69
2010-12-13,6.77,6.77,6.55,6.61,101100,6.61
2010-12-10,6.59,6.90,6.34,6.72,204000,6.72
2010-12-09,6.17,6.72,6.17,6.65,313600,6.65
2010-12-08,5.87,6.17,5.87,6.09,141300,6.09
2010-12-07,5.80,5.87,5.68,5.84,96900,5.84
2010-12-06,5.65,5.85,5.63,5.74,61800,5.74
2010-12-03,5.64,5.70,5.40,5.68,82300,5.68
2010-12-02,5.70,5.88,5.65,5.70,122400,5.70
2010-12-01,5.70,5.80,5.63,5.71,184900,5.71
2010-11-30,5.65,5.75,5.59,5.64,183900,5.64
2010-11-29,5.45,5.75,5.45,5.67,103900,5.67
2010-11-26,5.48,5.68,5.48,5.50,76800,5.50
2010-11-24,5.23,5.58,5.23,5.55,119700,5.55
2010-11-23,5.10,5.25,5.01,5.18,72700,5.18
2010-11-22,5.43,5.53,5.15,5.19,54700,5.19
2010-11-19,5.39,5.56,5.09,5.50,74500,5.50
2010-11-18,5.14,5.41,5.10,5.39,74400,5.39
2010-11-17,5.11,5.23,4.96,5.09,69200,5.09
2010-11-16,5.32,5.32,5.02,5.08,92000,5.08
2010-11-15,5.69,5.69,5.35,5.37,77100,5.37
2010-11-12,5.51,5.75,5.51,5.64,183700,5.64
2010-11-11,5.42,5.75,5.33,5.57,256500,5.57
2010-11-10,5.42,5.54,5.25,5.47,140000,5.47
2010-11-09,5.33,5.49,5.32,5.39,164000,5.39
2010-11-08,5.29,5.55,5.26,5.48,245700,5.48
2010-11-05,5.10,5.35,5.01,5.33,69200,5.33
2010-11-04,4.95,5.32,4.92,5.09,173500,5.09
2010-11-03,4.97,4.97,4.83,4.88,38300,4.88
2010-11-02,4.96,5.04,4.83,4.95,103300,4.95
2010-11-01,5.03,5.05,4.81,4.87,85400,4.87
2010-10-29,5.22,5.42,4.97,5.00,165200,5.00
2010-10-28,5.15,5.27,5.07,5.21,45900,5.21
2010-10-27,5.22,5.26,4.96,5.14,113200,5.14
2010-10-26,5.23,5.35,5.19,5.26,95900,5.26
2010-10-25,5.25,5.47,4.91,5.26,177700,5.26
2010-10-22,4.90,5.26,4.89,5.16,161400,5.16
2010-10-21,5.07,5.13,4.76,4.88,158500,4.88
2010-10-20,5.56,5.60,5.04,5.08,203800,5.08
2010-10-19,5.49,5.82,5.30,5.51,416100,5.51
2010-10-18,4.94,5.69,4.94,5.54,399400,5.54
2010-10-15,4.78,4.96,4.64,4.92,251700,4.92
2010-10-14,4.57,4.75,4.57,4.74,119100,4.74
2010-10-13,4.42,4.68,4.33,4.67,137100,4.67
2010-10-12,4.33,4.41,4.30,4.39,97000,4.39
2010-10-11,4.40,4.40,4.33,4.38,85500,4.38
2010-10-08,4.35,4.46,4.29,4.44,143600,4.44
2010-10-07,4.21,4.48,4.18,4.36,137300,4.36
2010-10-06,4.15,4.21,4.04,4.21,66100,4.21
2010-10-05,3.95,4.18,3.93,4.14,103800,4.14
2010-10-04,4.02,4.03,3.95,3.95,61400,3.95
2010-10-01,4.01,4.02,3.98,4.02,64800,4.02
2010-09-30,4.06,4.06,3.95,3.98,96000,3.98
2010-09-29,4.22,4.22,3.94,4.01,122400,4.01
2010-09-28,4.29,4.35,4.17,4.24,109700,4.24
2010-09-27,4.35,4.38,4.25,4.27,109700,4.27
2010-09-24,4.26,4.35,4.23,4.35,109700,4.35
2010-09-23,4.24,4.39,4.15,4.21,168800,4.21
2010-09-22,4.12,4.30,4.07,4.25,204300,4.25
2010-09-21,4.22,4.22,4.12,4.14,97600,4.14
2010-09-20,4.09,4.24,4.06,4.22,195100,4.22
2010-09-17,4.06,4.11,3.96,4.10,164600,4.10
2010-09-16,3.99,4.04,3.90,4.02,87300,4.02
2010-09-15,3.98,4.02,3.91,4.01,100500,4.01
2010-09-14,4.04,4.04,3.96,3.98,94400,3.98
2010-09-13,4.10,4.13,4.05,4.07,152900,4.07
2010-09-10,4.06,4.14,4.03,4.09,58000,4.09
2010-09-09,4.09,4.09,3.94,4.06,113200,4.06
2010-09-08,4.06,4.10,4.02,4.07,102600,4.07
2010-09-07,4.10,4.10,3.94,4.06,100800,4.06
2010-09-03,4.08,4.10,4.01,4.08,103000,4.08
2010-09-02,4.02,4.09,3.90,4.04,142600,4.04
2010-09-01,4.13,4.13,4.01,4.02,276700,4.02
2010-08-31,4.08,4.11,3.95,4.07,124800,4.07
2010-08-30,4.00,4.24,3.99,4.09,374800,4.09
2010-08-27,4.08,4.11,3.94,4.00,167800,4.00
2010-08-26,3.99,4.11,3.97,4.04,150900,4.04
2010-08-25,3.95,4.03,3.91,3.99,146200,3.99
2010-08-24,3.85,3.97,3.81,3.95,119500,3.95
2010-08-23,4.05,4.10,3.90,3.90,155900,3.90
2010-08-20,3.87,4.03,3.79,4.02,107100,4.02
2010-08-19,4.04,4.09,3.82,3.89,173500,3.89
2010-08-18,4.02,4.14,3.94,4.06,255300,4.06
2010-08-17,4.16,4.24,3.98,4.04,319600,4.04
2010-08-16,3.71,3.85,3.71,3.81,60900,3.81
2010-08-13,3.75,3.79,3.65,3.74,86800,3.74
2010-08-12,3.70,3.89,3.67,3.77,94200,3.77
2010-08-11,3.81,3.90,3.70,3.73,188200,3.73
2010-08-10,3.96,3.99,3.82,3.85,121500,3.85
2010-08-09,3.96,4.06,3.93,4.00,83600,4.00
2010-08-06,3.96,4.00,3.79,3.93,140100,3.93
2010-08-05,4.19,4.19,3.95,3.99,149500,3.99
2010-08-04,4.37,4.39,4.15,4.22,202100,4.22
2010-08-03,4.39,4.42,4.29,4.35,144500,4.35
2010-08-02,4.52,4.58,4.34,4.39,105800,4.39
2010-07-30,4.31,4.59,4.31,4.46,81900,4.46
2010-07-29,4.51,4.53,4.37,4.40,39800,4.40
2010-07-28,4.51,4.62,4.44,4.45,40800,4.45
2010-07-27,4.68,4.73,4.46,4.54,119700,4.54
2010-07-26,4.41,4.65,4.39,4.65,229400,4.65
2010-07-23,4.27,4.45,4.27,4.38,215300,4.38
2010-07-22,4.19,4.36,4.19,4.28,162300,4.28
2010-07-21,4.20,4.24,4.11,4.13,94600,4.13
2010-07-20,4.03,4.21,4.01,4.17,98800,4.17
2010-07-19,4.04,4.11,4.00,4.08,118400,4.08
2010-07-16,4.16,4.16,4.01,4.02,152900,4.02
2010-07-15,4.29,4.31,4.10,4.20,97000,4.20
2010-07-14,4.17,4.40,4.12,4.30,127800,4.30
2010-07-13,4.18,4.20,4.14,4.19,105600,4.19
2010-07-12,4.09,4.18,4.03,4.13,73900,4.13
2010-07-09,4.09,4.12,4.00,4.11,84900,4.11
2010-07-08,4.04,4.15,3.95,4.09,333100,4.09
2010-07-07,3.91,4.05,3.90,4.04,153600,4.04
2010-07-06,4.06,4.10,3.85,3.90,135200,3.90
2010-07-02,3.92,4.05,3.86,4.02,104300,4.02
2010-07-01,3.80,3.96,3.60,3.88,139600,3.88
2010-06-30,4.00,4.08,3.77,3.79,144700,3.79
2010-06-29,4.11,4.19,3.92,3.99,165100,3.99
2010-06-28,4.26,4.26,4.13,4.17,176600,4.17
2010-06-25,3.98,4.37,3.92,4.31,5130800,4.31
2010-06-24,4.18,4.23,3.89,3.98,987500,3.98
2010-06-23,3.99,4.04,3.90,3.98,131600,3.98
2010-06-22,3.96,4.04,3.90,4.01,95700,4.01
2010-06-21,4.05,4.09,3.90,3.95,90400,3.95
2010-06-18,3.89,4.04,3.79,4.02,60500,4.02
2010-06-17,3.83,3.98,3.72,3.91,64200,3.91
2010-06-16,3.95,3.95,3.79,3.88,57000,3.88
2010-06-15,3.81,3.96,3.81,3.90,133600,3.90
2010-06-14,3.98,3.98,3.76,3.92,53300,3.92
2010-06-11,3.77,3.98,3.74,3.93,74800,3.93
2010-06-10,3.87,3.90,3.62,3.84,110300,3.84
2010-06-09,4.05,4.05,3.86,3.86,79600,3.86
2010-06-08,4.02,4.06,3.82,4.06,52300,4.06
2010-06-07,3.90,4.10,3.77,4.05,84900,4.05
2010-06-04,3.84,3.97,3.79,3.79,23500,3.79
2010-06-03,3.83,3.95,3.78,3.92,65300,3.92
2010-06-02,3.77,3.96,3.72,3.85,41100,3.85
2010-06-01,3.92,3.96,3.66,3.69,66300,3.69
2010-05-28,3.92,4.02,3.82,3.92,64000,3.92
2010-05-27,3.80,3.91,3.67,3.85,69700,3.85
2010-05-26,3.65,3.87,3.62,3.66,93800,3.66
2010-05-25,3.76,3.80,3.45,3.65,154200,3.65
2010-05-24,3.65,3.94,3.57,3.76,81100,3.76
2010-05-21,3.58,3.67,3.40,3.65,90200,3.65
2010-05-20,3.82,3.89,3.59,3.68,93800,3.68
2010-05-19,3.98,4.03,3.82,3.96,61700,3.96
2010-05-18,4.06,4.16,3.99,4.03,48500,4.03
2010-05-17,4.08,4.15,3.82,4.06,239100,4.06
2010-05-14,4.14,4.14,3.95,4.05,65300,4.05
2010-05-13,4.18,4.22,4.06,4.14,59500,4.14
2010-05-12,4.14,4.26,4.09,4.16,127400,4.16
2010-05-11,4.01,4.13,3.93,4.11,64000,4.11
2010-05-10,4.14,4.14,3.92,3.99,88800,3.99
2010-05-07,4.17,4.17,3.80,3.88,135700,3.88
2010-05-06,4.30,4.36,4.15,4.18,195200,4.18
2010-05-05,4.30,4.39,4.03,4.37,210100,4.37
2010-05-04,4.31,4.39,4.22,4.31,207100,4.31
2010-05-03,4.26,4.47,4.21,4.33,303800,4.33
2010-04-30,4.16,4.27,4.13,4.27,192800,4.27
2010-04-29,4.12,4.25,3.93,4.17,193900,4.17
2010-04-28,4.19,4.19,4.03,4.10,124100,4.10
2010-04-27,4.12,4.28,4.07,4.19,308100,4.19
2010-04-26,3.61,4.19,3.53,4.19,733700,4.19
2010-04-23,3.42,3.50,3.40,3.49,65100,3.49
2010-04-22,3.40,3.52,3.34,3.46,98100,3.46
2010-04-21,3.35,3.53,3.30,3.46,109200,3.46
2010-04-20,3.30,3.35,3.24,3.32,56500,3.32
2010-04-19,3.37,3.39,3.20,3.32,80900,3.32
2010-04-16,3.31,3.43,3.14,3.36,125800,3.36
2010-04-15,3.29,3.42,3.26,3.33,34800,3.33
2010-04-14,3.20,3.41,3.20,3.28,120800,3.28
2010-04-13,3.25,3.27,3.17,3.17,43400,3.17
2010-04-12,3.41,3.49,3.21,3.25,75100,3.25
2010-04-09,3.50,3.55,3.37,3.45,87500,3.45
2010-04-08,3.36,3.66,3.27,3.49,140700,3.49
2010-04-07,3.28,3.37,3.24,3.36,84100,3.36
2010-04-06,3.28,3.34,3.23,3.30,47800,3.30
2010-04-05,3.34,3.41,3.19,3.33,153900,3.33
2010-04-01,3.31,3.38,3.21,3.34,131500,3.34
2010-03-31,3.31,3.31,3.24,3.28,34800,3.28
2010-03-30,3.29,3.41,3.12,3.32,133100,3.32
2010-03-29,3.21,3.36,3.07,3.31,277100,3.31
2010-03-26,3.27,3.30,3.10,3.23,180000,3.23
2010-03-25,3.07,3.35,3.02,3.24,385200,3.24
2010-03-24,3.02,3.10,2.97,3.09,165200,3.09
2010-03-23,2.95,3.04,2.94,3.00,92900,3.00
2010-03-22,2.89,2.95,2.85,2.95,103800,2.95
2010-03-19,2.90,2.90,2.80,2.90,116600,2.90
2010-03-18,2.85,2.87,2.79,2.86,101500,2.86
2010-03-17,2.86,2.87,2.76,2.83,139500,2.83
2010-03-16,2.79,2.89,2.74,2.82,133700,2.82
2010-03-15,2.79,2.84,2.75,2.79,26000,2.79
2010-03-12,2.88,2.89,2.76,2.81,59300,2.81
2010-03-11,2.85,2.89,2.76,2.85,177100,2.85
2010-03-10,2.70,2.84,2.68,2.82,209900,2.82
2010-03-09,2.75,2.75,2.65,2.74,218300,2.74
2010-03-08,2.65,2.75,2.60,2.75,304200,2.75
2010-03-05,2.57,2.65,2.57,2.62,168100,2.62
2010-03-04,2.63,2.63,2.52,2.57,59100,2.57
2010-03-03,2.59,2.63,2.57,2.60,152600,2.60
2010-03-02,2.58,2.66,2.54,2.59,152400,2.59
2010-03-01,2.65,2.67,2.51,2.61,258500,2.61
2010-02-26,2.60,2.67,2.56,2.66,159200,2.66
2010-02-25,2.63,2.63,2.55,2.63,91400,2.63
2010-02-24,2.58,2.67,2.51,2.67,343600,2.67
2010-02-23,2.50,2.60,2.45,2.60,311300,2.60
2010-02-22,2.49,2.49,2.40,2.48,627700,2.48
2010-02-19,2.59,2.63,2.55,2.57,186100,2.57
2010-02-18,2.58,2.64,2.53,2.60,519000,2.60
2010-02-17,2.59,2.60,2.47,2.58,672100,2.58
2010-02-16,2.57,2.64,2.51,2.55,1131600,2.55
2010-02-12,2.78,2.80,2.47,2.50,8473900,2.50
2010-02-11,3.50,3.61,3.17,3.17,181700,3.17
2010-02-10,3.49,3.65,3.49,3.57,9100,3.57
2010-02-09,3.71,3.71,3.55,3.59,47300,3.59
2010-02-08,3.74,3.82,3.61,3.61,42000,3.61
2010-02-05,3.81,3.91,3.59,3.75,21900,3.75
2010-02-04,4.05,4.13,3.70,3.82,74500,3.82
2010-02-03,4.34,4.35,4.16,4.23,90600,4.23
2010-02-02,4.33,4.33,4.00,4.30,82000,4.30
2010-02-01,4.18,4.45,4.05,4.25,156800,4.25
2010-01-29,3.90,4.24,3.77,3.91,418400,3.91
2010-01-28,3.70,3.80,3.57,3.79,24200,3.79
2010-01-27,4.21,4.21,3.30,3.72,74000,3.72
2010-01-26,3.91,3.96,3.67,3.86,49700,3.86
2010-01-25,4.17,4.17,3.91,3.98,67300,3.98
2010-01-22,4.10,4.27,4.01,4.18,15100,4.18
2010-01-21,4.22,4.22,4.06,4.10,38100,4.10
2010-01-20,4.30,4.33,4.20,4.29,16200,4.29
2010-01-19,4.28,4.60,4.16,4.31,86600,4.31
2010-01-15,4.45,4.45,4.13,4.16,30200,4.16
2010-01-14,4.33,4.43,4.26,4.40,26800,4.40
2010-01-13,4.28,4.42,4.23,4.41,26600,4.41
2010-01-12,4.12,4.27,4.12,4.26,27000,4.26
2010-01-11,4.14,4.26,3.97,4.22,60700,4.22
2010-01-08,3.91,4.20,3.91,4.20,45900,4.20
2010-01-07,3.71,4.00,3.71,4.00,31900,4.00
2010-01-06,3.61,3.91,3.57,3.78,34200,3.78
2010-01-05,3.87,3.91,3.67,3.87,31600,3.87
2010-01-04,3.89,3.89,3.65,3.86,29300,3.86
2009-12-31,3.64,3.81,3.45,3.77,45900,3.77
2009-12-30,3.31,3.70,3.27,3.70,32100,3.70
2009-12-29,3.36,3.39,3.27,3.38,43800,3.38
2009-12-28,3.61,3.64,3.41,3.41,46200,3.41
2009-12-24,3.41,3.66,3.41,3.66,11400,3.66
2009-12-23,3.52,3.61,3.43,3.57,37100,3.57
2009-12-22,3.40,3.56,3.34,3.48,50800,3.48
2009-12-21,3.18,3.50,3.18,3.43,43000,3.43
2009-12-18,3.46,3.50,3.17,3.22,54300,3.22
2009-12-17,3.30,3.50,3.20,3.50,45700,3.50
2009-12-16,3.39,3.43,3.30,3.36,16800,3.36
2009-12-15,3.36,3.45,3.36,3.43,7800,3.43
2009-12-14,3.46,3.50,3.40,3.41,18200,3.41
2009-12-11,3.42,3.50,3.40,3.50,19000,3.50
2009-12-10,3.37,3.46,3.33,3.46,46900,3.46
2009-12-09,3.43,3.56,3.33,3.50,21500,3.50
2009-12-08,3.36,3.52,3.27,3.52,33100,3.52
2009-12-07,3.34,3.54,3.30,3.40,26100,3.40
2009-12-04,3.28,3.49,3.26,3.41,66900,3.41
2009-12-03,3.50,3.50,3.28,3.30,22700,3.30
2009-12-02,3.37,3.48,3.35,3.48,12800,3.48
2009-12-01,3.41,3.45,3.28,3.41,12200,3.41
2009-11-30,3.30,3.30,3.06,3.28,87100,3.28
2009-11-27,3.19,3.46,3.08,3.34,19900,3.34
2009-11-25,3.36,3.36,3.10,3.29,35000,3.29
2009-11-24,3.45,3.48,3.34,3.43,40200,3.43
2009-11-23,3.55,3.55,3.40,3.49,16000,3.49
2009-11-20,3.46,3.50,3.42,3.49,38100,3.49
2009-11-19,3.38,3.51,3.36,3.50,20000,3.50
2009-11-18,3.53,3.54,3.39,3.47,15200,3.47
2009-11-17,3.43,3.59,3.42,3.56,16600,3.56
2009-11-16,3.43,3.59,3.38,3.45,13300,3.45
2009-11-13,3.50,3.54,3.40,3.40,29600,3.40
2009-11-12,3.77,3.78,3.50,3.50,54300,3.50
2009-11-11,3.73,3.83,3.70,3.74,20300,3.74
2009-11-10,3.91,3.96,3.66,3.79,15700,3.79
2009-11-09,3.80,4.00,3.80,3.87,40000,3.87
2009-11-06,3.83,3.93,3.63,3.75,36700,3.75
2009-11-05,3.63,3.74,3.63,3.70,64600,3.70
2009-11-04,3.66,3.66,3.57,3.63,9400,3.63
2009-11-03,3.70,3.70,3.39,3.62,58600,3.62
2009-11-02,3.90,3.95,3.56,3.67,83800,3.67
2009-10-30,3.95,3.95,3.78,3.84,23900,3.84
2009-10-29,4.02,4.09,3.87,3.92,27200,3.92
2009-10-28,3.87,4.04,3.77,3.97,72800,3.97
2009-10-27,3.90,4.04,3.83,3.92,63100,3.92
2009-10-26,4.09,4.14,3.90,3.91,56200,3.91
2009-10-23,4.20,4.75,3.92,4.03,546900,4.03
2009-10-22,3.91,3.98,3.85,3.95,36400,3.95
2009-10-21,3.91,3.93,3.85,3.91,21400,3.91
2009-10-20,3.92,4.00,3.86,3.91,33200,3.91
2009-10-19,3.90,3.99,3.76,3.96,34700,3.96
2009-10-16,3.84,3.95,3.76,3.93,17900,3.93
2009-10-15,3.89,3.91,3.77,3.83,34700,3.83
2009-10-14,3.96,3.99,3.82,3.99,23100,3.99
2009-10-13,3.95,3.97,3.84,3.89,24600,3.89
2009-10-12,4.00,4.00,3.90,4.00,65900,4.00
2009-10-09,3.93,4.00,3.93,4.00,57700,4.00
2009-10-08,3.96,3.96,3.90,3.90,65900,3.90
2009-10-07,3.91,3.98,3.84,3.97,86800,3.97
2009-10-06,3.89,3.97,3.84,3.96,19400,3.96
2009-10-05,3.86,3.95,3.85,3.95,16900,3.95
2009-10-02,3.95,4.00,3.81,3.89,142200,3.89
2009-10-01,4.07,4.15,3.86,3.94,56600,3.94
2009-09-30,3.75,4.23,3.75,4.03,255000,4.03
2009-09-29,3.65,3.75,3.59,3.75,44300,3.75
2009-09-28,3.49,3.86,3.25,3.70,75700,3.70
2009-09-25,3.36,3.46,3.34,3.46,51400,3.46
2009-09-24,3.37,3.48,3.25,3.33,110900,3.33
2009-09-23,3.45,3.47,3.36,3.36,40900,3.36
2009-09-22,3.62,3.63,3.45,3.46,51400,3.46
2009-09-21,3.66,3.75,3.59,3.60,12500,3.60
2009-09-18,3.73,3.83,3.65,3.65,21700,3.65
2009-09-17,3.55,3.87,3.55,3.69,62000,3.69
2009-09-16,3.58,3.59,3.51,3.59,32600,3.59
2009-09-15,3.55,3.64,3.22,3.63,75300,3.63
2009-09-14,3.61,3.65,3.54,3.63,15100,3.63
2009-09-11,3.52,3.69,3.52,3.69,18800,3.69
2009-09-10,3.63,3.69,3.51,3.69,45200,3.69
2009-09-09,3.65,3.69,3.54,3.67,19100,3.67
2009-09-08,3.68,3.69,3.58,3.66,16600,3.66
2009-09-04,3.70,3.70,3.60,3.65,13900,3.65
2009-09-03,3.61,3.68,3.56,3.62,25700,3.62
2009-09-02,3.62,3.63,3.52,3.62,17900,3.62
2009-09-01,3.79,3.84,3.36,3.61,123100,3.61
2009-08-31,3.90,3.93,3.77,3.86,116300,3.86
2009-08-28,3.80,3.87,3.75,3.86,8600,3.86
2009-08-27,3.82,3.91,3.76,3.89,19600,3.89
2009-08-26,3.84,3.87,3.77,3.83,30700,3.83
2009-08-25,3.84,3.96,3.81,3.90,51400,3.90
2009-08-24,3.49,3.79,3.49,3.79,55600,3.79
2009-08-21,3.48,3.75,3.42,3.62,44300,3.62
2009-08-20,3.55,3.55,3.40,3.49,17700,3.49
2009-08-19,3.40,3.55,3.40,3.55,26900,3.55
2009-08-18,3.64,3.68,3.42,3.51,93000,3.51
2009-08-17,3.77,3.77,3.53,3.64,67200,3.64
2009-08-14,3.83,3.94,3.75,3.84,12000,3.84
2009-08-13,3.89,3.97,3.79,3.85,45300,3.85
2009-08-12,3.90,3.96,3.80,3.90,43500,3.90
2009-08-11,3.77,3.99,3.71,3.90,70400,3.90
2009-08-10,3.90,3.91,3.66,3.83,36600,3.83
2009-08-07,3.83,3.99,3.58,3.97,75800,3.97
2009-08-06,3.86,3.91,3.50,3.79,110500,3.79
2009-08-05,3.67,4.00,3.51,3.83,170600,3.83
2009-08-04,3.21,3.47,2.80,3.47,131600,3.47
2009-08-03,2.85,3.20,2.85,3.20,95400,3.20
2009-07-31,2.75,2.80,2.73,2.80,25200,2.80
2009-07-30,2.74,2.79,2.67,2.70,20700,2.70
2009-07-29,2.81,2.81,2.67,2.76,18800,2.76
2009-07-28,2.67,2.83,2.67,2.83,37400,2.83
2009-07-27,2.45,2.75,2.45,2.74,61100,2.74
2009-07-24,2.34,2.48,2.34,2.43,49800,2.43
2009-07-23,2.36,2.41,2.11,2.35,95200,2.35
2009-07-22,2.32,2.40,2.29,2.40,30000,2.40
2009-07-21,2.39,2.40,2.26,2.28,52900,2.28
2009-07-20,2.22,2.36,2.20,2.36,21500,2.36
2009-07-17,2.38,2.45,2.16,2.29,33400,2.29
2009-07-16,2.43,2.48,2.32,2.40,123200,2.40
2009-07-15,2.48,2.50,2.31,2.38,61000,2.38
2009-07-14,2.21,2.46,2.20,2.41,123700,2.41
2009-07-13,2.12,2.23,2.08,2.18,42400,2.18
2009-07-10,2.01,2.16,2.01,2.15,33800,2.15
2009-07-09,2.05,2.08,2.02,2.08,10000,2.08
2009-07-08,1.97,2.08,1.97,2.03,18500,2.03
2009-07-07,2.17,2.18,1.94,1.99,54700,1.99
2009-07-06,2.30,2.30,2.16,2.20,27800,2.20
2009-07-02,2.25,2.30,2.16,2.30,42100,2.30
2009-07-01,2.11,2.25,2.11,2.23,79100,2.23
2009-06-30,2.03,2.11,2.02,2.11,55700,2.11
2009-06-29,1.93,2.05,1.90,2.05,29600,2.05
2009-06-26,2.00,2.01,1.91,1.91,47700,1.91
2009-06-25,1.99,2.04,1.98,2.04,20000,2.04
2009-06-24,2.00,2.06,1.96,2.01,60600,2.01
2009-06-23,1.94,2.05,1.93,1.98,37900,1.98
2009-06-22,1.92,2.01,1.89,1.97,99300,1.97
2009-06-19,1.84,1.95,1.83,1.95,76900,1.95
2009-06-18,1.81,1.85,1.80,1.85,108700,1.85
2009-06-17,1.80,1.84,1.79,1.84,42800,1.84
2009-06-16,1.76,1.85,1.73,1.85,61400,1.85
2009-06-15,1.80,1.83,1.76,1.78,65000,1.78
2009-06-12,1.87,1.88,1.82,1.83,63600,1.83
2009-06-11,1.79,1.85,1.79,1.85,148900,1.85
2009-06-10,1.82,1.82,1.75,1.79,96800,1.79
2009-06-09,1.85,1.95,1.72,1.77,183300,1.77
2009-06-08,1.59,1.77,1.59,1.76,294000,1.76
2009-06-05,1.60,1.65,1.56,1.60,783000,1.60
2009-06-04,1.60,1.61,1.55,1.60,152500,1.60
2009-06-03,1.62,1.63,1.58,1.58,92700,1.58
2009-06-02,1.63,1.63,1.59,1.61,301400,1.61
2009-06-01,1.62,1.69,1.57,1.58,232300,1.58
2009-05-29,1.70,1.72,1.52,1.54,626500,1.54
2009-05-28,1.85,1.85,1.64,1.72,300400,1.72
2009-05-27,1.80,1.99,1.72,1.72,55900,1.72
2009-05-26,1.95,1.95,1.81,1.87,88300,1.87
2009-05-22,2.16,2.16,1.90,1.92,93800,1.92
2009-05-21,2.31,2.31,2.16,2.16,44100,2.16
2009-05-20,2.32,2.32,2.25,2.25,17500,2.25
2009-05-19,2.37,2.37,2.27,2.32,26900,2.32
2009-05-18,2.24,2.37,2.16,2.37,107200,2.37
2009-05-15,2.37,2.38,2.28,2.30,87300,2.30
2009-05-14,2.36,2.54,2.25,2.37,108100,2.37
2009-05-13,2.45,2.51,2.25,2.40,126800,2.40
2009-05-12,2.51,2.54,2.46,2.48,43800,2.48
2009-05-11,2.48,2.54,2.41,2.45,26600,2.45
2009-05-08,2.50,2.59,2.50,2.59,51000,2.59
2009-05-07,2.44,2.61,2.43,2.55,89200,2.55
2009-05-06,2.60,2.60,2.49,2.57,45200,2.57
2009-05-05,2.42,2.60,2.19,2.60,67000,2.60
2009-05-04,2.19,2.46,2.19,2.40,23300,2.40
2009-05-01,2.37,2.44,2.20,2.21,37900,2.21
2009-04-30,2.40,2.49,2.31,2.33,27000,2.33
2009-04-29,2.47,2.50,2.35,2.41,71900,2.41
2009-04-28,2.28,2.54,2.28,2.38,34000,2.38
2009-04-27,2.39,2.39,2.28,2.36,24200,2.36
2009-04-24,2.47,2.59,2.42,2.53,56400,2.53
2009-04-23,2.23,2.53,2.20,2.50,231500,2.50
2009-04-22,2.16,2.21,2.10,2.19,35500,2.19
2009-04-21,2.09,2.18,2.07,2.12,26700,2.12
2009-04-20,1.98,2.16,1.98,2.08,73700,2.08
2009-04-17,1.95,2.09,1.93,2.09,356000,2.09
2009-04-16,1.93,1.95,1.89,1.91,54200,1.91
2009-04-15,1.95,1.96,1.80,1.89,74100,1.89
2009-04-14,1.80,1.99,1.79,1.91,104800,1.91
2009-04-13,1.65,1.77,1.65,1.77,9800,1.77
2009-04-09,1.80,1.80,1.66,1.76,60900,1.76
2009-04-08,1.62,1.73,1.60,1.73,79700,1.73
2009-04-07,1.64,1.68,1.60,1.63,32500,1.63
2009-04-06,1.65,1.67,1.59,1.67,24600,1.67
2009-04-03,1.74,1.77,1.63,1.65,48500,1.65
2009-04-02,1.60,1.88,1.60,1.79,62500,1.79
2009-04-01,1.52,1.65,1.51,1.65,99700,1.65
2009-03-31,1.60,1.63,1.52,1.59,64200,1.59
2009-03-30,1.49,1.60,1.48,1.60,48700,1.60
2009-03-27,1.62,1.62,1.60,1.61,27600,1.61
2009-03-26,1.62,1.65,1.55,1.60,127400,1.60
2009-03-25,1.51,1.56,1.50,1.56,97400,1.56
2009-03-24,1.49,1.55,1.35,1.52,36800,1.52
2009-03-23,1.50,1.55,1.43,1.50,206000,1.50
2009-03-20,1.54,1.63,1.42,1.43,64100,1.43
2009-03-19,1.53,1.65,1.44,1.49,100000,1.49
2009-03-18,1.59,1.65,1.46,1.46,38300,1.46
2009-03-17,1.62,1.62,1.49,1.49,115700,1.49
2009-03-16,1.62,1.62,1.53,1.54,69000,1.54
2009-03-13,1.54,1.66,1.53,1.57,110200,1.57
2009-03-12,1.55,1.56,1.49,1.49,77800,1.49
2009-03-11,1.60,1.65,1.42,1.49,125600,1.49
2009-03-10,1.47,1.75,1.47,1.58,53700,1.58
2009-03-09,1.58,1.58,1.45,1.46,62800,1.46
2009-03-06,1.66,1.66,1.52,1.54,62100,1.54
2009-03-05,1.60,1.70,1.56,1.66,120900,1.66
2009-03-04,1.58,1.67,1.58,1.66,14600,1.66
2009-03-03,1.55,1.73,1.55,1.60,68300,1.60
2009-03-02,1.77,1.81,1.59,1.59,194900,1.59
2009-02-27,1.85,1.85,1.74,1.84,108700,1.84
2009-02-26,2.00,2.00,1.75,1.81,174200,1.81
2009-02-25,2.25,2.25,1.95,2.00,112300,2.00
2009-02-24,1.96,2.21,1.91,2.20,69400,2.20
2009-02-23,2.13,2.20,1.99,2.00,48300,2.00
2009-02-20,2.13,2.24,2.05,2.13,105400,2.13
2009-02-19,2.47,2.64,2.24,2.24,103100,2.24
2009-02-18,2.50,2.63,2.33,2.51,137500,2.51
2009-02-17,3.06,3.15,2.65,2.66,81500,2.66
2009-02-13,2.91,3.29,2.91,3.21,36600,3.21
2009-02-12,2.83,3.09,2.75,3.01,49700,3.01
2009-02-11,3.13,3.17,2.76,2.98,116300,2.98
2009-02-10,3.09,3.23,3.03,3.17,59500,3.17
2009-02-09,3.07,3.29,2.99,3.12,130600,3.12
2009-02-06,3.30,3.32,2.91,3.01,37200,3.01
2009-02-05,3.39,3.42,3.06,3.24,33600,3.24
2009-02-04,3.71,3.71,3.24,3.36,74600,3.36
2009-02-03,3.57,3.93,3.05,3.77,123900,3.77
2009-02-02,3.45,3.67,3.30,3.64,60900,3.64
2009-01-30,3.36,3.56,3.20,3.55,84900,3.55
2009-01-29,3.24,3.41,3.16,3.40,40000,3.40
2009-01-28,3.38,3.38,3.20,3.34,32200,3.34
2009-01-27,3.06,3.30,2.98,3.26,54500,3.26
2009-01-26,3.11,3.14,3.02,3.10,25500,3.10
2009-01-23,3.03,3.18,2.99,3.10,30100,3.10
2009-01-22,3.19,3.19,2.95,3.19,64100,3.19
2009-01-21,3.14,3.25,3.05,3.17,54400,3.17
2009-01-20,3.10,3.27,2.99,3.05,47200,3.05
2009-01-16,3.25,3.30,3.04,3.23,46700,3.23
2009-01-15,3.10,3.41,3.05,3.31,148100,3.31
2009-01-14,3.36,3.41,3.02,3.03,22100,3.03
2009-01-13,3.34,3.42,3.34,3.36,39200,3.36
2009-01-12,3.33,3.47,3.30,3.41,36600,3.41
2009-01-09,3.40,3.43,3.26,3.36,37300,3.36
2009-01-08,3.23,3.46,3.20,3.46,19200,3.46
2009-01-07,3.04,3.23,3.01,3.23,35500,3.23
2009-01-06,2.96,3.05,2.90,3.05,27700,3.05
2009-01-05,2.97,3.00,2.80,2.99,27700,2.99
2009-01-02,2.74,2.95,2.68,2.95,76000,2.95
2008-12-31,2.65,2.79,2.65,2.79,99700,2.79
2008-12-30,2.57,2.74,2.49,2.69,39500,2.69
2008-12-29,2.44,2.53,2.44,2.52,145400,2.52
2008-12-26,2.50,2.58,2.44,2.50,81800,2.50
2008-12-24,2.42,2.58,2.42,2.48,11700,2.48
2008-12-23,2.50,2.65,2.45,2.48,151600,2.48
2008-12-22,2.66,2.69,2.47,2.49,115400,2.49
2008-12-19,2.45,2.72,2.40,2.72,113200,2.72
2008-12-18,2.68,2.68,2.47,2.50,108400,2.50
2008-12-17,2.43,2.69,2.24,2.63,115000,2.63
2008-12-16,2.32,2.53,2.29,2.40,23000,2.40
2008-12-15,2.57,2.66,2.35,2.40,31600,2.40
2008-12-12,2.42,2.63,2.40,2.61,163600,2.61
2008-12-11,2.43,2.60,2.43,2.49,94500,2.49
2008-12-10,2.57,2.60,2.42,2.49,50800,2.49
2008-12-09,2.50,2.97,2.43,2.57,119900,2.57
2008-12-08,2.87,3.14,2.49,2.51,79700,2.51
2008-12-05,2.52,2.76,2.52,2.76,45500,2.76
2008-12-04,2.53,2.78,2.52,2.53,27600,2.53
2008-12-03,2.49,2.55,2.42,2.47,29400,2.47
2008-12-02,2.64,2.64,2.33,2.58,52200,2.58
2008-12-01,2.92,2.93,2.58,2.60,45000,2.60
2008-11-28,3.03,3.09,2.92,2.99,18100,2.99
2008-11-26,2.69,3.02,2.69,3.02,96700,3.02
2008-11-25,3.07,3.09,2.65,2.78,106600,2.78
2008-11-24,2.94,3.37,2.94,3.00,71600,3.00
2008-11-21,3.11,3.13,2.63,2.91,86400,2.91
2008-11-20,3.65,3.78,3.12,3.14,94700,3.14
2008-11-19,3.49,4.25,3.45,3.83,380700,3.83
2008-11-18,3.13,3.46,3.05,3.46,111600,3.46
2008-11-17,3.09,3.14,2.94,3.07,79800,3.07
2008-11-14,3.72,3.73,3.20,3.20,90000,3.20
2008-11-13,3.52,3.83,3.31,3.83,111900,3.83
2008-11-12,3.52,3.79,3.21,3.57,436300,3.57
2008-11-11,2.96,3.74,2.75,3.50,292700,3.50
2008-11-10,2.77,2.93,2.59,2.87,87000,2.87
2008-11-07,2.79,2.79,2.55,2.67,121900,2.67
2008-11-06,2.00,2.67,2.00,2.65,127300,2.65
2008-11-05,2.18,2.18,2.00,2.10,282300,2.10
2008-11-04,2.22,2.59,2.08,2.26,397100,2.26
2008-11-03,2.42,2.57,2.18,2.20,531100,2.20
2008-10-31,2.44,2.73,2.44,2.50,518200,2.50
2008-10-30,2.18,2.77,2.18,2.38,324500,2.38
2008-10-29,1.97,2.33,1.91,2.09,324300,2.09
2008-10-28,2.15,2.65,1.80,1.92,575700,1.92
2008-10-27,2.16,2.28,1.90,1.99,245100,1.99
2008-10-24,2.50,2.64,2.15,2.25,97600,2.25
2008-10-23,2.58,2.69,2.51,2.54,62600,2.54
2008-10-22,3.07,3.10,2.54,2.57,143600,2.57
2008-10-21,3.39,3.45,3.09,3.10,92600,3.10
2008-10-20,3.60,3.77,3.25,3.43,127800,3.43
2008-10-17,3.55,3.75,3.43,3.59,95900,3.59
2008-10-16,3.52,3.83,3.48,3.59,294900,3.59
2008-10-15,3.52,3.73,3.52,3.56,81800,3.56
2008-10-14,3.60,4.03,3.60,3.67,57100,3.67
2008-10-13,3.45,4.15,3.45,3.60,22600,3.60
2008-10-10,3.66,3.94,3.19,3.40,249500,3.40
2008-10-09,4.06,4.14,3.70,3.78,47700,3.78
2008-10-08,4.08,4.14,3.67,4.07,120100,4.07
2008-10-07,3.81,4.07,3.76,3.86,95800,3.86
2008-10-06,4.09,4.09,3.62,3.81,137500,3.81
2008-10-03,4.71,4.82,4.04,4.26,341000,4.26
2008-10-02,4.86,4.93,4.57,4.58,102700,4.58
2008-10-01,4.58,5.03,4.58,4.95,91100,4.95
2008-09-30,4.75,4.75,4.52,4.53,113600,4.53
2008-09-29,4.56,4.77,4.27,4.68,73900,4.68
2008-09-26,4.32,4.59,4.28,4.56,44600,4.56
2008-09-25,4.39,4.69,4.39,4.45,82900,4.45
2008-09-24,4.33,4.55,4.24,4.32,86800,4.32
2008-09-23,4.50,4.50,4.22,4.27,68900,4.27
2008-09-22,4.46,4.55,4.42,4.51,31300,4.51
2008-09-19,4.40,4.55,4.22,4.55,93200,4.55
2008-09-18,4.10,4.25,3.98,4.24,164600,4.24
2008-09-17,4.10,4.16,4.01,4.10,107100,4.10
2008-09-16,4.10,4.20,4.07,4.10,162300,4.10
2008-09-15,4.10,4.14,4.07,4.13,56500,4.13
2008-09-12,4.05,4.15,4.04,4.10,48400,4.10
2008-09-11,4.12,4.13,3.95,4.07,107900,4.07
2008-09-10,4.17,4.29,3.97,4.06,80800,4.06
2008-09-09,4.16,4.23,4.02,4.09,83200,4.09
2008-09-08,4.34,4.34,4.09,4.22,43100,4.22
2008-09-05,3.92,4.37,3.92,4.14,101900,4.14
2008-09-04,4.14,4.14,3.94,3.99,106000,3.99
2008-09-03,4.25,4.41,4.09,4.22,62900,4.22
2008-09-02,4.29,4.58,3.89,4.29,242500,4.29
2008-08-29,4.17,4.28,4.06,4.20,76200,4.20
2008-08-28,3.90,4.52,3.87,4.15,247200,4.15
2008-08-27,3.99,4.09,3.87,3.94,50600,3.94
2008-08-26,4.01,4.31,3.88,3.93,55400,3.93
2008-08-25,4.39,4.48,4.04,4.07,58400,4.07
2008-08-22,4.51,4.60,4.38,4.38,92600,4.38
2008-08-21,3.70,4.87,3.70,4.47,212900,4.47
2008-08-20,4.02,4.03,3.75,3.77,51600,3.77
2008-08-19,4.00,4.03,3.66,3.90,90700,3.90
2008-08-18,4.06,4.09,3.95,4.00,59400,4.00
2008-08-15,4.09,4.20,3.95,4.00,90400,4.00
2008-08-14,4.33,4.58,4.04,4.08,69100,4.08
2008-08-13,4.40,4.52,4.14,4.33,195100,4.33
2008-08-12,4.27,4.53,4.26,4.39,51200,4.39
2008-08-11,4.65,4.68,4.03,4.32,174700,4.32
2008-08-08,4.29,4.98,4.00,4.60,406700,4.60
2008-08-07,5.01,5.01,4.01,4.25,270200,4.25
2008-08-06,5.09,5.09,4.84,4.96,85300,4.96
2008-08-05,5.00,5.04,4.91,5.03,89300,5.03
2008-08-04,5.03,5.03,4.73,4.92,96000,4.92
2008-08-01,5.07,5.08,4.84,4.99,139700,4.99
2008-07-31,5.38,5.44,5.07,5.07,108500,5.07
2008-07-30,5.37,5.70,5.28,5.41,86200,5.41
2008-07-29,4.97,5.76,4.89,5.27,137700,5.27
2008-07-28,5.00,5.14,4.87,4.88,33800,4.88
2008-07-25,4.83,5.08,4.83,5.00,35000,5.00
2008-07-24,4.86,4.97,4.79,4.84,48400,4.84
2008-07-23,5.05,5.40,4.50,4.78,312200,4.78
2008-07-22,4.97,5.23,4.94,5.01,83600,5.01
2008-07-21,4.70,5.05,4.68,4.95,59800,4.95
2008-07-18,4.65,4.82,4.54,4.65,76400,4.65
2008-07-17,4.62,4.71,4.39,4.71,130700,4.71
2008-07-16,4.34,4.70,4.33,4.60,91600,4.60
2008-07-15,4.51,4.54,4.35,4.36,100500,4.36
2008-07-14,4.54,4.76,4.39,4.52,97800,4.52
2008-07-11,4.53,4.68,4.41,4.54,131700,4.54
2008-07-10,4.66,4.86,4.54,4.63,50500,4.63
2008-07-09,5.03,5.17,4.63,4.69,228200,4.69
2008-07-08,5.00,5.10,4.87,5.07,73500,5.07
2008-07-07,5.10,5.10,4.88,4.96,138300,4.96
2008-07-03,4.58,5.22,4.51,5.05,73900,5.05
2008-07-02,4.19,4.60,4.19,4.51,202200,4.51
2008-07-01,4.83,5.01,3.73,4.23,442300,4.23
2008-06-30,5.09,5.24,4.90,4.93,110200,4.93
2008-06-27,4.99,5.24,4.88,5.04,3673300,5.04
2008-06-26,4.70,5.02,4.44,4.99,171000,4.99
2008-06-25,4.48,4.80,4.48,4.77,185700,4.77
2008-06-24,4.47,4.60,4.35,4.48,215000,4.48
2008-06-23,4.69,4.72,4.50,4.54,192000,4.54
2008-06-20,4.76,4.93,4.63,4.69,331100,4.69
2008-06-19,4.72,5.08,4.72,4.79,119300,4.79
2008-06-18,4.79,4.80,4.71,4.75,56700,4.75
2008-06-17,4.93,5.03,4.80,4.80,48200,4.80
2008-06-16,4.97,5.06,4.83,4.93,51600,4.93
2008-06-13,4.88,5.14,4.82,4.98,91800,4.98
2008-06-12,4.84,5.09,4.83,4.85,71300,4.85
2008-06-11,4.92,4.96,4.71,4.81,271300,4.81
2008-06-10,4.85,5.04,4.82,4.94,98500,4.94
2008-06-09,4.80,5.00,4.76,4.94,187200,4.94
2008-06-06,4.86,5.00,4.81,4.81,89700,4.81
2008-06-05,4.90,5.08,4.86,4.93,113700,4.93
2008-06-04,4.84,5.06,4.80,4.90,146700,4.90
2008-06-03,4.82,4.99,4.76,4.83,191100,4.83
2008-06-02,5.14,5.24,4.78,4.78,126100,4.78
2008-05-30,5.19,5.19,5.07,5.17,180000,5.17
2008-05-29,5.14,5.28,5.05,5.20,146500,5.20
2008-05-28,5.31,5.37,5.11,5.16,87100,5.16
2008-05-27,5.43,5.48,5.27,5.30,118300,5.30
2008-05-23,5.83,5.83,5.34,5.44,109200,5.44
2008-05-22,5.44,5.89,5.42,5.89,107700,5.89
2008-05-21,5.40,5.67,5.37,5.41,75500,5.41
2008-05-20,5.37,5.48,5.31,5.37,144000,5.37
2008-05-19,5.46,5.56,5.25,5.40,159300,5.40
2008-05-16,5.52,5.52,5.33,5.49,72500,5.49
2008-05-15,5.50,5.50,5.40,5.46,51700,5.46
2008-05-14,5.73,5.73,5.46,5.49,91300,5.49
2008-05-13,5.35,5.80,5.33,5.73,86400,5.73
2008-05-12,5.33,5.41,5.27,5.32,143800,5.32
2008-05-09,5.32,5.43,5.23,5.30,238200,5.30
2008-05-08,5.46,5.48,5.10,5.40,115900,5.40
2008-05-07,5.37,5.63,5.36,5.41,103500,5.41
2008-05-06,5.60,5.65,5.35,5.37,147500,5.37
2008-05-05,5.73,5.78,5.64,5.65,89800,5.65
2008-05-02,6.11,6.11,5.76,5.79,140600,5.79
2008-05-01,5.98,6.09,5.72,6.00,112600,6.00
2008-04-30,6.10,6.21,5.87,6.00,146500,6.00
2008-04-29,6.23,6.27,6.03,6.07,65600,6.07
2008-04-28,6.22,6.61,6.18,6.21,87200,6.21
2008-04-25,6.64,6.64,6.09,6.21,184900,6.21
2008-04-24,6.41,6.86,6.26,6.61,198400,6.61
2008-04-23,6.45,6.45,6.16,6.33,66400,6.33
2008-04-22,6.26,6.48,6.10,6.37,180200,6.37
2008-04-21,6.61,6.61,5.96,6.30,193500,6.30
2008-04-18,6.07,6.65,5.98,6.65,208300,6.65
2008-04-17,6.00,6.12,5.56,5.92,98000,5.92
2008-04-16,5.84,6.44,5.82,6.01,129000,6.01
2008-04-15,5.55,5.85,5.53,5.79,138000,5.79
2008-04-14,5.54,5.60,5.38,5.52,50400,5.52
2008-04-11,5.81,5.99,5.45,5.52,119400,5.52
2008-04-10,6.00,6.37,5.85,5.86,93700,5.86
2008-04-09,6.14,6.21,5.94,5.99,110300,5.99
2008-04-08,5.95,6.19,5.81,6.13,67500,6.13
2008-04-07,6.31,6.31,5.95,5.99,72700,5.99
2008-04-04,6.00,6.46,5.91,6.23,78400,6.23
2008-04-03,6.00,6.11,5.83,6.07,70000,6.07
2008-04-02,6.00,6.49,5.90,6.04,124000,6.04
2008-04-01,5.96,6.11,5.93,5.99,113600,5.99
2008-03-31,5.96,6.00,5.81,5.90,92300,5.90
2008-03-28,6.19,6.22,5.98,5.98,135000,5.98
2008-03-27,6.03,6.31,5.90,6.19,99900,6.19
2008-03-26,5.81,6.11,5.75,6.00,130900,6.00
2008-03-25,5.52,5.85,5.41,5.85,164700,5.85
2008-03-24,5.27,5.77,5.16,5.50,167600,5.50
2008-03-20,4.81,5.36,4.62,5.24,562000,5.24
2008-03-19,4.88,5.00,4.64,4.70,344600,4.70
2008-03-18,4.90,4.97,4.62,4.82,238800,4.82
2008-03-17,4.97,5.02,4.76,4.78,162900,4.78
2008-03-14,5.54,5.54,5.00,5.07,157700,5.07
2008-03-13,5.56,5.63,5.18,5.49,186900,5.49
2008-03-12,5.76,5.76,5.50,5.64,178300,5.64
2008-03-11,5.74,6.48,5.35,5.75,1016200,5.75
2008-03-10,5.85,5.92,5.47,5.58,137000,5.58
2008-03-07,6.15,6.39,5.73,5.85,244300,5.85
2008-03-06,6.80,6.99,6.22,6.23,118100,6.23
2008-03-05,7.22,7.38,6.63,6.85,128800,6.85
2008-03-04,6.76,7.20,6.55,7.17,139200,7.17
2008-03-03,6.77,6.84,6.46,6.82,190000,6.82
2008-02-29,6.85,6.85,6.60,6.80,194300,6.80
2008-02-28,7.05,7.16,6.79,6.95,117100,6.95
2008-02-27,7.01,7.30,6.90,7.09,151600,7.09
2008-02-26,7.07,7.34,6.96,7.09,120800,7.09
2008-02-25,7.42,7.43,7.01,7.10,128600,7.10
2008-02-22,7.24,7.43,6.79,7.41,173000,7.41
2008-02-21,7.37,7.54,7.11,7.21,138900,7.21
2008-02-20,7.46,7.47,7.14,7.30,103000,7.30
2008-02-19,7.53,7.74,7.42,7.50,151100,7.50
2008-02-15,7.45,7.60,7.14,7.40,135200,7.40
2008-02-14,7.89,7.95,7.30,7.49,110600,7.49
2008-02-13,7.51,7.88,7.47,7.86,210300,7.86
2008-02-12,6.95,7.49,6.82,7.47,301400,7.47
2008-02-11,6.77,6.96,6.46,6.93,241800,6.93
2008-02-08,7.07,7.16,6.53,6.78,424200,6.78
2008-02-07,6.83,7.42,6.39,7.07,380700,7.07
2008-02-06,7.00,7.13,6.64,6.69,111100,6.69
2008-02-05,7.00,7.41,6.83,6.85,88000,6.85
2008-02-04,7.04,7.32,7.00,7.16,158600,7.16
2008-02-01,6.55,7.15,6.39,7.07,225100,7.07
2008-01-31,6.70,6.90,6.50,6.51,136200,6.51
2008-01-30,6.70,6.90,6.61,6.80,94600,6.80
2008-01-29,6.90,7.12,6.62,6.74,169400,6.74
2008-01-28,6.75,6.98,6.73,6.83,118400,6.83
2008-01-25,7.03,7.25,6.61,6.78,252400,6.78
2008-01-24,6.71,7.08,6.39,6.94,314500,6.94
2008-01-23,6.02,6.86,5.86,6.69,182300,6.69
2008-01-22,5.97,6.63,5.76,6.19,136900,6.19
2008-01-18,6.67,6.67,6.20,6.23,283900,6.23
2008-01-17,6.83,6.98,6.35,6.85,178100,6.85
2008-01-16,6.50,7.05,6.28,6.79,157100,6.79
2008-01-15,6.46,6.62,6.34,6.50,142800,6.50
2008-01-14,6.45,6.75,6.25,6.54,199200,6.54
2008-01-11,6.31,6.47,6.20,6.40,126000,6.40
2008-01-10,6.18,6.57,6.14,6.34,147400,6.34
2008-01-09,6.07,6.37,6.04,6.26,262300,6.26
2008-01-08,6.35,6.48,6.10,6.11,254400,6.11
2008-01-07,6.52,6.73,6.15,6.33,266600,6.33
2008-01-04,6.58,6.92,6.37,6.39,318100,6.39
2008-01-03,7.07,7.24,6.61,6.65,239200,6.65
2008-01-02,7.45,7.48,7.00,7.01,107200,7.01
2007-12-31,7.36,7.53,7.15,7.49,465700,7.49
2007-12-28,7.26,7.79,7.07,7.45,436800,7.45
2007-12-27,8.08,8.15,7.02,7.21,516200,7.21
2007-12-26,8.14,8.34,8.07,8.08,147200,8.08
2007-12-24,8.42,8.42,8.15,8.31,72700,8.31
2007-12-21,8.40,8.55,8.33,8.47,390500,8.47
2007-12-20,8.05,8.23,7.93,8.23,211700,8.23
2007-12-19,8.31,8.31,7.79,7.95,301600,7.95
2007-12-18,8.09,8.42,7.69,8.33,222600,8.33
2007-12-17,8.31,8.47,7.96,7.98,213500,7.98
2007-12-14,8.66,8.77,8.37,8.38,169000,8.38
2007-12-13,8.34,8.99,8.25,8.77,255400,8.77
2007-12-12,8.81,8.81,8.25,8.40,288900,8.40
2007-12-11,8.48,8.90,8.44,8.65,423200,8.65
2007-12-10,8.07,8.64,8.05,8.45,440500,8.45
2007-12-07,7.60,7.91,7.44,7.91,324300,7.91
2007-12-06,6.96,7.59,6.96,7.58,290700,7.58
2007-12-05,6.83,6.98,6.59,6.95,327700,6.95
2007-12-04,6.81,6.81,6.58,6.72,322200,6.72
2007-12-03,7.04,7.04,6.75,6.83,445800,6.83
2007-11-30,6.97,7.00,6.78,7.00,537100,7.00
2007-11-29,6.41,6.90,6.29,6.88,614800,6.88
2007-11-28,6.58,6.63,6.29,6.45,1456100,6.45
2007-11-27,6.68,6.74,6.42,6.50,437500,6.50
2007-11-26,6.75,6.81,6.45,6.52,264900,6.52
2007-11-23,6.72,6.75,6.54,6.69,140300,6.69
2007-11-21,6.92,7.24,6.60,6.65,325500,6.65
2007-11-20,7.12,7.35,6.91,7.00,277700,7.00
2007-11-19,7.27,7.60,6.91,6.98,516600,6.98
2007-11-16,7.70,7.71,7.15,7.34,679900,7.34
2007-11-15,7.95,8.14,7.67,7.69,328300,7.69
2007-11-14,8.25,8.30,7.90,8.00,213300,8.00
2007-11-13,7.97,8.32,7.94,8.18,539000,8.18
2007-11-12,7.96,8.32,7.91,7.91,324200,7.91
2007-11-09,7.89,8.17,7.79,7.98,425600,7.98
2007-11-08,8.50,8.62,7.68,8.05,610800,8.05
2007-11-07,8.88,9.04,8.33,8.35,390300,8.35
2007-11-06,8.90,9.09,8.81,8.97,403400,8.97
2007-11-05,9.25,9.44,8.52,8.85,400400,8.85
2007-11-02,9.35,9.81,9.25,9.39,649900,9.39
2007-11-01,11.03,11.03,9.05,9.27,1224600,9.27
2007-10-31,11.56,11.80,11.29,11.56,134800,11.56
2007-10-30,11.60,11.90,11.51,11.61,155300,11.61
2007-10-29,11.62,11.90,11.59,11.70,145100,11.70
2007-10-26,11.10,11.58,10.81,11.58,162800,11.58
2007-10-25,10.94,11.20,10.87,11.00,234300,11.00
2007-10-24,10.93,10.99,10.75,10.94,264000,10.94
2007-10-23,11.15,11.15,10.84,11.03,205100,11.03
2007-10-22,10.91,11.14,10.88,11.06,206200,11.06
2007-10-19,11.45,11.57,10.88,10.96,250600,10.96
2007-10-18,11.47,11.75,11.35,11.47,104500,11.47
2007-10-17,11.60,11.67,11.33,11.52,171200,11.52
2007-10-16,11.55,11.69,11.30,11.46,137700,11.46
2007-10-15,11.71,11.75,11.44,11.60,160000,11.60
2007-10-12,11.96,12.06,11.49,11.76,460900,11.76
2007-10-11,12.09,12.40,11.75,11.92,170600,11.92
2007-10-10,11.84,12.16,11.75,12.01,135500,12.01
2007-10-09,12.13,12.19,11.70,11.92,224300,11.92
2007-10-08,12.08,12.19,12.02,12.12,81200,12.12
2007-10-05,12.26,12.29,11.95,12.14,169900,12.14
2007-10-04,12.22,12.25,11.94,12.20,158700,12.20
2007-10-03,12.12,12.34,12.00,12.16,148800,12.16
2007-10-02,12.20,12.28,12.07,12.16,171900,12.16
2007-10-01,12.27,12.40,12.09,12.21,141600,12.21
2007-09-28,12.39,12.49,12.08,12.25,298500,12.25
2007-09-27,12.21,12.58,12.21,12.43,112800,12.43
2007-09-26,12.48,12.50,11.97,12.18,285900,12.18
2007-09-25,12.23,12.48,12.22,12.39,112500,12.39
2007-09-24,12.40,12.57,12.22,12.33,151900,12.33
2007-09-21,12.36,12.62,12.29,12.43,177900,12.43
2007-09-20,12.22,12.61,12.16,12.24,86900,12.24
2007-09-19,12.27,12.68,12.12,12.21,183400,12.21
2007-09-18,12.18,12.20,11.60,12.17,353500,12.17
2007-09-17,12.48,12.58,11.87,12.12,237200,12.12
2007-09-14,12.48,12.55,12.16,12.51,60500,12.51
2007-09-13,12.72,12.79,12.42,12.63,93200,12.63
2007-09-12,12.83,12.98,12.47,12.64,156900,12.64
2007-09-11,12.68,13.20,12.58,12.85,228800,12.85
2007-09-10,12.81,12.81,12.21,12.61,118900,12.61
2007-09-07,12.71,12.98,12.40,12.68,136300,12.68
2007-09-06,12.85,13.14,12.64,12.87,105000,12.87
2007-09-05,12.97,13.19,12.82,12.83,130500,12.83
2007-09-04,13.29,13.37,12.97,13.13,168200,13.13
2007-08-31,13.32,13.55,13.25,13.36,179700,13.36
2007-08-30,12.91,13.50,12.84,13.11,138000,13.11
2007-08-29,13.12,13.12,12.81,13.06,229200,13.06
2007-08-28,12.84,13.12,12.75,13.04,89200,13.04
2007-08-27,13.40,13.40,12.71,12.95,158400,12.95
2007-08-24,13.41,13.50,13.03,13.50,72600,13.50
2007-08-23,13.76,13.76,13.06,13.43,77000,13.43
2007-08-22,13.42,13.98,13.01,13.67,115600,13.67
2007-08-21,13.50,13.99,13.33,13.41,99600,13.41
2007-08-20,13.50,13.57,13.25,13.52,118100,13.52
2007-08-17,13.50,13.60,12.96,13.43,311000,13.43
2007-08-16,12.50,13.11,12.23,13.10,466900,13.10
2007-08-15,11.94,12.98,11.94,12.79,318300,12.79
2007-08-14,12.12,12.72,11.76,12.01,335100,12.01
2007-08-13,12.82,12.82,11.97,12.18,345100,12.18
2007-08-10,13.15,13.49,12.33,12.49,813400,12.49
2007-08-09,12.03,13.59,11.95,13.45,1202800,13.45
2007-08-08,11.58,12.76,11.35,12.24,428700,12.24
2007-08-07,11.08,11.53,10.76,11.46,440400,11.46
2007-08-06,10.51,11.30,10.21,11.12,300000,11.12
2007-08-03,10.71,11.28,10.26,10.42,364600,10.42
2007-08-02,10.87,11.08,10.47,10.72,380300,10.72
2007-08-01,11.09,11.24,10.67,10.83,433300,10.83
2007-07-31,11.71,11.84,11.09,11.09,169000,11.09
2007-07-30,11.87,12.10,11.53,11.55,222800,11.55
2007-07-27,11.75,11.98,11.51,11.56,325300,11.56
2007-07-26,12.29,12.42,11.79,11.87,246200,11.87
2007-07-25,12.46,12.83,12.10,12.29,241500,12.29
2007-07-24,12.33,12.61,12.11,12.31,389700,12.31
2007-07-23,12.88,12.95,12.45,12.50,195700,12.50
2007-07-20,13.22,13.26,12.68,12.85,199800,12.85
2007-07-19,13.26,13.40,13.00,13.25,189200,13.25
2007-07-18,13.47,13.66,12.90,13.07,279900,13.07
2007-07-17,13.46,13.91,13.36,13.51,175200,13.51
2007-07-16,13.58,13.91,13.40,13.48,258600,13.48
2007-07-13,13.96,14.00,13.61,13.67,172300,13.67
2007-07-12,13.18,13.99,13.09,13.94,434900,13.94
2007-07-11,13.20,13.31,13.00,13.07,116000,13.07
2007-07-10,13.15,13.42,13.09,13.18,182000,13.18
2007-07-09,13.00,13.35,13.00,13.30,253700,13.30
2007-07-06,13.04,13.09,12.95,13.01,121700,13.01
2007-07-05,13.33,13.40,12.96,12.99,183800,12.99
2007-07-03,13.46,13.55,13.30,13.34,66300,13.34
2007-07-02,13.59,13.67,13.08,13.47,165400,13.47
2007-06-29,13.86,13.86,13.49,13.50,167500,13.50
2007-06-28,13.70,13.81,13.61,13.78,135800,13.78
2007-06-27,13.57,13.82,13.48,13.67,216000,13.67
2007-06-26,13.76,13.88,13.56,13.75,241600,13.75
2007-06-25,13.91,13.94,13.60,13.70,218600,13.70
2007-06-22,14.05,14.07,13.70,13.91,355200,13.91
2007-06-21,14.58,14.65,13.99,14.07,265500,14.07
2007-06-20,14.93,14.93,14.58,14.66,159800,14.66
2007-06-19,14.85,15.15,14.67,14.86,170400,14.86
2007-06-18,14.96,15.19,14.83,14.97,277700,14.97
2007-06-15,15.05,15.25,14.61,14.96,324800,14.96
2007-06-14,14.49,14.85,14.49,14.79,195900,14.79
2007-06-13,14.21,14.64,13.97,14.51,298300,14.51
2007-06-12,14.66,14.66,14.10,14.12,252800,14.12
2007-06-11,14.89,15.15,14.67,14.71,164100,14.71
2007-06-08,14.91,15.03,14.46,14.90,503900,14.90
2007-06-07,15.34,15.35,14.62,14.90,460100,14.90
2007-06-06,15.74,15.74,15.14,15.48,459400,15.48
2007-06-05,14.47,16.360001,14.20,15.69,3237800,15.69
2007-06-04,13.59,13.68,13.10,13.49,184500,13.49
2007-06-01,13.39,13.72,13.36,13.61,195100,13.61
2007-05-31,13.24,13.40,13.10,13.35,582100,13.35
2007-05-30,12.83,13.25,12.83,13.19,172400,13.19
2007-05-29,12.42,13.01,12.36,12.98,157200,12.98
2007-05-25,12.57,12.63,12.13,12.35,103600,12.35
2007-05-24,12.62,12.85,12.25,12.49,114100,12.49
2007-05-23,12.83,12.95,12.57,12.66,124000,12.66
2007-05-22,12.53,12.88,12.51,12.82,77000,12.82
2007-05-21,12.43,12.79,12.26,12.57,202000,12.57
2007-05-18,12.36,12.50,11.89,12.47,127100,12.47
2007-05-17,12.44,12.44,12.09,12.32,109300,12.32
2007-05-16,12.21,12.61,12.02,12.51,173700,12.51
2007-05-15,12.57,12.63,12.04,12.22,195600,12.22
2007-05-14,12.79,12.84,12.26,12.61,154600,12.61
2007-05-11,12.63,12.87,12.60,12.84,138800,12.84
2007-05-10,13.02,13.07,12.60,12.75,260900,12.75
2007-05-09,13.19,13.27,12.99,13.14,147000,13.14
2007-05-08,13.48,13.48,12.97,13.30,184900,13.30
2007-05-07,13.61,13.62,13.33,13.58,126000,13.58
2007-05-04,13.43,13.69,13.32,13.66,152000,13.66
2007-05-03,13.43,13.99,13.21,13.41,290300,13.41
2007-05-02,13.28,13.59,13.16,13.43,263900,13.43
2007-05-01,13.46,13.46,13.03,13.32,216000,13.32
2007-04-30,13.92,13.93,13.29,13.47,261900,13.47
2007-04-27,14.00,14.00,13.63,13.87,211300,13.87
2007-04-26,13.71,14.02,13.40,14.01,307300,14.01
2007-04-25,13.27,13.78,13.20,13.69,198300,13.69
2007-04-24,13.61,13.61,12.92,13.14,148900,13.14
2007-04-23,13.12,13.74,12.75,13.58,224600,13.58
2007-04-20,13.27,13.27,12.87,13.18,140700,13.18
2007-04-19,12.89,13.25,12.79,13.00,154900,13.00
2007-04-18,12.97,13.15,12.88,13.00,116300,13.00
2007-04-17,13.19,13.24,12.98,13.00,96800,13.00
2007-04-16,13.12,13.26,12.94,13.15,140600,13.15
2007-04-13,13.12,13.12,12.93,13.10,107200,13.10
2007-04-12,12.95,13.11,12.80,13.08,77300,13.08
2007-04-11,13.05,13.19,12.77,13.01,75100,13.01
2007-04-10,12.91,13.22,12.91,13.05,76500,13.05
2007-04-09,13.03,13.15,12.75,12.95,159400,12.95
2007-04-05,12.36,13.09,12.36,13.03,241500,13.03
2007-04-04,12.10,12.59,11.94,12.34,161500,12.34
2007-04-03,12.28,12.35,11.97,12.13,233600,12.13
2007-04-02,12.31,12.47,12.11,12.26,157900,12.26
2007-03-30,11.70,12.48,11.60,12.38,863200,12.38
2007-03-29,11.42,11.66,11.38,11.64,434200,11.64
2007-03-28,11.41,11.47,11.26,11.35,98400,11.35
2007-03-27,11.51,11.59,11.26,11.49,163200,11.49
2007-03-26,11.60,11.65,11.33,11.52,188000,11.52
2007-03-23,11.43,11.73,11.40,11.63,241900,11.63
2007-03-22,11.58,11.60,11.26,11.45,165000,11.45
2007-03-21,11.48,11.61,11.30,11.52,171800,11.52
2007-03-20,11.57,11.57,11.28,11.46,142100,11.46
2007-03-19,11.42,11.63,11.35,11.53,169100,11.53
2007-03-16,11.64,11.72,11.29,11.32,284700,11.32
2007-03-15,11.78,11.95,11.47,11.66,148800,11.66
2007-03-14,11.52,12.11,11.41,11.78,232000,11.78
2007-03-13,12.10,12.10,11.50,11.56,174700,11.56
2007-03-12,12.15,12.21,12.01,12.18,103700,12.18
2007-03-09,12.23,12.38,12.01,12.13,111600,12.13
2007-03-08,12.50,12.74,12.13,12.15,179700,12.15
2007-03-07,12.49,12.50,12.20,12.27,229800,12.27
2007-03-06,12.17,12.66,12.09,12.53,202800,12.53
2007-03-05,12.00,12.24,11.86,12.01,317200,12.01
2007-03-02,12.38,12.64,12.03,12.03,679200,12.03
2007-03-01,12.36,12.71,12.25,12.48,665800,12.48
2007-02-28,12.64,12.79,12.35,12.62,226400,12.62
2007-02-27,12.81,12.97,12.55,12.65,464800,12.65
2007-02-26,13.50,13.51,12.84,12.86,251600,12.86
2007-02-23,13.22,13.50,13.22,13.46,223000,13.46
2007-02-22,13.01,13.24,13.01,13.22,272900,13.22
2007-02-21,12.95,13.14,12.95,13.02,95200,13.02
2007-02-20,12.80,13.05,12.75,12.97,243300,12.97
2007-02-16,13.01,13.21,12.77,12.79,236600,12.79
2007-02-15,12.92,13.04,12.64,13.00,166500,13.00
2007-02-14,13.01,13.03,12.82,12.91,154700,12.91
2007-02-13,12.98,13.15,12.92,13.05,226000,13.05
2007-02-12,13.43,13.51,12.79,12.99,393100,12.99
2007-02-09,13.74,14.00,13.32,13.55,258700,13.55
2007-02-08,14.27,14.27,13.11,13.69,247900,13.69
2007-02-07,14.09,14.39,13.98,13.98,241600,13.98
2007-02-06,14.10,14.17,13.78,14.02,123600,14.02
2007-02-05,14.37,14.48,13.99,14.07,264800,14.07
2007-02-02,14.50,14.60,14.29,14.40,210000,14.40
2007-02-01,14.65,14.77,14.20,14.43,371200,14.43
2007-01-31,14.22,14.85,13.84,14.62,397000,14.62
2007-01-30,14.31,14.56,14.24,14.29,370900,14.29
2007-01-29,13.60,14.02,13.48,13.99,273600,13.99
2007-01-26,13.21,13.69,13.02,13.59,333900,13.59
2007-01-25,13.17,13.21,12.76,13.19,262700,13.19
2007-01-24,12.65,13.24,12.62,13.15,218800,13.15
2007-01-23,12.85,12.99,12.61,12.66,248400,12.66
2007-01-22,12.85,12.97,12.65,12.87,162400,12.87
2007-01-19,12.50,12.90,12.47,12.83,288700,12.83
2007-01-18,12.55,12.62,12.37,12.50,221400,12.50
2007-01-17,12.53,12.82,12.50,12.57,261000,12.57
2007-01-16,13.29,13.29,12.52,12.59,265300,12.59
2007-01-12,13.05,13.27,12.78,13.20,88200,13.20
2007-01-11,13.02,13.38,12.93,13.09,241100,13.09
2007-01-10,12.79,13.20,12.67,13.00,397300,13.00
2007-01-09,12.62,12.94,12.48,12.89,298700,12.89
2007-01-08,12.49,12.72,12.19,12.64,283000,12.64
2007-01-05,12.66,12.74,12.35,12.55,183100,12.55
2007-01-04,12.42,12.80,12.35,12.68,333900,12.68
2007-01-03,13.12,13.25,12.35,12.42,384200,12.42
2006-12-29,13.08,13.37,12.94,12.99,245100,12.99
2006-12-28,13.30,13.60,12.95,13.04,188900,13.04
2006-12-27,13.06,13.38,13.02,13.31,140200,13.31
2006-12-26,12.65,13.14,12.65,13.00,120600,13.00
2006-12-22,12.67,12.92,12.62,12.70,152900,12.70
2006-12-21,13.00,13.25,12.56,12.70,194800,12.70
2006-12-20,13.00,13.52,12.92,13.02,230900,13.02
2006-12-19,13.10,13.14,12.60,13.00,188600,13.00
2006-12-18,13.55,13.68,12.92,13.18,207500,13.18
2006-12-15,13.62,13.70,13.26,13.52,336900,13.52
2006-12-14,13.75,13.75,13.48,13.62,144100,13.62
2006-12-13,13.73,13.88,13.62,13.70,201200,13.70
2006-12-12,13.71,13.76,13.38,13.60,202400,13.60
2006-12-11,12.64,13.91,12.64,13.79,769200,13.79
2006-12-08,12.74,12.75,12.35,12.64,529800,12.64
2006-12-07,12.90,12.99,12.68,12.76,508200,12.76
2006-12-06,13.11,13.19,12.88,12.93,530400,12.93
2006-12-05,13.35,13.44,13.10,13.13,215900,13.13
2006-12-04,13.46,13.53,13.21,13.33,252200,13.33
2006-12-01,13.54,13.54,13.16,13.37,164400,13.37
2006-11-30,13.40,13.70,13.31,13.46,272600,13.46
2006-11-29,13.70,13.70,13.45,13.46,250400,13.46
2006-11-28,13.65,13.65,13.43,13.61,135200,13.61
2006-11-27,14.39,14.39,13.64,13.64,368600,13.64
2006-11-24,14.29,14.55,14.15,14.50,135000,14.50
2006-11-22,14.10,14.86,14.00,14.42,213200,14.42
2006-11-21,14.14,14.35,13.98,14.21,129000,14.21
2006-11-20,14.50,14.50,14.05,14.17,154200,14.17
2006-11-17,14.53,14.65,14.42,14.50,148800,14.50
2006-11-16,15.00,15.00,14.51,14.56,198000,14.56
2006-11-15,14.62,15.00,14.51,14.94,244300,14.94
2006-11-14,14.56,14.68,14.17,14.68,274800,14.68
2006-11-13,14.96,15.09,14.56,14.66,189100,14.66
2006-11-10,15.06,15.14,14.86,15.01,188900,15.01
2006-11-09,15.26,15.30,14.82,15.09,257600,15.09
2006-11-08,14.91,15.50,14.82,15.36,119600,15.36
2006-11-07,15.16,15.32,14.94,15.04,171400,15.04
2006-11-06,15.15,15.21,14.83,15.13,152500,15.13
2006-11-03,15.33,15.33,14.78,15.05,165300,15.05
2006-11-02,14.89,15.33,14.68,15.26,311500,15.26
2006-11-01,15.55,15.67,14.85,14.89,193400,14.89
2006-10-31,15.96,15.98,15.36,15.42,248000,15.42
2006-10-30,16.00,16.10,15.70,15.89,205600,15.89
2006-10-27,15.90,16.379999,15.74,16.00,445700,16.00
2006-10-26,15.37,16.110001,15.30,15.89,498100,15.89
2006-10-25,15.11,15.39,15.04,15.25,453200,15.25
2006-10-24,15.21,15.39,14.90,15.07,359900,15.07
2006-10-23,15.08,15.59,14.85,15.05,864300,15.05
2006-10-20,16.76,17.01,14.98,15.24,2747600,15.24
2006-10-19,18.549999,19.00,18.139999,18.23,409500,18.23
2006-10-18,18.18,18.65,18.15,18.60,649600,18.60
2006-10-17,18.10,18.75,17.719999,18.26,413300,18.26
2006-10-16,18.52,18.52,17.98,18.23,445600,18.23
2006-10-13,18.00,19.00,17.950001,18.389999,1065000,18.389999
2006-10-12,17.309999,18.23,17.129999,18.120001,593500,18.120001
2006-10-11,16.75,17.40,16.540001,17.120001,544200,17.120001
2006-10-10,16.809999,16.809999,16.34,16.540001,332300,16.540001
2006-10-09,16.889999,16.889999,16.290001,16.610001,991300,16.610001
2006-10-06,15.33,16.299999,15.25,15.84,332600,15.84
2006-10-05,14.82,15.70,14.82,15.44,176000,15.44
2006-10-04,14.80,14.99,14.58,14.87,197700,14.87
2006-10-03,15.05,15.30,14.85,14.91,152400,14.91
2006-10-02,15.28,15.53,15.03,15.19,115600,15.19
2006-09-29,15.29,15.57,15.20,15.37,180000,15.37
2006-09-28,15.40,15.50,15.25,15.38,159900,15.38
2006-09-27,15.44,15.55,15.09,15.27,195000,15.27
2006-09-26,15.29,15.57,15.08,15.56,253300,15.56
2006-09-25,15.32,15.41,14.86,15.19,130000,15.19
2006-09-22,14.79,15.33,14.63,15.27,104300,15.27
2006-09-21,14.92,15.28,14.75,14.90,83900,14.90
2006-09-20,15.01,15.75,14.67,14.81,190500,14.81
2006-09-19,15.21,15.33,14.65,15.03,70900,15.03
2006-09-18,15.14,15.38,14.93,15.15,79300,15.15
2006-09-15,15.50,15.59,14.96,15.26,223200,15.26
2006-09-14,15.28,15.55,15.07,15.35,100100,15.35
2006-09-13,15.25,15.47,15.06,15.40,89300,15.40
2006-09-12,15.02,15.46,14.92,15.30,110300,15.30
2006-09-11,15.29,15.44,14.86,15.09,75400,15.09
2006-09-08,15.15,15.50,14.87,15.43,90600,15.43
2006-09-07,15.07,15.25,14.80,15.06,91000,15.06
2006-09-06,15.21,15.44,15.04,15.16,94200,15.16
2006-09-05,14.79,15.56,14.79,15.39,188200,15.39
2006-09-01,15.58,15.59,14.40,14.86,184700,14.86
2006-08-31,15.35,15.75,15.05,15.50,233800,15.50
2006-08-30,15.01,15.46,14.83,15.27,314100,15.27
2006-08-29,14.93,15.01,14.44,14.96,180100,14.96
2006-08-28,14.42,15.13,14.21,14.83,297500,14.83
2006-08-25,14.00,14.50,14.00,14.36,72500,14.36
2006-08-24,13.99,14.31,13.93,14.03,143000,14.03
2006-08-23,14.41,14.41,13.95,14.05,128900,14.05
2006-08-22,14.32,14.48,14.27,14.35,84000,14.35
2006-08-21,14.22,14.43,14.18,14.39,77300,14.39
2006-08-18,14.40,14.43,14.09,14.35,84700,14.35
2006-08-17,13.89,14.55,13.88,14.32,155000,14.32
2006-08-16,13.50,13.99,13.38,13.89,174600,13.89
2006-08-15,13.70,13.70,13.22,13.47,110200,13.47
2006-08-14,13.47,13.71,13.10,13.25,99200,13.25
2006-08-11,13.52,13.53,13.07,13.37,82600,13.37
2006-08-10,12.90,13.73,12.66,13.59,95900,13.59
2006-08-09,13.39,13.41,12.94,13.00,144900,13.00
2006-08-08,13.23,13.42,12.91,13.20,139300,13.20
2006-08-07,13.25,13.36,12.87,13.20,139400,13.20
2006-08-04,13.72,13.91,12.75,13.37,142100,13.37
2006-08-03,13.34,13.63,13.15,13.57,122600,13.57
2006-08-02,13.63,13.88,13.36,13.51,122800,13.51
2006-08-01,13.87,13.95,13.31,13.50,142500,13.50
2006-07-31,14.15,14.21,13.46,14.01,121400,14.01
2006-07-28,13.41,14.25,13.27,14.21,198000,14.21
2006-07-27,13.08,13.66,12.92,13.27,191600,13.27
2006-07-26,13.69,13.77,12.86,13.01,218100,13.01
2006-07-25,13.17,13.89,12.89,13.80,142100,13.80
2006-07-24,12.41,13.15,12.25,13.11,154100,13.11
2006-07-21,12.64,12.83,12.01,12.26,321400,12.26
2006-07-20,13.68,13.77,12.61,12.72,202000,12.72
2006-07-19,13.01,13.57,13.01,13.57,157700,13.57
2006-07-18,13.09,13.38,12.75,12.95,97900,12.95
2006-07-17,13.83,13.83,12.91,12.97,221500,12.97
2006-07-14,13.92,14.05,13.46,13.77,158400,13.77
2006-07-13,14.57,14.65,13.84,13.91,104400,13.91
2006-07-12,14.82,14.88,14.30,14.31,182900,14.31
2006-07-11,14.35,14.90,13.99,14.88,118400,14.88
2006-07-10,14.88,14.88,14.21,14.41,123900,14.41
2006-07-07,14.77,14.90,14.54,14.79,169500,14.79
2006-07-06,14.49,15.04,14.45,14.78,193300,14.78
2006-07-05,14.64,14.75,13.89,14.37,193600,14.37
2006-07-03,14.51,14.87,14.26,14.87,175200,14.87
2006-06-30,13.63,14.48,13.44,14.43,725700,14.43
2006-06-29,12.60,13.48,12.60,13.48,296100,13.48
2006-06-28,12.46,12.61,12.23,12.45,140800,12.45
2006-06-27,12.99,13.27,12.31,12.38,150200,12.38
2006-06-26,13.29,13.41,12.85,12.94,129000,12.94
2006-06-23,13.11,13.39,12.97,13.21,59200,13.21
2006-06-22,13.62,13.68,13.00,13.20,109000,13.20
2006-06-21,13.42,13.82,13.32,13.65,109000,13.65
2006-06-20,13.13,13.58,13.04,13.40,146200,13.40
2006-06-19,13.45,13.47,13.00,13.10,237100,13.10
2006-06-16,13.78,13.85,13.16,13.36,529900,13.36
2006-06-15,12.11,14.14,12.08,13.82,737900,13.82
2006-06-14,13.47,13.47,11.36,11.81,1430200,11.81
2006-06-13,13.98,14.24,13.19,13.23,265200,13.23
2006-06-12,14.58,14.88,13.99,13.99,153300,13.99
2006-06-09,14.81,15.24,14.44,14.62,127400,14.62
2006-06-08,14.79,14.85,14.20,14.71,222300,14.71
2006-06-07,14.67,15.65,14.64,14.90,238300,14.90
2006-06-06,14.51,15.08,14.37,14.67,205900,14.67
2006-06-05,14.80,15.09,14.60,14.61,429100,14.61
2006-06-02,15.69,15.78,14.81,14.93,290000,14.93
2006-06-01,15.88,15.96,14.72,15.69,638200,15.69
2006-05-31,13.39,16.59,13.31,15.97,1597900,15.97
2006-05-30,13.46,13.46,12.92,12.99,140400,12.99
2006-05-26,13.04,13.55,12.99,13.49,103600,13.49
2006-05-25,13.06,13.24,12.52,12.99,197800,12.99
2006-05-24,12.75,12.98,12.47,12.86,137300,12.86
2006-05-23,13.41,13.57,12.68,12.75,175300,12.75
2006-05-22,12.91,13.53,12.44,13.27,225300,13.27
2006-05-19,12.51,13.20,12.36,13.00,253100,13.00
2006-05-18,12.17,12.62,12.10,12.59,196400,12.59
2006-05-17,12.27,12.44,12.06,12.16,214900,12.16
2006-05-16,12.51,12.89,12.32,12.32,242300,12.32
2006-05-15,12.85,13.00,12.34,12.57,298900,12.57
2006-05-12,13.00,13.07,12.74,13.00,156200,13.00
2006-05-11,13.50,13.50,12.90,13.05,211800,13.05
2006-05-10,13.58,13.64,13.34,13.41,88700,13.41
2006-05-09,13.25,13.94,13.06,13.70,274600,13.70
2006-05-08,13.74,13.80,13.18,13.35,131700,13.35
2006-05-05,14.13,14.15,13.63,13.74,112300,13.74
2006-05-04,13.95,14.00,13.67,13.94,74500,13.94
2006-05-03,14.03,14.15,13.61,13.93,249400,13.93
2006-05-02,14.08,14.22,13.52,14.08,285900,14.08
2006-05-01,14.33,14.58,13.82,14.09,193100,14.09
2006-04-28,14.19,14.54,14.05,14.31,112700,14.31
2006-04-27,14.61,14.83,14.23,14.27,206000,14.27
2006-04-26,14.85,14.95,14.59,14.76,200500,14.76
2006-04-25,14.45,14.84,14.15,14.82,176500,14.82
2006-04-24,14.60,14.68,14.32,14.45,141900,14.45
2006-04-21,15.08,15.08,14.35,14.51,137200,14.51
2006-04-20,15.10,15.30,14.61,14.92,168300,14.92
2006-04-19,14.96,15.07,14.73,15.03,102200,15.03
2006-04-18,14.50,15.00,14.41,14.85,168100,14.85
2006-04-17,14.63,14.84,14.32,14.56,174400,14.56
2006-04-13,14.49,15.22,14.49,14.56,162200,14.56
2006-04-12,14.57,14.57,14.22,14.49,145800,14.49
2006-04-11,14.85,15.04,14.38,14.64,202600,14.64
2006-04-10,14.89,15.03,14.57,14.92,137600,14.92
2006-04-07,15.30,15.55,14.50,14.83,187500,14.83
2006-04-06,15.80,15.80,15.10,15.18,135800,15.18
2006-04-05,15.80,16.00,15.72,15.73,105400,15.73
2006-04-04,16.00,16.10,15.71,15.81,201500,15.81
2006-04-03,16.459999,16.49,15.86,15.95,317100,15.95
2006-03-31,16.200001,16.459999,16.00,16.459999,157600,16.459999
2006-03-30,15.96,16.27,15.71,16.120001,176700,16.120001
2006-03-29,15.65,16.559999,15.65,16.15,455300,16.15
2006-03-28,15.25,15.70,15.20,15.56,191800,15.56
2006-03-27,15.70,15.75,15.15,15.22,239700,15.22
2006-03-24,15.30,16.540001,15.30,15.76,856600,15.76
2006-03-23,14.52,14.80,14.36,14.41,122800,14.41
2006-03-22,14.45,14.87,14.44,14.52,140900,14.52
2006-03-21,14.71,14.75,14.28,14.45,221200,14.45
2006-03-20,15.49,15.49,14.51,14.71,299400,14.71
2006-03-17,15.84,15.84,15.36,15.41,225700,15.41
2006-03-16,15.98,16.07,15.54,15.75,69700,15.75
2006-03-15,15.98,15.98,15.68,15.82,83600,15.82
2006-03-14,15.40,16.00,15.40,15.94,112300,15.94
2006-03-13,15.48,15.87,15.19,15.51,99100,15.51
2006-03-10,15.40,15.85,15.22,15.47,98700,15.47
2006-03-09,15.55,15.88,15.31,15.35,120000,15.35
2006-03-08,15.49,15.69,15.29,15.47,238400,15.47
2006-03-07,15.90,16.00,15.07,15.67,172000,15.67
2006-03-06,16.75,16.75,15.75,15.88,658900,15.88
2006-03-03,16.90,17.08,16.51,16.68,155500,16.68
2006-03-02,17.00,17.08,16.65,16.98,186300,16.98
2006-03-01,16.389999,17.00,16.15,16.99,381700,16.99
2006-02-28,16.34,16.549999,16.16,16.26,158200,16.26
2006-02-27,16.129999,16.549999,16.030001,16.50,159000,16.50
2006-02-24,16.129999,16.129999,15.69,15.97,86600,15.97
2006-02-23,15.88,16.24,15.86,16.040001,191700,16.040001
2006-02-22,16.40,16.40,15.43,15.98,520300,15.98
2006-02-21,16.379999,16.440001,15.90,16.370001,267700,16.370001
2006-02-17,16.27,16.50,15.85,16.25,367400,16.25
2006-02-16,15.74,16.200001,15.71,16.200001,254700,16.200001
2006-02-15,15.14,15.96,15.14,15.74,349400,15.74
2006-02-14,15.35,15.39,14.78,15.14,337300,15.14
2006-02-13,16.00,16.209999,15.21,15.39,357600,15.39
2006-02-10,16.280001,16.360001,15.38,16.17,591300,16.17
2006-02-09,16.440001,16.799999,16.049999,16.469999,738100,16.469999
2006-02-08,17.00,17.00,16.25,16.450001,295400,16.450001
2006-02-07,16.700001,16.91,16.549999,16.719999,329400,16.719999
2006-02-06,16.41,16.879999,16.35,16.639999,239800,16.639999
2006-02-03,16.43,16.51,16.09,16.42,184500,16.42
2006-02-02,16.219999,16.50,15.87,16.49,177400,16.49
2006-02-01,16.280001,16.50,16.049999,16.219999,426700,16.219999
2006-01-31,16.469999,16.49,16.030001,16.25,216500,16.25
2006-01-30,16.280001,16.50,15.90,16.41,354700,16.41
2006-01-27,16.00,16.50,15.37,16.360001,582000,16.360001
2006-01-26,16.25,16.76,16.10,16.639999,195100,16.639999
2006-01-25,15.22,16.42,14.99,16.370001,493000,16.370001
2006-01-24,15.40,15.46,14.98,15.10,358400,15.10
2006-01-23,15.62,15.62,15.00,15.29,139700,15.29
2006-01-20,15.00,15.91,14.85,15.48,566700,15.48
2006-01-19,14.27,15.08,14.00,14.80,598600,14.80
2006-01-18,13.81,13.99,13.40,13.90,347200,13.90
2006-01-17,14.71,14.78,13.93,13.95,255900,13.95
2006-01-13,14.89,15.00,13.87,14.67,364500,14.67
2006-01-12,12.97,15.10,12.95,14.76,567400,14.76
2006-01-11,12.94,13.02,12.78,12.90,175500,12.90
2006-01-10,12.61,12.91,12.60,12.84,212700,12.84
2006-01-09,12.19,12.94,12.16,12.75,580900,12.75
2006-01-06,12.21,12.21,11.93,12.10,177700,12.10
2006-01-05,12.28,12.30,11.87,11.95,200100,11.95
2006-01-04,12.20,12.33,12.15,12.22,220700,12.22
2006-01-03,12.13,12.30,11.93,12.13,270400,12.13
2005-12-30,11.83,12.20,11.50,12.12,294100,12.12
2005-12-29,11.85,12.35,11.72,11.92,232800,11.92
2005-12-28,12.18,12.24,11.72,11.94,228800,11.94
2005-12-27,12.57,12.66,12.15,12.18,100100,12.18
2005-12-23,12.64,12.65,12.44,12.57,70300,12.57
2005-12-22,12.44,12.83,12.43,12.70,128800,12.70
2005-12-21,12.23,12.52,12.19,12.50,241000,12.50
2005-12-20,12.24,12.58,12.18,12.26,228200,12.26
2005-12-19,12.50,12.50,12.15,12.15,193400,12.15
2005-12-16,12.54,12.58,12.34,12.39,408700,12.39
2005-12-15,12.81,12.81,12.45,12.50,313100,12.50
2005-12-14,12.39,12.73,12.39,12.55,329500,12.55
2005-12-13,12.89,12.89,12.10,12.36,355900,12.36
2005-12-12,12.89,13.13,12.65,12.75,566200,12.75
2005-12-09,12.49,12.70,12.35,12.41,294600,12.41
2005-12-08,12.54,12.77,12.25,12.38,357400,12.38
2005-12-07,12.50,12.60,12.35,12.45,204400,12.45
2005-12-06,12.92,13.19,12.58,12.59,299900,12.59
2005-12-05,12.61,13.18,12.61,12.81,214300,12.81
2005-12-02,12.50,12.84,12.17,12.80,468900,12.80
2005-12-01,12.80,12.93,12.08,12.29,410000,12.29
2005-11-30,12.85,12.95,12.51,12.74,920000,12.74
2005-11-29,12.29,13.00,12.25,12.82,597600,12.82
2005-11-28,13.61,13.61,11.51,12.13,1911900,12.13
2005-11-25,13.70,13.70,13.47,13.55,45700,13.55
2005-11-23,14.05,14.05,13.63,13.63,135800,13.63
2005-11-22,14.21,14.22,13.87,13.96,172200,13.96
2005-11-21,13.78,14.34,13.70,14.31,179200,14.31
2005-11-18,14.21,14.21,13.80,13.88,161900,13.88
2005-11-17,14.15,14.46,13.83,13.98,172700,13.98
2005-11-16,14.75,14.75,13.85,13.99,169900,13.99
2005-11-15,14.64,14.75,14.55,14.64,176000,14.64
2005-11-14,14.83,14.93,14.41,14.70,116700,14.70
2005-11-11,14.41,14.90,14.31,14.83,159000,14.83
2005-11-10,14.00,14.37,13.85,14.22,214800,14.22
2005-11-09,14.73,14.73,13.85,13.96,286000,13.96
2005-11-08,14.99,14.99,14.37,14.60,171200,14.60
2005-11-07,14.88,15.08,14.67,14.96,98900,14.96
2005-11-04,14.67,15.71,14.66,14.90,1252000,14.90
2005-11-03,15.50,15.85,15.28,15.75,812900,15.75
2005-11-02,14.74,15.44,14.66,15.25,418700,15.25
2005-11-01,14.25,14.59,14.19,14.53,273400,14.53
2005-10-31,14.12,14.80,14.04,14.25,230300,14.25
2005-10-28,13.37,14.17,13.37,13.99,204200,13.99
2005-10-27,13.34,13.54,13.22,13.27,96600,13.27
2005-10-26,13.76,13.76,13.30,13.47,132500,13.47
2005-10-25,13.89,14.20,13.35,13.69,237100,13.69
2005-10-24,13.40,14.83,13.40,14.00,627600,14.00
2005-10-21,13.05,13.59,12.82,13.33,372700,13.33
2005-10-20,13.50,14.60,12.81,12.99,305600,12.99
2005-10-19,12.96,13.42,12.41,13.40,574600,13.40
2005-10-18,13.70,13.76,12.93,13.04,237000,13.04
2005-10-17,14.00,14.07,13.73,13.80,214100,13.80
2005-10-14,13.95,14.38,13.90,14.10,263700,14.10
2005-10-13,13.90,14.17,13.89,14.00,191300,14.00
2005-10-12,13.99,14.13,13.81,13.97,423000,13.97
2005-10-11,14.33,14.39,14.02,14.13,243300,14.13
2005-10-10,14.58,14.75,14.04,14.40,92000,14.40
2005-10-07,14.38,15.13,14.04,14.58,481500,14.58
2005-10-06,14.63,14.79,14.00,14.49,475900,14.49
2005-10-05,15.99,15.99,14.70,14.81,762800,14.81
2005-10-04,16.34,16.549999,15.59,15.91,274600,15.91
2005-10-03,16.91,17.049999,16.360001,16.389999,261800,16.389999
2005-09-30,16.50,17.059999,16.40,17.030001,80200,17.030001
2005-09-29,17.09,17.24,16.40,16.440001,312100,16.440001
2005-09-28,18.01,18.24,17.110001,17.24,377200,17.24
2005-09-27,17.969999,18.25,17.84,17.879999,56300,17.879999
2005-09-26,17.799999,18.360001,17.799999,18.23,64800,18.23
2005-09-23,17.860001,18.290001,17.75,17.860001,341800,17.860001
2005-09-22,17.790001,18.139999,17.700001,17.99,90000,17.99
2005-09-21,18.15,18.780001,17.85,17.889999,212800,17.889999
2005-09-20,18.84,18.940001,18.129999,18.309999,510600,18.309999
2005-09-19,18.360001,18.98,18.360001,18.790001,171100,18.790001
2005-09-16,18.10,18.59,18.08,18.40,243000,18.40
2005-09-15,18.15,18.40,17.620001,17.99,247500,17.99
2005-09-14,17.780001,18.120001,17.780001,17.91,546200,17.91
2005-09-13,17.82,18.18,17.610001,17.790001,195000,17.790001
2005-09-12,18.129999,18.17,17.16,17.92,226700,17.92
2005-09-09,18.82,19.02,17.82,18.08,177800,18.08
2005-09-08,18.90,19.120001,18.67,18.91,156100,18.91
2005-09-07,19.48,19.50,18.620001,18.969999,284100,18.969999
2005-09-06,19.50,19.690001,18.85,19.50,414800,19.50
2005-09-02,17.84,18.559999,17.709999,18.120001,179000,18.120001
2005-09-01,17.32,17.870001,17.200001,17.74,109700,17.74
2005-08-31,16.700001,17.799999,16.700001,17.450001,162100,17.450001
2005-08-30,16.50,17.02,16.09,16.780001,197300,16.780001
2005-08-29,17.18,17.200001,16.23,16.83,288800,16.83
2005-08-26,17.610001,18.00,17.25,17.40,161700,17.40
2005-08-25,17.690001,18.02,17.52,17.799999,135800,17.799999
2005-08-24,17.98,18.639999,17.75,17.85,157100,17.85
2005-08-23,18.059999,18.18,17.85,18.049999,249500,18.049999
2005-08-22,18.040001,18.700001,17.75,18.17,93300,18.17
2005-08-19,17.950001,18.469999,17.60,18.16,105100,18.16
2005-08-18,18.10,19.00,17.969999,18.02,164600,18.02
2005-08-17,18.24,18.549999,18.030001,18.299999,159300,18.299999
2005-08-16,19.00,19.200001,18.23,18.35,164900,18.35
2005-08-15,18.799999,19.35,18.799999,19.120001,100600,19.120001
2005-08-12,20.35,20.35,18.52,18.99,372700,18.99
2005-08-11,20.02,20.870001,20.02,20.450001,52100,20.450001
2005-08-10,19.879999,21.450001,19.549999,20.17,375000,20.17
2005-08-09,18.84,20.10,18.559999,19.809999,201100,19.809999
2005-08-08,19.07,19.50,18.559999,18.67,195100,18.67
2005-08-05,19.879999,20.10,18.809999,19.07,308400,19.07
2005-08-04,20.48,21.049999,19.799999,19.879999,261700,19.879999
2005-08-03,21.75,22.00,20.33,20.65,397300,20.65
2005-08-02,22.23,22.280001,21.77,22.110001,125200,22.110001
2005-08-01,22.049999,22.25,21.66,22.059999,244100,22.059999
2005-07-29,21.15,22.799999,20.200001,21.799999,359300,21.799999
2005-07-28,20.52,21.440001,20.10,20.99,135900,20.99
2005-07-27,20.549999,21.059999,20.309999,20.620001,201500,20.620001
2005-07-26,19.85,22.440001,19.59,20.549999,618500,20.549999
2005-07-25,19.32,19.799999,19.23,19.51,129300,19.51
2005-07-22,19.889999,19.889999,18.620001,19.32,190400,19.32
2005-07-21,19.60,20.00,19.10,19.74,270900,19.74
2005-07-20,18.790001,19.50,18.379999,19.50,168900,19.50
2005-07-19,17.950001,19.24,17.75,18.809999,425300,18.809999
2005-07-18,16.50,17.969999,16.50,17.77,452500,17.77
2005-07-15,16.84,16.959999,16.01,16.25,331800,16.25
2005-07-14,17.700001,18.00,16.59,16.92,192300,16.92
2005-07-13,18.90,19.00,17.209999,17.85,318900,17.85
2005-07-12,18.76,18.950001,18.60,18.709999,134900,18.709999
2005-07-11,18.50,19.74,18.34,18.68,286700,18.68
2005-07-08,17.700001,17.99,17.50,17.959999,129300,17.959999
2005-07-07,17.389999,17.75,16.76,17.60,259900,17.60
2005-07-06,18.35,18.43,16.549999,17.370001,565700,17.370001
2005-07-05,17.00,18.60,16.940001,18.00,262800,18.00
2005-07-01,16.59,17.15,16.530001,16.85,137000,16.85
2005-06-30,16.309999,16.530001,16.10,16.51,118000,16.51
2005-06-29,16.15,16.219999,15.95,16.10,103300,16.10
2005-06-28,16.10,16.309999,15.95,16.10,158400,16.10
2005-06-27,16.50,16.50,15.91,16.10,126400,16.10
2005-06-24,16.00,16.84,15.91,16.450001,1366700,16.450001
2005-06-23,15.71,15.96,15.40,15.90,81600,15.90
2005-06-22,15.35,15.97,15.35,15.59,81400,15.59
2005-06-21,15.49,15.99,15.25,15.31,99500,15.31
2005-06-20,15.54,16.049999,15.14,15.61,138000,15.61
2005-06-17,14.68,16.120001,14.68,15.89,295100,15.89
2005-06-16,14.86,15.04,14.72,14.99,105000,14.99
2005-06-15,14.99,15.04,14.70,14.86,169600,14.86
2005-06-14,15.00,15.00,14.75,14.92,73500,14.92
2005-06-13,14.90,14.95,14.86,14.92,60100,14.92
2005-06-10,15.02,15.02,14.85,14.94,67100,14.94
2005-06-09,15.05,15.05,14.87,14.98,99500,14.98
2005-06-08,15.20,15.20,14.97,14.98,71200,14.98
2005-06-07,14.20,15.17,14.20,14.94,163900,14.94
2005-06-06,15.10,15.24,14.22,14.39,371700,14.39
2005-06-03,15.06,15.36,14.97,15.22,255300,15.22
2005-06-02,15.00,15.24,14.82,15.05,151100,15.05
2005-06-01,13.90,15.47,13.64,15.15,454500,15.15
2005-05-31,13.30,13.83,13.05,13.83,211400,13.83
2005-05-27,13.10,13.35,12.82,13.09,165700,13.09
2005-05-26,12.71,13.20,12.71,12.92,265300,12.92
2005-05-25,12.85,12.85,12.65,12.75,124700,12.75
2005-05-24,13.00,13.00,12.37,12.85,81100,12.85
2005-05-23,12.86,13.00,12.74,12.90,118800,12.90
2005-05-20,12.95,13.00,12.77,12.80,103900,12.80
2005-05-19,12.60,12.82,12.54,12.82,143700,12.82
2005-05-18,12.47,12.56,12.35,12.55,85600,12.55
2005-05-17,12.75,12.75,12.15,12.34,205100,12.34
2005-05-16,12.86,12.86,12.42,12.66,105400,12.66
2005-05-13,12.51,12.86,12.51,12.85,110300,12.85
2005-05-12,12.75,12.80,12.50,12.70,155500,12.70
2005-05-11,12.68,12.75,12.50,12.68,78100,12.68
2005-05-10,12.47,12.82,12.22,12.59,182400,12.59
2005-05-09,11.96,12.63,11.70,12.40,263300,12.40
2005-05-06,11.70,11.94,11.56,11.88,97000,11.88
2005-05-05,11.70,11.95,11.60,11.70,162000,11.70
2005-05-04,11.30,11.82,11.26,11.70,98300,11.70
2005-05-03,11.81,11.81,11.25,11.45,179500,11.45
2005-05-02,11.40,11.80,11.40,11.73,55500,11.73
2005-04-29,11.75,11.75,11.25,11.67,63600,11.67
2005-04-28,11.75,11.75,11.66,11.72,59000,11.72
2005-04-27,11.68,11.75,11.57,11.67,86000,11.67
2005-04-26,11.55,11.85,11.55,11.75,126400,11.75
2005-04-25,11.76,11.90,11.50,11.78,139200,11.78
2005-04-22,11.65,12.07,11.50,11.70,112400,11.70
2005-04-21,11.85,11.85,11.17,11.48,192200,11.48
2005-04-20,10.83,11.70,10.28,11.11,430300,11.11
2005-04-19,10.44,10.81,10.18,10.57,285300,10.57
2005-04-18,11.70,11.70,9.99,10.12,831100,10.12
2005-04-15,12.75,12.75,11.53,11.54,284400,11.54
2005-04-14,12.60,12.75,12.50,12.75,250700,12.75
2005-04-13,12.50,12.58,12.30,12.48,97800,12.48
2005-04-12,12.50,12.50,11.69,12.40,539800,12.40
2005-04-11,12.40,12.50,12.20,12.43,166700,12.43
2005-04-08,12.79,12.79,12.34,12.43,184100,12.43
2005-04-07,12.49,12.50,12.32,12.47,321800,12.47
2005-04-06,12.89,12.90,12.27,12.45,470900,12.45
2005-04-05,11.84,12.04,11.84,11.91,162900,11.91
2005-04-04,11.79,11.90,11.59,11.86,91000,11.86
2005-04-01,12.01,12.31,11.52,11.69,70000,11.69
2005-03-31,12.00,12.00,11.82,11.91,56100,11.91
2005-03-30,11.65,12.00,11.45,11.93,210000,11.93
2005-03-29,12.69,12.69,11.40,11.74,313500,11.74
2005-03-28,12.77,12.84,12.41,12.49,81000,12.49
2005-03-24,12.69,12.72,12.22,12.56,94300,12.56
2005-03-23,12.29,12.69,12.08,12.53,346600,12.53
2005-03-22,12.39,12.39,11.98,12.18,97600,12.18
2005-03-21,12.28,12.70,11.97,12.06,114800,12.06
2005-03-18,12.04,12.57,12.04,12.40,323000,12.40
2005-03-17,11.91,12.18,11.76,12.03,150000,12.03
2005-03-16,11.81,12.11,11.68,11.98,133100,11.98
2005-03-15,12.18,12.23,11.80,11.97,65900,11.97
2005-03-14,11.70,12.05,11.30,11.93,252300,11.93
2005-03-11,11.95,12.10,11.80,12.05,210600,12.05
2005-03-10,12.61,12.61,11.70,11.91,452800,11.91
2005-03-09,12.90,12.90,12.25,12.55,254000,12.55
2005-03-08,13.03,13.10,12.55,12.68,673300,12.68
2005-03-07,12.90,13.24,12.45,12.87,1415400,12.87
2005-03-04,12.45,12.65,11.33,11.95,1542400,11.95
2005-03-03,13.08,13.73,11.97,12.53,1701100,12.53
2005-03-02,11.16,11.44,11.08,11.30,58700,11.30
2005-03-01,11.34,11.49,11.04,11.12,196200,11.12
2005-02-28,11.00,11.50,10.90,11.03,159300,11.03
2005-02-25,11.04,11.20,10.90,10.91,132000,10.91
2005-02-24,11.84,11.89,10.67,11.14,329600,11.14
2005-02-23,11.30,12.04,11.11,11.60,185100,11.60
2005-02-22,11.20,11.50,11.15,11.30,82800,11.30
2005-02-18,11.45,11.48,11.00,11.45,136100,11.45
2005-02-17,10.72,11.60,10.70,11.44,559000,11.44
2005-02-16,10.25,10.81,10.08,10.58,401100,10.58
2005-02-15,10.00,10.23,9.90,9.99,286400,9.99
2005-02-14,9.73,9.98,9.68,9.92,145300,9.92
2005-02-11,9.48,9.97,9.45,9.80,379300,9.80
2005-02-10,9.39,9.80,9.32,9.72,196600,9.72
2005-02-09,9.28,9.28,9.16,9.25,139700,9.25
2005-02-08,9.25,9.33,9.13,9.25,229300,9.25
2005-02-07,9.05,9.30,9.04,9.14,463200,9.14
2005-02-04,9.35,9.35,9.00,9.01,124200,9.01
2005-02-03,9.10,9.15,9.08,9.12,246900,9.12
2005-02-02,9.05,9.16,9.00,9.11,314400,9.11
2005-02-01,8.99,9.23,8.97,9.05,149200,9.05
2005-01-31,9.00,9.09,8.85,9.00,50200,9.00
2005-01-28,8.99,9.00,8.85,9.00,69300,9.00
2005-01-27,8.95,9.00,8.81,8.95,85300,8.95
2005-01-26,9.00,9.05,8.55,8.95,263300,8.95
2005-01-25,9.25,9.25,8.90,9.10,376500,9.10
2005-01-24,9.23,9.23,8.95,9.13,484500,9.13
2005-01-21,9.00,9.48,8.83,8.89,565500,8.89
2005-01-20,8.85,8.92,8.60,8.80,2233700,8.80
2005-01-19,8.80,8.80,8.60,8.74,72200,8.74
2005-01-18,8.70,8.79,8.50,8.60,1109400,8.60
2005-01-14,8.64,8.74,8.45,8.60,217900,8.60
2005-01-13,8.59,8.64,8.47,8.61,267900,8.61
2005-01-12,8.50,8.68,8.50,8.61,72300,8.61
2005-01-11,8.79,8.79,8.55,8.60,54700,8.60
2005-01-10,8.65,8.75,8.57,8.65,109900,8.65
2005-01-07,8.72,8.75,8.60,8.67,163400,8.67
2005-01-06,8.50,9.01,8.45,8.65,920100,8.65
2005-01-05,7.95,8.55,7.91,8.50,813500,8.50
2005-01-04,8.50,8.63,8.06,8.21,202800,8.21
2005-01-03,8.47,8.60,8.25,8.52,336600,8.52
2004-12-31,8.49,8.55,8.24,8.28,50500,8.28
2004-12-30,8.32,8.60,8.32,8.45,115400,8.45
2004-12-29,8.54,8.77,8.31,8.32,54800,8.32
2004-12-28,8.71,8.71,8.50,8.60,61100,8.60
2004-12-27,8.65,8.74,8.65,8.66,60500,8.66
2004-12-23,8.71,8.75,8.54,8.65,107800,8.65
2004-12-22,8.75,8.94,8.59,8.72,98200,8.72
2004-12-21,8.74,9.04,8.51,8.90,316100,8.90
2004-12-20,9.50,9.50,8.52,8.52,448900,8.52
2004-12-17,9.74,9.77,9.59,9.77,8100,9.77
2004-12-16,10.00,10.14,9.57,9.61,79200,9.61
2004-12-15,10.14,10.14,9.81,9.89,64000,9.89
2004-12-14,9.26,9.72,9.26,9.72,33200,9.72
2004-12-13,9.60,9.63,9.26,9.45,23700,9.45
2004-12-10,9.41,9.80,9.41,9.63,44400,9.63
2004-12-09,9.70,9.85,9.49,9.79,97300,9.79
2004-12-08,9.90,10.20,9.76,9.81,67900,9.81
2004-12-07,10.62,10.90,10.27,10.29,84300,10.29
2004-12-06,11.44,11.44,10.64,10.79,40400,10.79
2004-12-03,11.24,11.40,10.75,10.87,56300,10.87
2004-12-02,10.99,11.75,10.99,11.50,59700,11.50
2004-12-01,9.95,11.00,9.86,10.98,74300,10.98
2004-11-30,9.95,10.30,9.81,9.90,21700,9.90
2004-11-29,9.82,10.36,9.82,10.00,61700,10.00
2004-11-26,9.30,9.82,9.30,9.80,8300,9.80
2004-11-24,10.09,10.10,9.25,9.60,30000,9.60
2004-11-23,9.90,10.10,9.43,9.93,33700,9.93
2004-11-22,10.24,10.24,9.68,10.06,43800,10.06
2004-11-19,9.97,10.15,9.50,10.10,14700,10.10
2004-11-18,10.15,10.15,10.00,10.01,26500,10.01
2004-11-17,9.50,10.10,9.43,10.00,47300,10.00
2004-11-16,10.00,10.00,9.44,9.54,6100,9.54
2004-11-15,9.25,10.00,9.00,10.00,25100,10.00
2004-11-12,9.20,9.39,9.20,9.30,52300,9.30
2004-11-11,9.25,9.25,9.04,9.04,11900,9.04
2004-11-10,9.00,9.16,9.00,9.14,8200,9.14
2004-11-09,9.15,9.20,8.95,9.00,91800,9.00
2004-11-08,9.55,9.58,9.08,9.23,26100,9.23
2004-11-05,9.90,9.95,9.57,9.66,17800,9.66
2004-11-04,10.00,10.10,9.84,9.84,154000,9.84
2004-11-03,10.25,10.25,9.80,9.93,130200,9.93
2004-11-02,10.20,10.83,10.12,10.12,122200,10.12
2004-11-01,9.80,10.10,9.80,10.10,49900,10.10
2004-10-29,10.10,10.54,9.90,9.92,163300,9.92
2004-10-28,9.98,10.19,9.62,10.06,87300,10.06
2004-10-27,9.79,10.23,9.50,9.91,155400,9.91
2004-10-26,9.75,9.75,9.51,9.55,46800,9.55
2004-10-25,9.60,9.60,9.20,9.50,25800,9.50
2004-10-22,9.40,9.85,9.25,9.30,22500,9.30
2004-10-21,9.74,9.74,9.25,9.40,10100,9.40
2004-10-20,9.45,9.80,9.05,9.73,22900,9.73
2004-10-19,9.85,9.85,9.40,9.50,19700,9.50
2004-10-18,10.00,10.00,9.71,9.75,62900,9.75
2004-10-15,9.46,10.18,9.41,9.75,33500,9.75
2004-10-14,9.65,9.65,9.40,9.45,7200,9.45
2004-10-13,10.20,10.20,9.57,9.70,48400,9.70
2004-10-12,9.25,10.30,9.22,9.95,240900,9.95
2004-10-11,9.45,9.55,9.15,9.40,21100,9.40
2004-10-08,9.49,9.50,9.15,9.50,17300,9.50
2004-10-07,9.50,9.50,8.95,9.50,87700,9.50
2004-10-06,9.29,10.00,9.05,9.45,138000,9.45
2004-10-05,8.98,9.30,8.98,9.30,7200,9.30
2004-10-04,9.00,9.15,8.80,9.00,59700,9.00
2004-10-01,9.07,9.07,8.80,8.97,149500,8.97
2004-09-30,9.30,9.95,8.97,9.00,165000,9.00
2004-09-29,8.70,9.44,8.55,9.30,29200,9.30
2004-09-28,8.16,8.70,8.04,8.70,11000,8.70
2004-09-27,9.10,9.10,8.03,8.03,39700,8.03
2004-09-24,8.90,9.25,8.78,9.00,23600,9.00
2004-09-23,9.65,9.65,8.75,8.90,31800,8.90
2004-09-22,9.05,9.75,9.05,9.50,79900,9.50
2004-09-21,8.86,9.07,8.21,9.07,66400,9.07
2004-09-20,8.35,8.60,8.30,8.37,47100,8.37
2004-09-17,8.00,8.44,7.51,8.18,66200,8.18
2004-09-16,8.10,8.11,7.60,7.75,64400,7.75
2004-09-15,7.86,8.36,7.86,7.96,103600,7.96
2004-09-14,8.06,8.30,7.61,7.74,55500,7.74
2004-09-13,7.60,8.05,7.60,8.05,41400,8.05
2004-09-10,7.51,7.75,7.25,7.75,45600,7.75
2004-09-09,7.07,7.60,7.03,7.40,48900,7.40
2004-09-08,6.53,7.25,6.40,6.95,62200,6.95
2004-09-07,6.82,6.87,6.48,6.54,10700,6.54
2004-09-03,6.82,7.20,6.47,6.82,102800,6.82
2004-09-02,6.50,6.50,6.41,6.42,17400,6.42
2004-09-01,6.50,6.55,6.42,6.50,16200,6.50
2004-08-31,6.49,6.50,6.47,6.50,2100,6.50
2004-08-30,6.50,6.50,6.47,6.47,900,6.47
2004-08-27,6.50,6.50,6.42,6.49,7400,6.49
2004-08-26,6.50,6.50,6.40,6.50,27500,6.50
2004-08-25,6.30,6.50,6.30,6.49,12300,6.49
2004-08-24,6.50,6.50,6.27,6.40,14000,6.40
2004-08-23,6.42,6.62,6.40,6.50,22100,6.50
2004-08-20,5.71,6.50,5.65,6.50,45800,6.50
2004-08-19,6.50,6.51,6.45,6.50,23100,6.50
2004-08-18,6.66,6.89,6.55,6.56,36500,6.56
2004-08-17,6.59,6.70,6.47,6.60,35300,6.60
2004-08-16,6.51,6.58,6.32,6.48,17700,6.48
2004-08-13,5.61,6.48,5.60,6.38,20400,6.38
2004-08-12,6.40,6.65,5.20,5.65,41400,5.65
2004-08-11,6.44,6.55,6.40,6.45,23100,6.45
2004-08-10,6.55,6.70,6.35,6.44,26500,6.44
2004-08-09,6.50,6.79,6.30,6.45,58200,6.45
2004-08-06,6.44,6.50,6.21,6.21,18400,6.21
2004-08-05,6.49,6.60,6.39,6.42,19200,6.42
2004-08-04,6.70,6.70,6.49,6.59,33300,6.59
2004-08-03,6.65,6.84,6.55,6.68,58700,6.68
2004-08-02,6.75,6.86,6.34,6.54,40900,6.54
2004-07-30,6.24,6.24,6.03,6.04,17500,6.04
2004-07-29,6.33,6.40,6.18,6.30,70200,6.30
2004-07-28,6.33,6.50,6.33,6.34,81500,6.34
2004-07-27,6.18,6.50,6.11,6.36,22400,6.36
2004-07-26,6.48,6.48,6.01,6.30,48200,6.30
2004-07-23,6.90,6.90,6.32,6.45,82300,6.45
2004-07-22,6.08,7.75,6.00,7.26,147700,7.26
2004-07-21,6.04,6.10,6.00,6.08,30400,6.08
2004-07-20,6.00,6.18,6.00,6.10,76500,6.10
2004-07-19,6.20,6.20,6.00,6.00,39600,6.00
2004-07-16,6.33,6.33,6.13,6.20,36100,6.20
2004-07-15,6.13,6.17,6.00,6.06,158800,6.06
2004-07-14,6.05,6.40,6.05,6.28,49700,6.28
2004-07-13,6.10,6.70,6.08,6.08,58700,6.08
2004-07-12,6.05,6.30,6.05,6.10,21500,6.10
2004-07-09,6.15,6.50,6.05,6.08,43600,6.08
2004-07-08,6.20,6.20,6.00,6.15,89700,6.15
2004-07-07,6.15,6.20,6.05,6.20,28100,6.20
2004-07-06,6.30,6.30,6.00,6.00,42000,6.00
2004-07-02,6.15,6.70,6.01,6.25,34200,6.25
2004-07-01,6.23,6.28,6.13,6.17,23500,6.17
2004-06-30,6.20,6.25,6.01,6.25,13300,6.25
2004-06-29,6.18,6.20,6.00,6.20,72000,6.20
2004-06-28,6.10,6.10,5.95,6.00,218900,6.00
2004-06-25,6.02,6.10,6.00,6.04,200300,6.04
2004-06-24,6.10,6.45,6.00,6.02,211400,6.02
2004-06-23,6.70,6.85,6.01,6.15,277000,6.15
2004-06-22,6.45,7.70,6.30,6.75,1219200,6.75
